ASHM.L,20120824,343.20,343.30,326.10,331.50,1767200,0
ASHM.L,20120823,345.80,348.40,344.70,346.50,678600,0
ASHM.L,20120822,350.10,350.60,343.60,344.10,1078500,0
ASHM.L,20120821,355.20,355.30,349.00,352.00,1068300,0
ASHM.L,20120820,357.00,359.30,354.10,355.40,452200,0
ASHM.L,20120817,358.00,359.60,354.70,357.10,742600,0
ASHM.L,20120816,359.40,359.40,355.10,357.10,391800,0
ASHM.L,20120815,355.60,359.90,355.50,357.60,745600,0
ASHM.L,20120814,357.60,358.60,354.50,356.00,835400,0
ASHM.L,20120810,355.60,356.20,352.00,355.50,550500,0
ASHM.L,20120809,355.30,357.00,351.70,356.20,437100,0
ASHM.L,20120808,349.30,354.80,349.30,353.40,834800,0
ASHM.L,20120807,350.00,353.00,349.20,351.00,695900,0
ASHM.L,20120806,345.30,353.10,344.70,350.00,1093700,0
ASHM.L,20120803,330.20,347.40,330.20,346.10,704500,0
ASHM.L,20120802,330.00,335.40,327.40,330.00,572900,0
ASHM.L,20120801,324.00,331.40,324.00,330.70,564100,0
ASHM.L,20120731,330.60,330.60,323.70,323.70,1099100,0
ASHM.L,20120727,327.10,327.10,319.10,324.10,556400,0
ASHM.L,20120726,318.70,325.20,315.00,323.70,516200,0
ASHM.L,20120725,313.30,318.70,312.00,318.60,400000,0
ASHM.L,20120724,315.50,316.90,312.20,313.20,814300,0
ASHM.L,20120723,322.80,322.80,313.00,314.40,829900,0
ASHM.L,20120720,329.30,331.50,323.30,325.60,1173700,0
ASHM.L,20120719,330.60,332.50,326.60,329.90,904900,0
ASHM.L,20120718,331.10,337.70,328.20,330.30,2101200,0
ASHM.L,20120717,323.70,323.70,316.50,322.00,1425400,0
ASHM.L,20120716,321.60,322.20,317.60,322.10,1202700,0
ASHM.L,20120713,306.50,319.10,306.50,318.60,1402000,0
ASHM.L,20120712,320.00,320.00,300.30,307.80,4713000,0
ASHM.L,20120711,333.40,335.60,328.11,330.00,1544000,0
ASHM.L,20120710,333.00,336.40,332.40,334.10,1616100,0
ASHM.L,20120709,343.30,345.40,332.80,333.80,1657600,0
ASHM.L,20120706,351.20,352.00,343.50,344.00,937900,0
ASHM.L,20120705,352.40,353.50,347.70,352.30,682000,0
ASHM.L,20120704,349.40,356.00,349.30,352.10,454900,0
ASHM.L,20120703,351.70,355.50,350.40,350.40,764400,0
ASHM.L,20120702,350.30,354.90,349.60,353.30,900800,0
ASHM.L,20120629,344.20,350.30,343.20,348.50,569700,0
ASHM.L,20120628,335.40,337.70,332.90,336.00,696100,0
ASHM.L,20120627,334.20,335.70,330.20,334.40,686600,0
ASHM.L,20120626,335.20,337.40,331.20,332.50,727900,0
ASHM.L,20120625,338.90,340.00,334.00,334.00,720700,0
ASHM.L,20120622,345.00,345.00,338.60,339.80,462100,0
ASHM.L,20120621,348.60,351.00,346.30,346.60,683600,0
ASHM.L,20120620,342.80,351.00,341.10,350.80,920400,0
ASHM.L,20120619,342.50,346.00,336.80,341.70,1476300,0
ASHM.L,20120618,337.00,341.60,327.00,340.90,1470700,0
ASHM.L,20120615,347.20,349.30,330.80,331.00,3852500,0
ASHM.L,20120614,340.70,345.30,339.00,345.00,927800,0
ASHM.L,20120613,344.90,346.60,339.22,342.00,1153900,0
ASHM.L,20120612,342.10,344.40,339.30,342.50,983200,0
ASHM.L,20120611,349.40,350.50,341.20,343.10,740600,0
ASHM.L,20120608,344.20,345.90,340.10,343.40,623100,0
ASHM.L,20120607,343.10,350.00,340.60,345.60,961000,0
ASHM.L,20120606,330.10,342.90,330.10,341.30,1385800,0
ASHM.L,20120601,338.30,340.60,326.80,327.20,1048300,0
ASHM.L,20120531,332.30,339.30,332.20,339.30,2213700,0
ASHM.L,20120530,336.40,338.80,328.90,331.50,987300,0
ASHM.L,20120529,330.50,340.20,330.50,338.80,1100300,0
ASHM.L,20120528,329.40,333.90,327.70,329.60,656600,0
ASHM.L,20120525,326.80,329.70,323.20,325.70,661600,0
ASHM.L,20120524,325.00,327.30,321.80,325.40,1393900,0
ASHM.L,20120523,327.90,327.90,320.90,320.90,1401000,0
ASHM.L,20120522,327.60,334.20,325.60,332.60,901500,0
ASHM.L,20120521,322.40,327.50,320.10,324.50,1205400,0
ASHM.L,20120518,328.00,330.80,324.40,324.40,1236200,0
ASHM.L,20120517,343.50,343.50,328.50,331.80,1207200,0
ASHM.L,20120516,336.80,345.80,332.30,343.90,1294300,0
ASHM.L,20120514,352.10,352.10,348.00,348.80,860300,0
ASHM.L,20120511,357.50,357.70,349.60,356.10,962200,0
ASHM.L,20120510,353.10,360.50,351.40,360.30,1191800,0
ASHM.L,20120509,354.70,360.50,348.90,351.40,1384600,0
ASHM.L,20120508,366.20,370.80,353.60,354.40,1668200,0
ASHM.L,20120504,378.30,380.60,366.80,368.90,867900,0
ASHM.L,20120503,380.80,383.20,378.20,380.00,629500,0
ASHM.L,20120502,380.50,383.10,378.40,381.00,705800,0
ASHM.L,20120501,383.00,383.70,380.70,382.40,399900,0
ASHM.L,20120430,387.70,387.70,382.30,382.60,822600,0
ASHM.L,20120427,379.40,386.80,378.36,385.70,985900,0
ASHM.L,20120426,378.30,380.00,374.60,378.90,523200,0
ASHM.L,20120425,378.80,382.40,374.80,377.10,825200,0
ASHM.L,20120424,374.10,379.90,374.00,376.90,870100,0
ASHM.L,20120423,384.10,385.20,371.80,373.00,1263200,0
ASHM.L,20120420,390.10,392.60,384.60,385.70,1440900,0
ASHM.L,20120419,388.70,392.70,386.40,389.50,904000,0
ASHM.L,20120418,385.90,389.90,384.90,386.00,797600,0
ASHM.L,20120417,386.40,388.90,383.30,386.10,1847300,0
ASHM.L,20120416,384.90,390.40,382.10,387.70,1450500,0
ASHM.L,20120413,387.90,388.70,382.00,386.90,1299000,0
ASHM.L,20120412,386.00,392.50,386.00,389.40,1631500,0
ASHM.L,20120411,373.10,387.50,372.80,386.00,1615500,0
ASHM.L,20120410,380.20,382.40,375.00,375.00,1523700,0
ASHM.L,20120405,371.80,385.60,369.60,385.60,1880600,0
ASHM.L,20120404,376.40,377.60,362.60,366.70,1380700,0
ASHM.L,20120403,373.60,377.50,372.50,376.90,1040900,0
ASHM.L,20120402,367.40,374.00,364.20,373.70,1169900,0
ASHM.L,20120330,367.10,370.80,366.00,367.50,799900,0
ASHM.L,20120329,373.00,375.00,365.20,366.00,853100,0
ASHM.L,20120328,378.90,381.50,373.20,374.70,694900,0
ASHM.L,20120327,379.70,383.00,377.30,380.00,1134500,0
ASHM.L,20120326,378.60,381.80,377.00,378.50,893900,0
ASHM.L,20120323,365.80,378.80,365.80,377.10,1634900,0
ASHM.L,20120322,369.00,369.40,363.00,365.50,1545500,0
ASHM.L,20120321,369.80,373.20,367.80,370.00,935900,0
ASHM.L,20120320,372.10,375.60,367.60,368.30,869200,0
ASHM.L,20120319,377.00,377.60,372.40,374.10,1020700,0
ASHM.L,20120316,373.40,384.40,372.40,376.50,1613800,0
ASHM.L,20120315,378.50,384.40,370.60,372.20,1456100,0
ASHM.L,20120314,381.40,388.00,377.70,377.70,2037700,0
ASHM.L,20120313,382.40,387.90,379.50,380.70,1283200,0
ASHM.L,20120312,385.80,385.80,380.20,381.80,488500,0
ASHM.L,20120309,382.30,387.70,380.90,385.60,626500,0
ASHM.L,20120308,380.60,386.40,376.90,383.50,609200,0
ASHM.L,20120307,372.60,381.30,372.60,378.80,710400,0
ASHM.L,20120306,386.00,386.80,374.20,375.90,750500,0
ASHM.L,20120305,388.20,390.50,384.30,388.00,1165800,0
ASHM.L,20120302,391.30,395.00,389.60,392.30,507700,0
ASHM.L,20120301,386.60,395.30,383.54,392.50,891300,0
ASHM.L,20120229,394.50,396.90,385.66,385.80,983300,0
ASHM.L,20120228,398.10,398.60,392.10,395.50,766100,0
ASHM.L,20120227,397.00,399.70,392.40,396.10,996000,0
ASHM.L,20120224,397.30,400.00,393.40,395.50,1231600,0
ASHM.L,20120223,390.00,401.90,385.60,401.20,1237900,0
ASHM.L,20120222,391.60,393.10,383.40,386.50,1282500,0
ASHM.L,20120221,393.20,393.60,387.10,389.30,1277700,0
ASHM.L,20120220,396.00,396.00,390.90,392.60,651800,0
ASHM.L,20120217,392.30,396.20,384.99,390.60,1518500,0
ASHM.L,20120216,399.30,400.10,392.10,398.10,1121900,0
ASHM.L,20120215,394.90,406.00,393.20,402.70,1317700,0
ASHM.L,20120214,393.60,397.60,389.30,391.70,765200,0
ASHM.L,20120213,392.10,398.86,388.90,395.30,675000,0
ASHM.L,20120210,387.80,391.30,382.90,388.90,1331900,0
ASHM.L,20120209,390.30,392.70,385.60,388.30,1199100,0
ASHM.L,20120208,385.30,391.60,377.70,390.40,1988300,0
ASHM.L,20120207,387.70,388.50,383.10,383.30,588700,0
ASHM.L,20120206,388.10,390.50,384.80,388.60,1202500,0
ASHM.L,20120203,382.40,390.90,381.00,390.00,769700,0
ASHM.L,20120202,376.00,386.00,375.10,384.20,1182400,0
ASHM.L,20120201,372.30,377.00,372.30,375.30,1255300,0
ASHM.L,20120131,366.90,372.00,365.60,371.40,1966000,0
ASHM.L,20120130,366.10,367.20,362.70,364.70,1388000,0
ASHM.L,20120127,370.00,374.80,366.90,367.50,501100,0
ASHM.L,20120126,371.00,376.20,367.20,372.00,1884500,0
ASHM.L,20120125,363.70,382.10,359.40,370.00,2527500,0
ASHM.L,20120124,354.30,359.00,347.50,355.00,1195300,0
ASHM.L,20120123,360.00,365.10,357.30,363.60,529100,0
ASHM.L,20120120,358.30,361.70,357.20,359.10,890500,0
ASHM.L,20120119,350.50,357.60,348.40,356.90,1220100,0
ASHM.L,20120118,346.80,351.10,345.40,348.70,1252900,0
ASHM.L,20120117,351.20,351.50,345.70,346.10,1010700,0
ASHM.L,20120116,346.30,348.00,343.20,346.60,1017000,0
ASHM.L,20120113,342.60,357.70,342.60,347.00,1439200,0
ASHM.L,20120112,329.50,346.60,328.10,340.80,1030600,0
ASHM.L,20120111,321.00,325.90,321.00,325.90,879200,0
ASHM.L,20120110,317.20,321.30,314.00,320.40,934200,0
ASHM.L,20120109,321.10,322.00,313.50,314.50,953400,0
ASHM.L,20120106,327.80,329.43,317.20,321.30,1303700,0
ASHM.L,20120105,334.50,336.80,329.10,330.90,434500,0
ASHM.L,20120104,338.80,340.70,333.20,335.20,507300,0
ASHM.L,20120103,342.70,343.90,334.60,338.40,781500,0
ASHM.L,20111230,332.60,335.30,330.00,334.00,134900,0
ASHM.L,20111229,329.20,332.30,326.30,332.20,381100,0
ASHM.L,20111228,325.30,331.50,322.70,329.10,558100,0
ASHM.L,20111223,325.50,326.80,324.30,324.90,123100,0
ASHM.L,20111222,323.60,327.40,321.20,323.90,626300,0
ASHM.L,20111221,328.70,331.00,321.10,322.10,865300,0
ASHM.L,20111220,319.70,325.83,318.10,325.80,757300,0
ASHM.L,20111219,317.10,319.90,315.50,318.60,1104900,0
ASHM.L,20111216,323.20,326.80,316.20,319.10,2353200,0
ASHM.L,20111215,313.40,320.00,310.70,318.30,1543000,0
ASHM.L,20111214,322.00,322.20,309.10,312.00,2055900,0
ASHM.L,20111213,330.00,330.41,323.20,326.80,1301900,0
ASHM.L,20111212,340.00,341.40,327.50,327.50,997900,0
ASHM.L,20111209,335.20,343.10,334.90,340.00,1138600,0
ASHM.L,20111208,347.70,353.60,337.80,338.10,657900,0
ASHM.L,20111207,350.20,353.10,341.80,344.70,1139000,0
ASHM.L,20111206,345.50,349.70,344.20,348.70,1065200,0
ASHM.L,20111205,349.00,353.00,348.80,349.00,594500,0
ASHM.L,20111202,342.20,352.10,341.52,346.90,1243900,0
ASHM.L,20111201,338.60,343.10,335.20,338.30,1800900,0
ASHM.L,20111130,320.40,340.50,317.80,336.96,2207500,0
ASHM.L,20111129,325.10,329.30,320.10,323.70,1409400,0
ASHM.L,20111128,315.20,325.40,311.80,323.20,1119100,0
ASHM.L,20111125,311.60,312.90,307.80,310.70,1493100,0
ASHM.L,20111124,312.10,315.10,308.20,312.60,1078200,0
ASHM.L,20111123,319.20,314.01,307.96,309.60,2427900,0
ASHM.L,20111122,319.50,322.70,318.00,321.00,1103700,0
ASHM.L,20111121,327.00,328.00,316.60,318.20,1156200,0
ASHM.L,20111118,322.50,331.50,322.50,328.70,768100,0
ASHM.L,20111117,336.20,338.00,325.23,328.70,1010400,0
ASHM.L,20111116,340.50,343.50,332.90,337.00,1055100,0
ASHM.L,20111115,339.20,343.20,332.40,341.70,737500,0
ASHM.L,20111114,351.40,351.40,338.81,340.90,708200,0
ASHM.L,20111111,332.50,346.30,332.50,346.20,1591100,0
ASHM.L,20111110,324.20,336.20,324.20,333.10,1937600,0
ASHM.L,20111109,349.30,349.30,327.90,332.20,1702900,0
ASHM.L,20111108,338.50,347.10,338.00,345.40,1097000,0
ASHM.L,20111107,334.00,348.00,331.60,338.00,2260100,0
ASHM.L,20111104,333.80,336.70,326.20,335.60,1674600,0
ASHM.L,20111103,322.30,333.90,321.00,329.40,1609900,0
ASHM.L,20111102,325.00,332.10,321.10,325.90,1743700,0
ASHM.L,20111101,337.40,337.40,327.50,334.00,2337900,0
ASHM.L,20111031,360.70,360.70,345.00,347.50,1497800,0
ASHM.L,20111028,355.20,359.80,354.10,358.00,1907700,0
ASHM.L,20111027,332.20,356.90,331.50,349.71,4505000,0
ASHM.L,20111026,326.20,328.80,322.10,324.83,1986600,0
ASHM.L,20111025,324.20,330.20,323.00,328.80,1901400,0
ASHM.L,20111024,326.60,329.90,323.60,326.70,2292300,0
ASHM.L,20111021,319.00,326.50,315.80,326.00,1416200,0
ASHM.L,20111020,312.40,320.10,312.40,317.37,1276300,0
ASHM.L,20111019,315.60,323.80,315.60,317.80,2130000,0
ASHM.L,20111018,315.00,320.70,311.70,318.50,1389800,0
ASHM.L,20111017,328.60,334.00,317.50,320.60,1794900,0
ASHM.L,20111014,317.00,332.40,317.00,327.80,1889800,0
ASHM.L,20111013,323.40,328.35,307.00,311.82,5100300,0
ASHM.L,20111012,318.50,332.00,318.50,325.32,2160000,0
ASHM.L,20111011,326.90,326.90,314.40,320.80,2411500,0
ASHM.L,20111010,324.90,330.20,322.80,325.70,1271500,0
ASHM.L,20111007,326.30,328.80,317.00,325.00,1547100,0
ASHM.L,20111006,313.00,325.80,311.70,325.80,3499600,0
ASHM.L,20111005,313.30,313.30,307.70,312.50,2608300,0
ASHM.L,20111004,317.30,321.00,302.60,314.36,6520200,0
ASHM.L,20111003,317.20,324.00,310.30,322.90,1691000,0
ASHM.L,20110930,347.00,348.16,322.20,324.50,2856400,0
ASHM.L,20110929,349.30,354.20,347.10,350.00,1702300,0
ASHM.L,20110928,354.10,363.40,354.10,359.13,3185600,0
ASHM.L,20110927,348.60,356.10,344.80,352.00,4173900,0
ASHM.L,20110926,341.80,351.20,337.40,341.10,4880200,0
ASHM.L,20110923,360.00,360.30,337.80,352.57,6443200,0
ASHM.L,20110922,382.40,382.40,356.90,357.40,4305500,0
ASHM.L,20110921,407.30,407.30,389.70,391.60,1860800,0
ASHM.L,20110920,389.80,410.00,389.80,410.00,2480200,0
ASHM.L,20110919,395.10,400.00,388.50,388.50,2340800,0
ASHM.L,20110916,406.70,412.00,398.10,402.20,14642000,0
ASHM.L,20110915,390.10,412.20,390.10,404.00,2829400,0
ASHM.L,20110914,387.40,393.00,381.50,389.90,1979300,0
ASHM.L,20110913,399.00,399.00,371.30,385.00,4114500,0
ASHM.L,20110912,400.20,403.78,396.50,399.90,1411800,0
ASHM.L,20110909,419.90,420.00,409.30,410.30,1010600,0
ASHM.L,20110908,398.70,429.90,398.70,420.00,3030500,0
ASHM.L,20110907,406.20,406.20,398.40,400.90,1715900,0
ASHM.L,20110906,400.50,412.17,386.50,398.20,1719600,0
ASHM.L,20110905,405.30,411.50,400.90,404.40,919500,0
ASHM.L,20110902,400.90,411.80,396.90,411.10,1236400,0
ASHM.L,20110901,409.00,410.20,397.20,408.50,1292800,0
ASHM.L,20110831,387.00,404.40,384.20,401.86,2432800,0
ASHM.L,20110830,370.50,384.50,369.10,384.50,454000,0
ASHM.L,20110826,358.50,367.70,353.60,363.50,711900,0
ASHM.L,20110825,361.00,364.20,355.80,361.80,787800,0
ASHM.L,20110824,355.10,364.70,351.60,360.90,338100,0
ASHM.L,20110823,353.50,357.80,350.00,354.00,403400,0
ASHM.L,20110822,341.80,356.20,341.80,350.00,20000,0
ASHM.L,20110819,348.60,354.50,333.40,347.10,838900,0
ASHM.L,20110818,363.10,364.35,349.30,350.00,866700,0
ASHM.L,20110817,374.40,374.40,364.10,366.20,3498800,0
ASHM.L,20110816,376.20,379.40,371.10,377.30,374500,0
ASHM.L,20110815,389.00,389.00,379.20,379.90,522400,0
ASHM.L,20110812,369.10,384.90,360.90,378.60,990600,0
ASHM.L,20110811,373.50,378.10,355.10,365.40,1429200,0
ASHM.L,20110810,367.90,392.90,362.70,362.70,1707000,0
ASHM.L,20110809,342.30,360.20,322.70,360.20,1433900,0
ASHM.L,20110808,355.60,363.90,337.30,342.50,1253900,0
ASHM.L,20110805,365.90,368.30,347.90,356.40,1204800,0
ASHM.L,20110804,393.90,394.60,370.00,370.00,937000,0
ASHM.L,20110803,387.40,396.60,384.90,388.90,744100,0
ASHM.L,20110802,402.80,403.50,391.40,392.40,783000,0
ASHM.L,20110801,408.70,411.90,403.48,405.50,862400,0
ASHM.L,20110729,403.10,407.20,397.70,403.30,731500,0
ASHM.L,20110728,401.10,406.30,399.50,405.30,328300,0
ASHM.L,20110727,409.20,409.60,403.50,404.20,631400,0
ASHM.L,20110726,412.00,414.30,407.00,411.00,561500,0
ASHM.L,20110725,409.30,413.20,406.70,411.40,283300,0
ASHM.L,20110722,410.00,415.50,410.00,412.00,665000,0
ASHM.L,20110721,407.30,412.80,405.10,408.10,1207000,0
ASHM.L,20110720,404.20,410.40,403.90,404.79,1247900,0
ASHM.L,20110719,406.00,407.90,400.10,404.10,1067600,0
ASHM.L,20110718,404.40,409.10,401.10,404.00,752400,0
ASHM.L,20110715,410.00,410.80,404.80,408.50,970700,0
ASHM.L,20110714,397.00,412.60,397.00,408.00,1902400,0
ASHM.L,20110713,391.10,396.80,391.00,393.70,807800,0
ASHM.L,20110712,395.50,396.00,384.70,394.20,843900,0
ASHM.L,20110711,413.10,414.30,397.30,400.00,784700,0
ASHM.L,20110708,411.80,418.90,410.90,414.63,3155500,0
ASHM.L,20110707,405.00,413.60,404.40,413.40,1726000,0
ASHM.L,20110706,406.00,406.80,401.70,403.26,552700,0
ASHM.L,20110705,406.30,407.00,397.70,406.50,1116200,0
ASHM.L,20110704,405.10,407.40,403.00,406.50,552400,0
ASHM.L,20110701,399.50,405.00,397.00,404.50,1330500,0
ASHM.L,20110630,400.00,400.00,395.00,398.40,1445800,0
ASHM.L,20110629,385.00,400.90,384.63,399.90,1354800,0
ASHM.L,20110628,376.90,384.20,376.90,384.00,1027500,0
ASHM.L,20110627,376.60,380.40,372.80,375.90,791100,0
ASHM.L,20110624,383.10,384.10,376.00,377.00,976500,0
ASHM.L,20110623,381.70,386.50,378.00,379.00,915800,0
ASHM.L,20110622,383.00,386.90,381.20,383.80,1321500,0
ASHM.L,20110621,380.80,385.00,378.00,383.90,1219700,0
ASHM.L,20110620,384.90,384.90,378.00,380.00,1170700,0
ASHM.L,20110617,380.20,391.70,375.50,388.00,2724900,0
ASHM.L,20110616,392.10,393.00,374.20,381.20,1357800,0
ASHM.L,20110615,392.40,397.80,391.30,393.90,2468400,0
ASHM.L,20110614,381.90,394.50,381.60,393.00,1123600,0
ASHM.L,20110613,384.20,384.30,378.20,381.30,1089800,0
ASHM.L,20110610,377.90,385.40,371.30,384.40,1054600,0
ASHM.L,20110609,375.30,378.20,374.50,377.30,508800,0
ASHM.L,20110608,381.60,381.60,374.90,376.50,868700,0
ASHM.L,20110607,383.10,385.50,380.70,381.60,849100,0
ASHM.L,20110606,379.40,383.80,377.00,383.00,1384000,0
ASHM.L,20110603,381.60,383.00,379.00,380.90,913800,0
ASHM.L,20110602,376.90,383.00,373.30,379.40,2207400,0
ASHM.L,20110601,383.80,383.80,375.40,376.48,1233000,0
ASHM.L,20110531,380.10,382.90,377.70,379.40,2044900,0
ASHM.L,20110527,369.40,382.60,368.50,379.80,836600,0
ASHM.L,20110526,363.20,368.00,361.60,367.70,1025700,0
ASHM.L,20110525,357.70,361.00,356.10,361.00,1304100,0
ASHM.L,20110524,354.90,362.10,354.90,359.00,966700,0
ASHM.L,20110523,363.40,364.00,353.10,355.00,750900,0
ASHM.L,20110520,361.20,363.10,359.40,360.00,608700,0
ASHM.L,20110519,354.90,362.80,354.90,360.20,566700,0
ASHM.L,20110518,357.00,357.30,348.50,353.80,646600,0
ASHM.L,20110517,359.40,360.90,354.80,354.80,376100,0
ASHM.L,20110516,358.20,360.90,353.50,359.90,477700,0
ASHM.L,20110513,364.90,365.00,358.00,360.30,430900,0
ASHM.L,20110512,367.00,368.80,360.30,363.20,747900,0
ASHM.L,20110511,371.40,375.20,366.60,370.00,709800,0
ASHM.L,20110510,365.20,373.00,365.10,370.40,650700,0
ASHM.L,20110509,361.70,365.40,359.50,364.20,806000,0
ASHM.L,20110506,368.70,371.74,359.10,363.40,1099000,0
ASHM.L,20110505,374.80,375.40,365.30,367.70,1934500,0
ASHM.L,20110504,375.50,376.30,370.60,373.90,833100,0
ASHM.L,20110503,373.10,376.70,369.90,374.70,970200,0
ASHM.L,20110428,367.60,373.40,365.60,373.10,1040400,0
ASHM.L,20110427,369.40,369.40,363.40,366.50,1119400,0
ASHM.L,20110426,363.70,368.80,360.90,368.80,502100,0
ASHM.L,20110421,363.20,367.00,361.40,366.50,666000,0
ASHM.L,20110420,355.30,362.30,355.30,362.30,1189100,0
ASHM.L,20110419,355.80,357.30,350.80,354.30,770100,0
ASHM.L,20110418,364.80,365.50,354.00,355.00,1259100,0
ASHM.L,20110415,360.50,365.01,359.90,365.00,2339900,0
ASHM.L,20110414,358.61,361.00,355.40,360.00,1764600,0
ASHM.L,20110413,354.20,355.60,350.20,352.60,1044900,0
ASHM.L,20110412,355.70,355.70,349.60,351.10,1757900,0
ASHM.L,20110411,353.90,357.60,353.50,356.80,1274300,0
ASHM.L,20110408,352.10,354.80,350.20,353.90,696000,0
ASHM.L,20110407,350.00,353.40,348.50,350.80,1062200,0
ASHM.L,20110406,345.90,357.60,343.50,350.40,1039500,0
ASHM.L,20110405,342.10,345.83,341.50,345.80,1146900,0
ASHM.L,20110404,330.70,343.10,330.70,342.70,1130700,0
ASHM.L,20110401,333.90,333.90,328.80,332.20,685400,0
ASHM.L,20110331,330.10,332.20,325.90,331.40,945600,0
ASHM.L,20110330,332.30,332.40,327.00,328.10,453300,0
ASHM.L,20110329,328.80,329.80,324.70,328.80,902700,0
ASHM.L,20110328,329.80,329.80,325.00,326.80,448500,0
ASHM.L,20110325,325.80,329.90,324.30,328.30,535000,0
ASHM.L,20110324,315.90,324.30,315.60,324.30,1413800,0
ASHM.L,20110323,319.70,323.00,314.80,317.00,851900,0
ASHM.L,20110322,322.30,325.30,319.10,322.60,1555600,0
ASHM.L,20110321,310.00,321.50,308.00,321.40,2718800,0
ASHM.L,20110318,305.10,310.60,305.10,307.50,1437100,0
ASHM.L,20110317,302.30,308.00,299.50,305.20,849900,0
ASHM.L,20110316,301.30,306.40,300.10,301.50,929400,0
ASHM.L,20110315,303.90,306.30,300.30,302.00,1675400,0
ASHM.L,20110314,318.00,318.00,310.80,311.70,1728200,0
ASHM.L,20110311,319.30,319.30,312.20,313.00,1880600,0
ASHM.L,20110310,335.10,335.10,317.10,320.10,2567600,0
ASHM.L,20110309,339.90,339.90,330.10,334.50,742000,0
ASHM.L,20110308,341.90,342.40,335.50,340.66,1396900,0
ASHM.L,20110307,338.50,341.90,337.80,340.00,604000,0
ASHM.L,20110304,334.10,345.90,331.30,340.40,1171100,0
ASHM.L,20110303,332.30,336.30,329.20,330.20,687700,0
ASHM.L,20110302,338.30,338.30,329.50,331.80,912600,0
ASHM.L,20110301,338.00,338.00,329.70,329.70,1348500,0
ASHM.L,20110228,337.00,340.40,334.20,335.30,867500,0
ASHM.L,20110225,340.00,341.30,330.81,337.40,37912400,0
ASHM.L,20110224,343.00,343.00,331.60,333.90,412300,0
ASHM.L,20110223,351.20,351.20,339.40,343.00,643000,0
ASHM.L,20110222,361.20,361.20,349.30,349.30,775500,0
ASHM.L,20110221,363.70,368.40,360.10,360.50,1005500,0
ASHM.L,20110218,354.90,362.40,353.40,362.40,902700,0
ASHM.L,20110217,350.60,356.30,349.50,355.50,1519800,0
ASHM.L,20110216,358.00,358.00,347.30,350.90,841700,0
ASHM.L,20110215,353.30,359.90,353.30,355.80,551700,0
ASHM.L,20110214,363.20,365.00,358.20,358.20,801100,0
ASHM.L,20110211,359.80,362.40,357.40,360.00,1137200,0
ASHM.L,20110210,374.40,374.40,355.30,361.60,1398800,0
ASHM.L,20110209,370.30,375.50,370.20,374.60,708700,0
ASHM.L,20110208,371.80,374.30,370.30,373.10,926700,0
ASHM.L,20110207,363.90,371.30,362.20,371.30,545700,0
ASHM.L,20110204,360.10,364.80,358.80,362.80,751200,0
ASHM.L,20110203,354.60,359.20,352.60,359.20,462100,0
ASHM.L,20110202,353.90,355.20,349.80,355.20,1247700,0
ASHM.L,20110201,352.20,353.50,342.80,352.00,844800,0
ASHM.L,20110131,353.40,354.30,345.50,349.00,935900,0
ASHM.L,20110128,359.60,360.60,351.60,354.80,923800,0
ASHM.L,20110127,349.40,360.90,348.60,356.90,1113800,0
ASHM.L,20110126,352.50,352.50,347.70,350.00,895200,0
ASHM.L,20110125,352.60,355.00,349.80,350.00,1306600,0
ASHM.L,20110124,354.00,354.00,350.50,351.30,748000,0
ASHM.L,20110121,349.90,355.70,348.80,353.00,1010300,0
ASHM.L,20110120,356.50,356.50,338.10,348.30,1137200,0
ASHM.L,20110119,360.00,362.30,354.80,356.90,921100,0
ASHM.L,20110118,355.40,361.30,353.90,359.90,655000,0
ASHM.L,20110117,360.50,360.50,353.10,356.00,1149300,0
ASHM.L,20110114,360.00,366.20,359.80,361.70,1318000,0
ASHM.L,20110113,352.50,361.30,350.70,358.50,2036000,0
ASHM.L,20110112,344.90,345.30,340.80,341.82,1066300,0
ASHM.L,20110111,345.00,346.30,339.70,343.90,897000,0
ASHM.L,20110110,346.00,347.20,340.00,340.00,768400,0
ASHM.L,20110107,343.10,346.00,342.50,344.50,518000,0
ASHM.L,20110106,343.30,343.80,338.00,342.00,417800,0
ASHM.L,20110105,344.00,345.00,342.30,342.90,532700,0
ASHM.L,20110104,337.40,346.10,337.40,345.00,632000,0
ASHM.L,20101231,341.00,341.00,335.10,335.10,195400,0
ASHM.L,20101230,342.40,342.40,336.40,339.40,211000,0
ASHM.L,20101229,343.40,343.40,339.30,342.60,210400,0
ASHM.L,20101224,343.40,343.40,333.60,342.00,30200,0
ASHM.L,20101223,344.70,345.10,343.70,345.00,588000,0
ASHM.L,20101222,348.30,348.50,343.40,345.00,310300,0
ASHM.L,20101221,347.10,349.00,344.80,347.80,275300,0
ASHM.L,20101220,344.30,347.40,342.90,345.10,410300,0
ASHM.L,20101217,350.00,350.50,339.20,342.70,1276200,0
ASHM.L,20101216,352.40,352.40,333.50,346.70,2225000,0
ASHM.L,20101215,359.30,360.20,351.70,354.15,707300,0
ASHM.L,20101214,362.90,362.90,356.50,357.00,357600,0
ASHM.L,20101213,361.10,363.40,359.30,359.30,390400,0
ASHM.L,20101210,363.60,364.90,354.60,362.00,767500,0
ASHM.L,20101209,368.50,368.50,355.60,362.10,1179100,0
ASHM.L,20101208,377.10,378.70,368.30,368.30,602800,0
ASHM.L,20101207,374.40,381.50,373.30,376.97,558900,0
ASHM.L,20101206,373.50,381.20,366.60,371.30,542800,0
ASHM.L,20101203,363.00,374.70,363.00,371.80,1777200,0
ASHM.L,20101202,353.20,366.90,351.60,364.30,650600,0
ASHM.L,20101201,342.80,350.00,337.90,347.90,829400,0
ASHM.L,20101130,359.50,359.50,338.90,340.10,1066900,0
ASHM.L,20101129,359.90,365.40,357.60,358.80,1567500,0
ASHM.L,20101126,362.50,362.50,351.40,358.60,157000,0
ASHM.L,20101125,355.70,362.00,353.40,362.00,459000,0
ASHM.L,20101124,352.70,357.90,348.70,353.80,447300,0
ASHM.L,20101123,353.40,355.70,348.30,352.00,522700,0
ASHM.L,20101122,363.40,363.40,356.10,359.60,434000,0
ASHM.L,20101119,360.60,362.90,359.50,359.70,359800,0
ASHM.L,20101118,358.20,366.60,355.30,361.60,182600,0
ASHM.L,20101117,350.30,355.00,347.60,354.40,659200,0
ASHM.L,20101116,362.70,362.70,352.00,352.00,436300,0
ASHM.L,20101115,362.20,365.40,361.30,363.10,340200,0
ASHM.L,20101112,365.00,365.50,361.10,364.50,323100,0
ASHM.L,20101111,384.80,384.80,365.70,368.50,556600,0
ASHM.L,20101110,385.00,385.00,373.60,377.00,362700,0
ASHM.L,20101109,383.00,384.10,381.40,382.54,399700,0
ASHM.L,20101108,380.60,386.40,379.50,379.80,436500,0
ASHM.L,20101105,379.60,382.90,377.20,381.00,410300,0
ASHM.L,20101104,370.60,380.20,370.60,379.00,741200,0
ASHM.L,20101103,377.40,384.80,370.00,370.60,753700,0
ASHM.L,20101102,382.40,385.00,378.60,383.70,642300,0
ASHM.L,20101101,385.00,391.70,381.10,382.20,612200,0
ASHM.L,20101029,381.80,385.00,379.50,382.70,602100,0
ASHM.L,20101028,380.40,381.20,374.60,377.90,356600,0
ASHM.L,20101027,380.80,381.30,377.00,377.00,303400,0
ASHM.L,20101026,381.00,381.70,376.80,380.30,237400,0
ASHM.L,20101025,381.40,383.40,378.80,380.00,396900,0
ASHM.L,20101022,376.80,381.00,376.80,379.00,617300,0
ASHM.L,20101021,378.90,384.60,377.70,379.50,750200,0
ASHM.L,20101020,378.60,380.00,376.20,377.40,759800,0
ASHM.L,20101019,379.00,382.10,378.60,380.00,669500,0
ASHM.L,20101018,395.00,400.50,379.80,381.60,890300,0
ASHM.L,20101015,382.00,382.00,372.90,376.10,1373100,0
ASHM.L,20101014,372.40,382.90,365.00,379.60,1976900,0
ASHM.L,20101013,353.70,366.90,353.70,361.70,968500,0
ASHM.L,20101012,359.40,360.30,354.10,356.20,524300,0
ASHM.L,20101011,350.00,361.10,350.00,360.60,686200,0
ASHM.L,20101008,352.30,352.30,347.00,349.40,329200,0
ASHM.L,20101007,352.60,357.10,348.30,352.20,424000,0
ASHM.L,20101006,348.00,357.50,348.00,351.90,635600,0
ASHM.L,20101005,344.50,352.50,343.40,348.60,615500,0
ASHM.L,20101004,336.90,345.00,336.90,342.80,713000,0
ASHM.L,20101001,337.00,338.60,332.20,337.30,418400,0
ASHM.L,20100930,333.80,338.30,332.00,334.60,510500,0
ASHM.L,20100929,335.70,338.40,329.60,334.00,1131900,0
ASHM.L,20100928,332.80,337.30,330.00,334.00,414300,0
ASHM.L,20100927,332.90,338.00,332.90,335.10,564800,0
ASHM.L,20100924,322.00,330.40,320.30,330.10,723200,0
ASHM.L,20100923,324.70,326.20,321.30,323.60,1007300,0
ASHM.L,20100922,332.50,332.50,323.10,323.20,938200,0
ASHM.L,20100921,321.00,336.80,320.70,324.50,1273800,0
ASHM.L,20100920,320.80,321.40,315.30,321.00,740200,0
ASHM.L,20100917,324.10,325.00,316.50,318.80,1676700,0
ASHM.L,20100916,310.90,322.00,310.90,320.10,827600,0
ASHM.L,20100915,307.10,317.70,306.00,311.90,1889500,0
ASHM.L,20100914,332.00,335.30,305.00,314.00,2158500,0
ASHM.L,20100913,314.20,325.00,314.00,318.90,504300,0
ASHM.L,20100910,309.20,317.40,309.20,315.00,321900,0
ASHM.L,20100909,303.20,312.60,303.20,312.30,525700,0
ASHM.L,20100908,301.40,306.30,297.50,304.70,340000,0
ASHM.L,20100907,308.70,308.70,297.70,301.40,748900,0
ASHM.L,20100906,303.00,306.30,301.40,303.30,580800,0
ASHM.L,20100903,297.10,303.60,297.10,302.50,767500,0
ASHM.L,20100902,300.10,304.50,298.50,301.50,895400,0
ASHM.L,20100901,290.00,302.90,289.90,300.00,917100,0
ASHM.L,20100831,286.60,291.70,285.10,290.10,541000,0
ASHM.L,20100827,284.50,291.00,284.50,289.60,395700,0
ASHM.L,20100826,285.50,290.90,285.20,287.00,373600,0
ASHM.L,20100825,282.40,287.00,280.40,283.10,390600,0
ASHM.L,20100824,289.10,289.10,280.60,284.20,228600,0
ASHM.L,20100823,284.20,291.00,284.20,289.60,403300,0
ASHM.L,20100820,286.40,286.80,278.60,282.80,266100,0
ASHM.L,20100819,288.10,288.10,283.10,285.90,457300,0
ASHM.L,20100818,289.80,289.80,284.40,284.70,386000,0
ASHM.L,20100817,282.90,292.00,281.80,289.60,650700,0
ASHM.L,20100816,285.50,285.50,280.40,285.20,102400,0
ASHM.L,20100813,279.30,286.10,279.30,284.20,348500,0
ASHM.L,20100812,284.60,286.50,282.60,285.50,432500,0
ASHM.L,20100811,285.40,286.00,280.00,282.00,381500,0
ASHM.L,20100810,283.30,286.30,282.30,285.10,274600,0
ASHM.L,20100809,285.50,286.50,283.80,286.00,441000,0
ASHM.L,20100806,284.90,288.20,281.40,281.90,319700,0
ASHM.L,20100805,281.10,285.00,280.60,281.80,208100,0
ASHM.L,20100804,286.50,286.50,280.80,281.90,165100,0
ASHM.L,20100803,285.60,286.40,281.00,283.90,372400,0
ASHM.L,20100802,285.00,288.50,285.00,287.10,464200,0
ASHM.L,20100730,285.40,285.50,281.50,282.30,244600,0
ASHM.L,20100729,288.80,290.50,285.40,285.40,567900,0
ASHM.L,20100728,284.70,291.80,283.50,290.50,294800,0
ASHM.L,20100727,287.20,292.00,284.00,284.80,373600,0
ASHM.L,20100726,283.70,289.90,282.20,286.60,388200,0
ASHM.L,20100723,281.70,285.40,278.30,280.50,256700,0
ASHM.L,20100722,272.00,282.80,269.30,282.80,495600,0
ASHM.L,20100721,269.40,274.00,267.30,271.40,207400,0
ASHM.L,20100720,270.00,270.00,262.60,265.40,345700,0
ASHM.L,20100719,269.40,270.00,265.30,268.80,319800,0
ASHM.L,20100716,267.60,273.70,266.70,268.10,456800,0
ASHM.L,20100715,267.10,272.50,262.10,269.00,609200,0
ASHM.L,20100714,269.50,281.00,267.20,273.90,1235700,0
ASHM.L,20100713,269.80,269.80,263.20,263.60,777800,0
ASHM.L,20100712,255.80,268.70,255.00,268.40,637900,0
ASHM.L,20100709,257.10,257.10,251.60,252.20,224200,0
ASHM.L,20100708,247.00,255.10,245.80,253.10,285300,0
ASHM.L,20100707,237.30,244.70,237.30,243.80,580000,0
ASHM.L,20100706,239.00,244.00,239.00,241.80,369100,0
ASHM.L,20100705,239.30,242.90,235.80,240.20,349800,0
ASHM.L,20100702,236.30,239.40,235.30,236.80,427400,0
ASHM.L,20100701,239.90,243.70,235.50,236.50,725900,0
ASHM.L,20100630,242.30,248.70,241.00,243.30,1333600,0
ASHM.L,20100629,248.30,251.50,241.90,243.70,631900,0
ASHM.L,20100628,251.10,254.40,251.00,253.00,389200,0
ASHM.L,20100625,256.70,256.90,250.20,251.00,1333800,0
ASHM.L,20100624,258.80,260.10,251.60,253.00,1002800,0
ASHM.L,20100623,256.50,257.70,251.80,255.80,649300,0
ASHM.L,20100622,260.00,260.00,252.90,257.10,412200,0
ASHM.L,20100621,258.10,263.80,257.10,260.10,503100,0
ASHM.L,20100618,246.70,254.20,244.60,253.10,1289400,0
ASHM.L,20100617,247.30,249.70,243.60,244.10,461100,0
ASHM.L,20100616,248.80,249.10,243.50,245.00,333300,0
ASHM.L,20100615,245.80,249.80,244.50,246.50,586100,0
ASHM.L,20100614,248.10,249.70,245.60,248.90,350300,0
ASHM.L,20100611,249.60,251.30,245.90,248.50,225200,0
ASHM.L,20100610,240.00,249.70,240.00,247.80,308200,0
ASHM.L,20100609,247.00,249.00,240.70,245.60,347200,0
ASHM.L,20100608,242.00,245.20,239.20,242.90,499500,0
ASHM.L,20100607,238.70,244.30,238.70,242.00,1059200,0
ASHM.L,20100604,248.50,251.30,242.70,243.30,453700,0
ASHM.L,20100603,254.90,254.90,248.30,248.80,489600,0
ASHM.L,20100602,248.00,248.70,242.30,247.00,757300,0
ASHM.L,20100601,252.40,252.40,244.20,248.00,868400,0
ASHM.L,20100528,250.00,257.50,250.00,251.40,882800,0
ASHM.L,20100527,247.40,250.50,244.00,249.40,1291500,0
ASHM.L,20100526,238.00,247.60,237.50,245.90,2171400,0
ASHM.L,20100525,240.40,243.20,231.70,235.00,5121900,0
ASHM.L,20100524,247.00,249.80,244.00,246.70,1114200,0
ASHM.L,20100521,245.20,246.30,238.40,245.00,1786600,0
ASHM.L,20100520,250.90,254.30,241.40,245.00,1539400,0
ASHM.L,20100519,255.50,259.90,249.90,249.90,772500,0
ASHM.L,20100518,257.80,264.90,257.40,263.00,316900,0
ASHM.L,20100517,257.60,262.20,255.40,256.80,227200,0
ASHM.L,20100514,269.10,269.10,257.80,259.70,377700,0
ASHM.L,20100513,269.40,272.40,264.00,269.60,335400,0
ASHM.L,20100512,259.80,272.30,259.80,265.30,489300,0
ASHM.L,20100511,262.10,263.20,256.80,261.70,602300,0
ASHM.L,20100510,254.80,269.60,254.80,262.50,864400,0
ASHM.L,20100507,252.00,254.60,242.30,248.00,1241300,0
ASHM.L,20100506,251.10,260.60,249.50,255.00,737300,0
ASHM.L,20100505,268.20,268.20,254.10,256.40,813900,0
ASHM.L,20100504,267.60,272.30,262.80,267.10,598700,0
ASHM.L,20100430,266.00,270.90,264.50,264.60,396400,0
ASHM.L,20100429,267.10,268.50,263.40,264.70,922400,0
ASHM.L,20100428,267.20,271.80,263.20,267.60,622600,0
ASHM.L,20100427,278.60,278.70,268.20,268.20,647900,0
ASHM.L,20100426,283.10,283.20,278.60,280.00,540000,0
ASHM.L,20100423,277.80,281.20,277.80,278.30,858600,0
ASHM.L,20100422,273.40,278.90,273.40,276.50,812600,0
ASHM.L,20100421,277.40,277.80,271.40,272.60,383800,0
ASHM.L,20100420,277.40,279.30,274.30,278.50,393800,0
ASHM.L,20100419,270.90,276.30,267.80,272.30,788600,0
ASHM.L,20100416,284.00,284.00,276.90,277.30,1118700,0
ASHM.L,20100415,285.00,287.00,282.50,284.00,777800,0
ASHM.L,20100414,280.00,295.90,276.90,286.50,1092000,0
ASHM.L,20100413,278.70,283.00,278.50,280.00,366200,0
ASHM.L,20100412,278.70,284.30,278.70,280.50,438700,0
ASHM.L,20100409,283.50,285.00,276.40,279.10,769500,0
ASHM.L,20100408,283.30,284.80,281.00,283.80,812700,0
ASHM.L,20100407,277.90,284.90,277.90,284.30,727600,0
ASHM.L,20100406,269.80,277.70,269.20,276.50,491500,0
ASHM.L,20100401,265.50,268.50,265.00,267.80,307700,0
ASHM.L,20100331,266.80,268.80,261.10,263.70,275200,0
ASHM.L,20100330,267.90,267.90,264.60,266.10,1144000,0
ASHM.L,20100329,261.10,268.40,261.10,266.20,1310800,0
ASHM.L,20100326,269.80,270.70,265.90,268.90,453800,0
ASHM.L,20100325,265.40,270.00,264.60,269.60,812500,0
ASHM.L,20100324,261.10,268.50,260.40,266.40,567100,0
ASHM.L,20100323,258.00,265.00,258.00,262.80,479500,0
ASHM.L,20100322,261.70,261.70,253.70,257.10,490000,0
ASHM.L,20100319,260.50,264.60,258.20,259.60,1184000,0
ASHM.L,20100318,258.70,260.60,257.20,258.60,617200,0
ASHM.L,20100317,255.00,258.60,254.90,257.90,942100,0
ASHM.L,20100316,248.90,254.90,248.90,253.60,547700,0
ASHM.L,20100315,251.40,251.40,244.30,247.30,1482900,0
ASHM.L,20100312,244.90,248.50,244.10,245.50,435300,0
ASHM.L,20100311,252.00,252.00,243.90,244.90,369000,0
ASHM.L,20100310,245.50,249.90,245.40,249.50,338400,0
ASHM.L,20100309,253.00,253.00,245.60,246.80,420200,0
ASHM.L,20100308,255.00,255.00,250.10,251.60,438000,0
ASHM.L,20100305,249.00,257.50,249.00,253.90,909000,0
ASHM.L,20100304,246.70,250.00,245.90,247.85,731300,0
ASHM.L,20100303,240.70,247.70,238.10,245.10,1156000,0
ASHM.L,20100302,240.00,240.60,237.60,239.50,1186300,0
ASHM.L,20100301,237.80,241.50,235.00,239.90,1055100,0
ASHM.L,20100226,232.00,237.10,232.00,235.00,1093100,0
ASHM.L,20100225,230.70,236.40,228.20,232.00,1197500,0
ASHM.L,20100224,235.00,235.00,228.50,230.40,743400,0
ASHM.L,20100223,236.50,239.10,228.40,230.00,574500,0
ASHM.L,20100222,235.10,237.40,233.30,234.50,377500,0
ASHM.L,20100219,234.60,235.35,233.20,235.00,476100,0
ASHM.L,20100218,234.10,236.50,232.20,235.00,972300,0
ASHM.L,20100217,236.50,236.85,228.30,233.60,820500,0
ASHM.L,20100216,230.60,232.70,226.60,231.50,499800,0
ASHM.L,20100215,229.10,231.30,227.90,229.00,187000,0
ASHM.L,20100212,231.00,232.00,225.00,230.00,857000,0
ASHM.L,20100211,231.60,233.20,227.00,228.60,515900,0
ASHM.L,20100210,225.60,229.90,225.60,228.30,1299500,0
ASHM.L,20100209,216.80,225.30,216.80,224.70,1844000,0
ASHM.L,20100208,224.30,224.60,217.30,217.90,860400,0
ASHM.L,20100205,225.90,225.90,215.00,222.60,1020700,0
ASHM.L,20100204,234.20,234.80,224.40,225.40,1006100,0
ASHM.L,20100203,231.80,235.20,230.00,233.60,2254800,0
ASHM.L,20100202,227.50,235.00,226.00,230.30,503700,0
ASHM.L,20100201,226.20,227.20,223.60,226.30,322100,0
ASHM.L,20100129,226.70,226.70,221.00,223.80,698700,0
ASHM.L,20100128,220.00,226.90,220.00,223.40,675000,0
ASHM.L,20100127,230.00,234.20,219.70,220.00,2668800,0
ASHM.L,20100126,228.00,232.00,227.10,230.00,315900,0
ASHM.L,20100125,233.20,241.50,227.00,233.20,561900,0
ASHM.L,20100122,233.70,234.60,229.10,230.30,407100,0
ASHM.L,20100121,240.00,242.20,232.00,232.60,667200,0
ASHM.L,20100120,238.90,243.90,235.90,238.20,519500,0
ASHM.L,20100119,241.30,241.90,237.50,237.90,350600,0
ASHM.L,20100118,242.00,243.00,240.10,240.80,342900,0
ASHM.L,20100115,245.20,246.10,239.80,241.50,324300,0
ASHM.L,20100114,244.90,248.60,244.90,246.00,386400,0
ASHM.L,20100113,246.40,255.40,241.10,245.40,1060400,0
ASHM.L,20100112,259.00,261.00,248.00,250.00,741300,0
ASHM.L,20100111,270.00,270.60,254.00,265.20,511900,0
ASHM.L,20100108,269.00,271.70,266.00,268.30,512200,0
ASHM.L,20100107,274.10,274.90,268.70,270.00,543600,0
ASHM.L,20100106,280.00,280.00,270.10,273.80,252100,0
ASHM.L,20100105,274.50,278.70,273.10,275.00,274600,0
ASHM.L,20100104,274.80,279.00,273.50,275.30,316700,0
ASHM.L,20091231,265.40,277.00,265.00,272.00,418200,0
ASHM.L,20091230,268.80,269.00,264.60,265.00,334500,0
ASHM.L,20091229,269.00,273.00,268.50,269.50,231700,0
ASHM.L,20091224,268.40,271.50,268.00,268.00,26300,0
ASHM.L,20091223,268.00,271.90,268.00,270.50,75700,0
ASHM.L,20091222,271.70,271.70,268.50,269.20,197700,0
ASHM.L,20091221,262.80,271.50,262.00,269.90,138400,0
ASHM.L,20091218,269.00,269.00,262.10,263.80,1023500,0
ASHM.L,20091217,272.00,272.00,265.40,266.20,448400,0
ASHM.L,20091216,263.60,270.80,262.90,270.80,455600,0
ASHM.L,20091215,271.00,275.10,262.60,265.00,415900,0
ASHM.L,20091214,255.60,274.20,255.60,273.70,653700,0
ASHM.L,20091211,251.40,260.50,251.40,255.30,225300,0
ASHM.L,20091210,260.00,261.00,255.00,256.50,282200,0
ASHM.L,20091209,266.00,266.10,259.90,260.50,426900,0
ASHM.L,20091208,270.50,273.20,263.00,265.00,372100,0
ASHM.L,20091207,274.90,275.00,268.90,272.30,199800,0
ASHM.L,20091204,271.70,278.00,266.50,272.30,244500,0
ASHM.L,20091203,276.00,281.30,272.70,274.00,316700,0
ASHM.L,20091202,275.00,281.00,274.90,275.00,517700,0
ASHM.L,20091201,264.00,275.90,264.00,275.80,542700,0
ASHM.L,20091130,265.20,272.00,262.00,262.00,475900,0
ASHM.L,20091127,264.00,271.10,263.60,270.00,551100,0
ASHM.L,20091126,283.00,284.90,263.90,268.00,690200,0
ASHM.L,20091125,297.00,300.20,286.00,287.00,262800,0
ASHM.L,20091124,293.40,301.80,291.10,299.90,461400,0
ASHM.L,20091123,297.30,301.80,296.40,300.20,576600,0
ASHM.L,20091120,297.90,301.50,296.00,296.60,300400,0
ASHM.L,20091119,305.50,307.00,296.50,300.00,309400,0
ASHM.L,20091118,296.30,311.00,295.10,304.20,1598400,0
ASHM.L,20091117,309.40,309.90,297.00,298.40,337300,0
ASHM.L,20091116,296.90,311.20,296.90,308.00,416000,0
ASHM.L,20091113,298.80,302.10,295.00,299.70,423800,0
ASHM.L,20091112,294.10,299.10,292.00,297.50,527900,0
ASHM.L,20091111,289.20,296.50,286.80,292.60,1849900,0
ASHM.L,20091110,283.70,309.00,282.70,289.70,662400,0
ASHM.L,20091109,279.40,282.60,275.90,280.20,113100,0
ASHM.L,20091106,275.00,277.40,271.20,275.90,238400,0
ASHM.L,20091105,269.00,275.50,268.90,272.80,481100,0
ASHM.L,20091104,269.20,275.30,268.50,272.20,711300,0
ASHM.L,20091103,275.00,276.30,267.70,275.00,909800,0
ASHM.L,20091102,270.50,280.70,270.50,277.90,499200,0
ASHM.L,20091030,274.00,276.10,270.50,273.20,282400,0
ASHM.L,20091029,266.00,277.10,266.00,273.00,490200,0
ASHM.L,20091028,289.60,295.00,270.00,270.00,525000,0
ASHM.L,20091027,296.40,297.00,285.80,289.00,381700,0
ASHM.L,20091026,297.20,299.60,292.90,292.90,348500,0
ASHM.L,20091023,296.70,300.00,291.80,293.20,238200,0
ASHM.L,20091022,290.70,300.00,290.70,296.00,387500,0
ASHM.L,20091021,299.40,300.20,289.40,298.20,578900,0
ASHM.L,20091020,308.50,308.50,299.00,299.30,360600,0
ASHM.L,20091019,303.70,308.70,301.20,305.20,906800,0
ASHM.L,20091016,300.80,301.90,296.20,300.00,1030100,0
ASHM.L,20091015,281.80,304.20,281.70,295.00,1934800,0
ASHM.L,20091014,271.60,280.80,268.00,274.40,807700,0
ASHM.L,20091013,277.90,283.30,268.20,268.50,692200,0
ASHM.L,20091012,276.40,281.00,274.30,276.50,509200,0
ASHM.L,20091009,274.00,279.00,269.00,274.40,543300,0
ASHM.L,20091008,269.00,273.10,267.70,273.10,660400,0
ASHM.L,20091007,256.00,267.20,255.80,265.50,444100,0
ASHM.L,20091006,255.00,261.60,251.70,257.40,832500,0
ASHM.L,20091005,249.40,254.40,249.40,252.60,257000,0
ASHM.L,20091002,249.00,255.00,249.00,250.00,737100,0
ASHM.L,20091001,249.90,254.00,249.50,250.00,366800,0
ASHM.L,20090930,251.00,254.70,250.00,250.60,535300,0
ASHM.L,20090929,249.90,251.40,247.00,249.50,1294600,0
ASHM.L,20090928,246.10,248.10,242.40,247.00,343000,0
ASHM.L,20090925,242.60,245.50,241.00,244.90,637100,0
ASHM.L,20090924,241.00,244.00,238.70,239.80,613100,0
ASHM.L,20090923,240.00,243.40,239.10,242.00,463600,0
ASHM.L,20090922,241.70,242.70,238.30,240.30,638400,0
ASHM.L,20090921,244.60,247.00,237.50,241.00,434800,0
ASHM.L,20090918,233.30,247.90,233.30,240.60,1271300,0
ASHM.L,20090917,235.80,237.40,231.10,235.20,670900,0
ASHM.L,20090916,231.50,235.10,227.00,230.20,1104100,0
ASHM.L,20090915,226.00,234.30,219.00,225.80,10607000,0
ASHM.L,20090914,232.50,237.70,230.00,231.50,361900,0
ASHM.L,20090911,232.90,240.00,232.90,236.80,310000,0
ASHM.L,20090910,239.10,240.00,235.50,238.30,287800,0
ASHM.L,20090909,239.30,241.90,235.20,240.00,498400,0
ASHM.L,20090908,241.40,241.80,237.50,239.00,368000,0
ASHM.L,20090907,237.60,240.00,234.20,237.50,226800,0
ASHM.L,20090904,230.70,236.00,223.00,234.10,226400,0
ASHM.L,20090903,222.50,228.90,216.90,224.60,418600,0
ASHM.L,20090902,215.90,222.20,211.60,218.10,753400,0
ASHM.L,20090901,235.00,236.50,215.20,217.00,595900,0
ASHM.L,20090828,229.30,243.40,229.30,239.00,263700,0
ASHM.L,20090827,242.70,244.10,227.80,230.00,425200,0
ASHM.L,20090826,249.70,252.00,243.10,250.00,306100,0
ASHM.L,20090825,247.40,253.30,243.40,251.80,159400,0
ASHM.L,20090824,245.00,250.70,243.20,247.40,271500,0
ASHM.L,20090821,241.80,250.20,241.80,247.10,27500,0
ASHM.L,20090820,224.30,244.50,223.20,241.80,72800,0
ASHM.L,20090819,230.20,230.80,225.10,225.10,364500,0
ASHM.L,20090818,230.00,231.50,225.00,230.00,77400,0
ASHM.L,20090817,247.30,248.80,230.30,232.70,39800,0
ASHM.L,20090814,247.00,255.00,245.80,247.80,51500,0
ASHM.L,20090813,241.90,249.40,235.30,248.00,38300,0
ASHM.L,20090812,239.00,241.10,239.00,241.10,12600,0
ASHM.L,20090811,243.40,243.40,239.00,239.50,33400,0
ASHM.L,20090810,243.70,246.30,240.60,241.00,13900,0
ASHM.L,20090807,252.20,252.20,232.10,244.10,375100,0
ASHM.L,20090806,231.90,252.60,225.80,251.00,80000,0
ASHM.L,20090805,218.00,232.70,218.00,230.20,51100,0
ASHM.L,20090804,212.00,219.10,211.90,219.10,105000,0
ASHM.L,20090803,209.80,216.60,208.20,216.50,70500,0
ASHM.L,20090731,207.25,210.50,206.00,210.50,111200,0
ASHM.L,20090730,200.50,209.00,200.50,206.25,77300,0
ASHM.L,20090729,202.00,202.00,195.00,200.00,32100,0
ASHM.L,20090728,197.75,199.00,195.50,198.00,50100,0
ASHM.L,20090727,204.00,204.00,197.25,198.25,18900,0
ASHM.L,20090724,197.50,203.00,197.50,202.25,867000,0
ASHM.L,20090723,197.75,198.50,196.25,198.00,77900,0
ASHM.L,20090722,200.75,200.75,198.00,198.25,62500,0
ASHM.L,20090721,199.25,205.25,198.50,200.50,72400,0
ASHM.L,20090720,199.50,201.00,198.00,200.00,63100,0
ASHM.L,20090717,202.25,202.25,198.00,199.50,25600,0
ASHM.L,20090716,203.00,210.00,199.00,199.75,103800,0
ASHM.L,20090715,200.25,209.25,199.75,208.50,81000,0
ASHM.L,20090714,192.00,202.50,192.00,200.00,402300,0
ASHM.L,20090713,188.50,192.75,183.50,192.75,67100,0
ASHM.L,20090710,189.75,190.50,183.25,186.25,56900,0
ASHM.L,20090709,188.00,191.50,187.00,188.75,183200,0
ASHM.L,20090708,191.00,191.00,186.00,187.00,16500,0
ASHM.L,20090707,191.00,192.50,188.25,190.75,72100,0
ASHM.L,20090706,190.00,193.50,188.25,188.25,39100,0
ASHM.L,20090703,190.50,195.00,189.00,191.00,123500,0
ASHM.L,20090702,193.75,193.75,191.00,191.00,535800,0
ASHM.L,20090701,190.50,194.00,190.50,191.75,142200,0
ASHM.L,20090630,191.50,193.75,187.00,189.25,299800,0
ASHM.L,20090629,190.50,192.00,188.25,192.00,160200,0
ASHM.L,20090626,190.25,191.50,188.75,189.75,120800,0
ASHM.L,20090625,191.00,191.75,187.50,190.00,253100,0
ASHM.L,20090624,191.25,192.00,189.00,190.44,468600,0
ASHM.L,20090623,190.50,195.00,190.25,190.50,211800,0
ASHM.L,20090622,196.50,197.75,191.25,191.25,189000,0
ASHM.L,20090619,195.50,200.25,193.00,197.25,1453200,0
ASHM.L,20090618,199.25,202.00,193.50,195.75,208400,0
ASHM.L,20090617,200.25,206.00,196.75,200.50,247700,0
ASHM.L,20090616,202.00,206.00,201.25,201.75,59800,0
ASHM.L,20090615,205.50,210.75,202.00,204.75,97500,0
ASHM.L,20090612,206.75,210.00,205.75,206.75,280700,0
ASHM.L,20090611,207.00,210.00,205.00,208.00,321100,0
ASHM.L,20090610,210.75,212.75,205.00,208.50,209400,0
ASHM.L,20090609,208.25,213.50,206.75,208.00,122500,0
ASHM.L,20090608,208.00,210.25,205.75,207.75,26800,0
ASHM.L,20090605,209.75,212.00,206.25,211.00,621500,0
ASHM.L,20090604,211.00,213.00,208.25,208.25,77000,0
ASHM.L,20090603,212.50,213.75,210.75,212.00,701000,0
ASHM.L,20090602,207.25,217.00,205.00,211.25,78500,0
ASHM.L,20090601,209.00,215.25,209.00,215.25,342600,0
ASHM.L,20090529,210.50,211.50,207.25,209.00,80500,0
ASHM.L,20090528,220.00,220.00,208.50,209.00,461700,0
ASHM.L,20090527,220.75,220.75,215.75,217.00,40800,0
ASHM.L,20090526,223.00,223.00,214.25,217.25,41100,0
ASHM.L,20090522,220.00,221.25,218.00,218.00,46100,0
ASHM.L,20090521,223.75,226.50,217.50,218.25,23300,0
ASHM.L,20090520,230.25,230.25,223.75,225.00,528200,0
ASHM.L,20090519,226.25,230.00,225.00,227.00,203300,0
ASHM.L,20090518,225.50,229.50,221.50,225.50,698200,0
ASHM.L,20090515,219.75,228.00,219.75,224.00,467400,0
ASHM.L,20090514,219.00,224.00,214.50,224.00,210400,0
ASHM.L,20090513,219.25,225.50,215.50,222.75,146800,0
ASHM.L,20090512,212.00,217.75,208.75,215.00,46100,0
ASHM.L,20090511,226.00,226.75,208.50,210.00,110700,0
ASHM.L,20090508,220.25,224.75,213.00,223.00,406400,0
ASHM.L,20090507,239.25,240.00,221.25,226.75,376700,0
ASHM.L,20090506,227.75,237.50,224.00,233.00,503100,0
ASHM.L,20090505,234.00,235.25,230.00,233.00,393700,0
ASHM.L,20090501,224.00,232.50,224.00,230.00,79900,0
ASHM.L,20090430,224.00,230.75,223.00,226.25,162200,0
ASHM.L,20090429,217.00,226.00,212.25,222.00,73800,0
ASHM.L,20090428,215.00,215.75,206.25,213.50,445400,0
ASHM.L,20090427,220.25,220.25,208.00,215.00,253300,0
ASHM.L,20090424,210.25,222.25,210.25,219.75,84200,0
ASHM.L,20090423,215.25,216.25,211.25,212.50,136700,0
ASHM.L,20090422,206.00,215.50,205.25,213.75,875400,0
ASHM.L,20090421,200.00,207.25,195.00,206.00,524400,0
ASHM.L,20090420,205.25,207.00,197.25,199.00,196700,0
ASHM.L,20090417,208.00,208.00,200.50,207.50,2657500,0
ASHM.L,20090416,195.00,209.00,192.00,207.00,2740800,0
ASHM.L,20090415,180.00,199.00,180.00,193.25,1888100,0
ASHM.L,20090414,173.00,187.00,173.00,185.75,1152700,0
ASHM.L,20090409,165.00,172.75,164.50,172.00,1585300,0
ASHM.L,20090408,162.00,166.00,162.00,163.50,1581000,0
ASHM.L,20090407,166.00,167.00,164.00,165.00,1212100,0
ASHM.L,20090406,166.50,168.75,164.00,167.00,2464600,0
ASHM.L,20090403,168.00,169.75,165.00,165.00,588400,0
ASHM.L,20090402,162.25,170.00,161.25,166.75,3091100,0
ASHM.L,20090401,152.00,159.25,151.50,159.25,392100,0
ASHM.L,20090331,148.00,155.75,145.75,152.50,801100,0
ASHM.L,20090330,144.50,149.75,144.50,148.00,722300,0
ASHM.L,20090327,155.00,155.00,142.25,147.25,742000,0
ASHM.L,20090326,160.00,160.50,150.50,150.50,908200,0
ASHM.L,20090325,157.50,159.50,151.75,157.50,1031700,0
ASHM.L,20090324,151.00,162.00,151.00,161.00,1034000,0
ASHM.L,20090323,151.25,155.00,151.00,152.50,826600,0
ASHM.L,20090320,148.00,151.00,147.75,151.00,3238000,0
ASHM.L,20090319,144.50,153.00,142.00,150.00,2622200,0
ASHM.L,20090318,145.00,148.75,140.00,140.75,940800,0
ASHM.L,20090317,140.50,144.50,139.50,142.75,411800,0
ASHM.L,20090316,134.25,145.00,132.75,143.00,1793000,0
ASHM.L,20090313,127.25,136.00,127.25,132.50,1263600,0
ASHM.L,20090312,119.00,126.25,116.25,123.50,910200,0
ASHM.L,20090311,117.25,125.50,117.25,119.00,410200,0
ASHM.L,20090310,114.00,120.50,114.00,120.00,415700,0
ASHM.L,20090309,113.75,115.00,112.50,114.25,463300,0
ASHM.L,20090306,119.50,119.50,113.50,114.00,344300,0
ASHM.L,20090305,120.75,122.50,116.25,116.50,716100,0
ASHM.L,20090304,123.00,124.00,120.00,122.25,1919700,0
ASHM.L,20090303,120.25,125.75,118.00,119.00,778700,0
ASHM.L,20090302,119.50,120.75,116.50,120.00,459700,0
ASHM.L,20090227,119.00,124.00,119.00,123.75,655700,0
ASHM.L,20090226,115.25,124.50,115.25,122.00,683700,0
ASHM.L,20090225,108.00,124.00,108.00,117.50,2170100,0
ASHM.L,20090224,105.25,108.25,92.75,107.00,2972000,0
ASHM.L,20090223,115.50,117.75,95.25,100.75,1745600,0
ASHM.L,20090220,123.50,123.75,113.00,117.00,972400,0
ASHM.L,20090219,123.75,128.50,123.50,125.50,206000,0
ASHM.L,20090218,124.00,127.75,116.50,125.50,1082700,0
ASHM.L,20090217,127.25,130.50,121.25,124.00,473600,0
ASHM.L,20090216,129.75,133.25,129.75,131.00,114900,0
ASHM.L,20090213,134.75,137.00,131.00,132.00,380000,0
ASHM.L,20090212,131.25,135.00,128.00,132.00,281700,0
ASHM.L,20090211,131.00,134.50,130.75,134.50,398100,0
ASHM.L,20090210,138.00,138.00,131.00,131.00,468400,0
ASHM.L,20090209,133.50,137.75,132.00,137.25,355700,0
ASHM.L,20090206,126.50,133.00,126.00,132.25,567700,0
ASHM.L,20090205,127.00,129.75,123.25,129.50,782400,0
ASHM.L,20090204,121.00,129.00,121.00,127.00,1115100,0
ASHM.L,20090203,125.00,125.00,120.00,121.00,500700,0
ASHM.L,20090202,130.00,130.00,121.00,122.00,463100,0
ASHM.L,20090130,126.00,133.25,126.00,127.25,1167300,0
ASHM.L,20090129,132.25,132.50,127.75,129.25,592400,0
ASHM.L,20090128,135.50,136.50,133.00,134.75,1235100,0
ASHM.L,20090127,138.00,140.00,133.50,136.00,549700,0
ASHM.L,20090126,132.25,140.00,131.50,138.00,2202700,0
ASHM.L,20090123,133.00,137.50,133.00,135.00,591800,0
ASHM.L,20090122,133.75,139.75,132.00,135.00,748800,0
ASHM.L,20090121,129.75,134.75,126.00,130.75,466400,0
ASHM.L,20090120,135.75,140.00,129.00,131.00,866500,0
ASHM.L,20090119,130.50,132.50,128.00,130.75,1195000,0
ASHM.L,20090116,125.50,128.50,125.00,127.50,1926800,0
ASHM.L,20090115,136.00,136.00,124.00,125.50,2952500,0
ASHM.L,20090114,153.00,153.00,134.25,135.00,1937400,0
ASHM.L,20090113,152.75,153.75,145.00,149.50,893800,0
ASHM.L,20090112,153.00,153.50,150.00,150.75,890400,0
ASHM.L,20090109,158.50,160.00,154.50,155.00,1972100,0
ASHM.L,20090108,163.00,163.50,154.25,160.50,1727800,0
ASHM.L,20090107,167.75,191.50,163.00,163.00,2935800,0
ASHM.L,20090106,148.00,169.25,148.00,168.25,2356800,0
ASHM.L,20090105,141.50,152.75,141.50,150.00,1778900,0
ASHM.L,20090102,132.50,145.50,132.00,142.00,441200,0
ASHM.L,20081231,137.50,141.00,132.50,132.50,92300,0
ASHM.L,20081230,135.00,140.00,133.25,140.00,209500,0
ASHM.L,20081229,135.25,140.00,135.00,137.00,100300,0
ASHM.L,20081224,136.00,137.75,134.00,137.00,41900,0
ASHM.L,20081223,135.50,140.00,135.00,139.75,614700,0
ASHM.L,20081222,137.25,140.00,130.00,140.00,321300,0
ASHM.L,20081219,136.50,141.50,130.00,140.00,1963200,0
ASHM.L,20081218,137.75,143.00,136.00,139.00,1139400,0
ASHM.L,20081217,130.50,135.50,129.00,135.00,2315600,0
ASHM.L,20081216,127.50,130.75,126.00,130.00,725700,0
ASHM.L,20081215,123.75,132.75,123.75,127.75,1626700,0
ASHM.L,20081212,124.00,126.75,120.00,125.00,1543700,0
ASHM.L,20081211,125.25,127.75,124.25,125.50,1192700,0
ASHM.L,20081210,120.00,127.00,120.00,125.25,2562700,0
ASHM.L,20081209,113.50,120.25,113.00,119.25,2895100,0
ASHM.L,20081208,119.50,121.75,112.50,115.00,642100,0
ASHM.L,20081205,110.50,112.50,109.00,111.50,4431100,0
ASHM.L,20081204,114.00,117.50,106.50,109.50,3654100,0
ASHM.L,20081203,105.50,115.75,103.00,115.50,4631000,0
ASHM.L,20081202,108.00,111.25,104.00,107.00,942500,0
ASHM.L,20081201,114.00,119.00,108.25,109.50,2103400,0
ASHM.L,20081128,115.25,116.75,109.25,111.50,1551900,0
ASHM.L,20081127,115.00,119.00,114.25,117.00,584000,0
ASHM.L,20081126,114.00,121.00,113.25,116.50,1298700,0
ASHM.L,20081125,116.75,118.50,106.75,117.00,1232300,0
ASHM.L,20081124,111.00,115.25,108.25,112.75,812700,0
ASHM.L,20081121,106.00,111.75,106.00,108.00,987800,0
ASHM.L,20081120,117.50,119.75,104.25,104.25,3522300,0
ASHM.L,20081119,124.50,125.50,120.25,122.25,886000,0
ASHM.L,20081118,128.25,128.25,121.00,124.50,1759500,0
ASHM.L,20081117,126.00,130.00,124.50,125.00,1134500,0
ASHM.L,20081114,128.00,139.75,125.75,125.75,515900,0
ASHM.L,20081113,125.00,133.25,124.00,127.75,888200,0
ASHM.L,20081112,126.75,132.50,121.75,127.75,1183700,0
ASHM.L,20081111,128.00,129.75,121.00,126.50,767600,0
ASHM.L,20081110,138.00,147.75,126.75,128.75,981300,0
ASHM.L,20081107,143.25,144.75,135.50,139.50,515500,0
ASHM.L,20081106,150.75,154.75,138.00,143.25,1148000,0
ASHM.L,20081105,162.50,162.50,151.00,154.00,844600,0
ASHM.L,20081104,158.25,170.50,155.50,166.00,1725100,0
ASHM.L,20081103,163.00,171.25,159.50,161.75,726200,0
ASHM.L,20081031,164.00,165.50,160.00,162.00,1081400,0
ASHM.L,20081030,143.50,181.75,141.75,163.25,1379000,0
ASHM.L,20081029,131.50,138.25,127.50,138.00,936400,0
ASHM.L,20081028,133.00,140.00,125.00,125.00,1055500,0
ASHM.L,20081027,126.50,134.00,125.50,130.75,2749900,0
ASHM.L,20081024,145.00,145.00,131.00,137.25,1169500,0
ASHM.L,20081023,145.00,152.00,143.50,150.00,946500,0
ASHM.L,20081022,156.00,156.00,136.50,145.00,629500,0
ASHM.L,20081021,160.00,163.00,155.25,157.50,838400,0
ASHM.L,20081020,165.00,165.00,144.00,157.00,829900,0
ASHM.L,20081017,152.00,166.50,143.00,164.75,1685400,0
ASHM.L,20081016,153.25,157.50,141.75,150.00,1189500,0
ASHM.L,20081015,162.75,168.25,155.50,161.00,659600,0
ASHM.L,20081014,182.75,187.25,163.50,163.50,4448200,0
ASHM.L,20081013,165.00,184.75,165.00,175.25,1478000,0
ASHM.L,20081010,165.00,169.25,149.00,160.75,2277200,0
ASHM.L,20081009,165.00,181.50,162.25,172.75,998000,0
ASHM.L,20081008,192.00,193.25,165.25,166.50,1083100,0
ASHM.L,20081007,200.75,217.00,191.00,196.75,660800,0
ASHM.L,20081006,202.50,202.50,190.00,192.75,496300,0
ASHM.L,20081003,206.00,209.75,202.25,208.50,728300,0
ASHM.L,20081002,202.00,213.75,195.25,202.75,1098600,0
ASHM.L,20081001,202.00,206.75,193.50,199.00,563700,0
ASHM.L,20080930,200.00,204.00,184.00,195.00,1393400,0
ASHM.L,20080929,211.25,214.75,200.25,202.00,1248300,0
ASHM.L,20080926,217.00,221.50,210.25,214.00,1349700,0
ASHM.L,20080925,234.75,234.75,221.00,223.00,667600,0
ASHM.L,20080924,236.50,236.75,229.00,229.50,655000,0
ASHM.L,20080923,235.00,238.50,224.00,229.75,2182200,0
ASHM.L,20080922,243.25,246.25,238.00,241.75,699800,0
ASHM.L,20080919,241.25,264.75,241.25,246.00,4030400,0
ASHM.L,20080918,216.50,235.75,212.25,222.25,1984700,0
ASHM.L,20080917,221.00,235.75,214.50,220.00,2116300,0
ASHM.L,20080916,238.75,243.75,210.00,210.00,3287500,0
ASHM.L,20080915,248.50,248.50,229.75,241.00,1648500,0
ASHM.L,20080912,254.25,255.50,247.00,249.50,899800,0
ASHM.L,20080911,242.00,249.00,240.00,248.75,3118400,0
ASHM.L,20080910,251.25,252.25,242.00,242.00,871500,0
ASHM.L,20080909,255.00,261.50,250.00,253.50,753300,0
ASHM.L,20080908,254.00,265.50,251.75,262.50,391800,0
ASHM.L,20080905,265.50,265.50,242.00,244.25,1363900,0
ASHM.L,20080904,270.00,275.00,266.25,266.25,508800,0
ASHM.L,20080903,261.50,275.00,260.50,267.75,1016000,0
ASHM.L,20080902,257.50,274.00,257.50,271.25,1601200,0
ASHM.L,20080901,252.25,263.75,249.25,262.25,427800,0
ASHM.L,20080829,252.00,258.75,247.00,256.25,657400,0
ASHM.L,20080828,243.00,252.75,239.75,248.50,446000,0
ASHM.L,20080827,240.50,243.00,239.25,243.00,6101200,0
ASHM.L,20080826,241.75,245.75,239.00,242.50,873500,0
ASHM.L,20080822,241.50,248.25,239.50,245.25,737100,0
ASHM.L,20080821,242.25,245.75,237.25,240.00,409600,0
ASHM.L,20080820,239.00,243.00,237.75,243.00,542900,0
ASHM.L,20080819,239.00,240.75,239.00,239.50,844500,0
ASHM.L,20080818,243.25,243.25,239.00,240.50,343900,0
ASHM.L,20080815,243.25,244.25,239.00,241.00,378500,0
ASHM.L,20080814,240.00,244.00,238.00,242.00,656200,0
ASHM.L,20080813,238.50,244.75,238.00,239.50,726000,0
ASHM.L,20080812,251.25,252.00,237.75,242.25,1191800,0
ASHM.L,20080811,252.50,255.00,246.00,250.25,1219000,0
ASHM.L,20080808,249.25,254.25,246.25,249.75,919100,0
ASHM.L,20080807,258.50,260.00,247.50,254.00,748700,0
ASHM.L,20080806,255.75,267.50,253.25,258.75,1093700,0
ASHM.L,20080805,245.50,255.00,244.50,253.00,977700,0
ASHM.L,20080804,250.00,250.00,243.25,246.50,524300,0
ASHM.L,20080801,246.50,251.50,244.75,245.00,538400,0
ASHM.L,20080731,250.25,258.25,242.25,250.00,1237700,0
ASHM.L,20080730,240.50,250.25,240.00,248.00,1190100,0
ASHM.L,20080729,230.25,241.75,230.00,235.75,829300,0
ASHM.L,20080728,234.75,239.50,229.75,234.00,816700,0
ASHM.L,20080725,237.00,241.25,233.00,236.75,436900,0
ASHM.L,20080724,247.00,249.25,241.75,243.00,638700,0
ASHM.L,20080723,242.50,251.00,242.50,246.00,2066800,0
ASHM.L,20080722,237.00,239.50,226.75,236.25,633200,0
ASHM.L,20080721,238.25,250.25,236.00,237.25,972800,0
ASHM.L,20080718,229.00,250.00,228.75,238.00,2296100,0
ASHM.L,20080717,212.00,244.75,212.00,232.50,3490800,0
ASHM.L,20080716,197.25,206.25,196.25,204.00,1584300,0
ASHM.L,20080715,198.00,198.25,184.25,195.25,2188100,0
ASHM.L,20080714,201.00,203.50,195.75,199.50,1490300,0
ASHM.L,20080711,203.00,203.00,200.00,200.00,710000,0
ASHM.L,20080710,200.00,207.50,200.00,201.50,510100,0
ASHM.L,20080709,204.00,205.50,200.75,204.25,646500,0
ASHM.L,20080708,203.25,203.25,199.00,200.50,1327200,0
ASHM.L,20080707,206.75,211.00,203.25,207.00,611400,0
ASHM.L,20080704,210.50,210.75,202.50,204.00,587800,0
ASHM.L,20080703,199.25,213.75,193.50,211.00,4238400,0
ASHM.L,20080702,206.50,206.75,196.75,200.00,3034200,0
ASHM.L,20080701,216.75,216.75,195.25,206.00,2053400,0
ASHM.L,20080630,219.75,223.50,214.75,216.50,1189700,0
ASHM.L,20080627,218.00,223.25,216.75,221.50,598400,0
ASHM.L,20080626,224.00,226.25,218.75,220.50,1104500,0
ASHM.L,20080625,229.75,230.50,210.00,227.00,3948800,0
ASHM.L,20080624,233.75,237.75,227.00,227.50,1453900,0
ASHM.L,20080623,239.25,240.50,234.00,234.00,337800,0
ASHM.L,20080620,241.25,247.50,236.50,238.25,2480800,0
ASHM.L,20080619,243.00,245.75,238.00,239.50,1587600,0
ASHM.L,20080618,243.00,246.00,239.50,245.00,1560000,0
ASHM.L,20080617,248.75,248.75,242.50,245.50,1857600,0
ASHM.L,20080616,242.00,254.50,240.00,245.50,732600,0
ASHM.L,20080613,243.75,248.50,236.50,245.50,854800,0
ASHM.L,20080612,240.25,249.25,240.25,247.50,576900,0
ASHM.L,20080611,245.25,251.00,238.75,240.25,1051700,0
ASHM.L,20080610,246.00,250.50,244.50,246.00,542200,0
ASHM.L,20080606,263.25,266.75,249.25,250.50,717100,0
ASHM.L,20080605,263.50,264.75,255.75,261.75,491200,0
ASHM.L,20080604,260.00,265.75,255.00,264.50,1100600,0
ASHM.L,20080603,261.00,263.25,259.00,260.75,416600,0
ASHM.L,20080602,261.50,266.00,258.00,263.50,1100400,0
ASHM.L,20080530,270.50,272.25,261.00,261.25,1622400,0
ASHM.L,20080529,264.50,274.00,262.25,274.00,979200,0
ASHM.L,20080528,259.00,264.50,259.00,262.25,512400,0
ASHM.L,20080527,264.00,264.00,256.50,259.00,1500800,0
ASHM.L,20080523,261.00,264.00,258.00,261.50,423400,0
ASHM.L,20080522,260.00,269.25,260.00,263.25,587200,0
ASHM.L,20080521,269.00,270.75,262.25,263.50,659100,0
ASHM.L,20080520,272.50,275.00,265.25,266.00,579700,0
ASHM.L,20080519,276.25,277.00,273.00,274.00,1154500,0
ASHM.L,20080516,275.00,280.25,273.00,277.75,667800,0
ASHM.L,20080515,268.25,274.50,265.50,273.00,786600,0
ASHM.L,20080514,278.00,278.25,260.00,268.25,1109900,0
ASHM.L,20080513,286.75,287.00,275.00,278.50,779400,0
ASHM.L,20080512,281.75,286.75,279.25,282.75,520300,0
ASHM.L,20080509,284.75,291.50,278.25,282.50,556500,0
ASHM.L,20080508,294.50,294.50,283.25,287.50,656700,0
ASHM.L,20080507,299.75,300.00,288.75,295.25,1377500,0
ASHM.L,20080506,290.00,301.75,290.00,301.00,1406400,0
ASHM.L,20080502,297.25,298.50,288.75,294.00,703700,0
ASHM.L,20080501,284.00,295.25,278.00,292.00,450400,0
ASHM.L,20080430,279.00,287.75,279.00,286.50,1026400,0
ASHM.L,20080429,277.00,283.25,275.00,280.25,760600,0
ASHM.L,20080428,278.25,281.00,275.00,279.50,1496600,0
ASHM.L,20080425,279.25,282.75,274.50,275.00,890500,0
ASHM.L,20080424,282.50,285.00,272.25,278.00,2055200,0
ASHM.L,20080423,287.00,287.00,279.25,285.00,993700,0
ASHM.L,20080422,282.00,287.75,281.75,285.00,987800,0
ASHM.L,20080421,292.25,292.25,281.50,285.00,1495200,0
ASHM.L,20080418,289.00,292.00,286.50,290.00,1890300,0
ASHM.L,20080417,296.50,296.50,280.00,290.00,2527700,0
ASHM.L,20080416,300.00,306.25,298.50,301.50,1471400,0
ASHM.L,20080415,302.00,302.00,284.50,298.75,1256900,0
ASHM.L,20080414,310.00,310.00,299.00,299.00,707300,0
ASHM.L,20080411,311.00,314.75,307.50,310.50,585400,0
ASHM.L,20080410,309.25,313.75,307.25,310.50,907000,0
ASHM.L,20080409,310.25,320.00,306.00,311.50,1281700,0
ASHM.L,20080408,312.25,313.25,306.75,309.50,893200,0
ASHM.L,20080407,311.00,318.00,310.00,312.25,650700,0
ASHM.L,20080404,301.75,316.25,300.75,311.00,1080300,0
ASHM.L,20080403,315.00,317.00,305.00,310.75,676800,0
ASHM.L,20080402,303.00,318.75,298.75,316.25,1651000,0
ASHM.L,20080401,278.00,308.25,276.25,306.50,2509400,0
ASHM.L,20080331,286.00,287.00,277.00,280.50,1298500,0
ASHM.L,20080328,278.00,292.50,272.25,291.75,1607800,0
ASHM.L,20080327,259.25,275.75,259.25,275.75,1422500,0
ASHM.L,20080326,257.00,266.75,257.00,260.00,898400,0
ASHM.L,20080325,265.00,271.50,257.25,266.75,949400,0
ASHM.L,20080320,252.25,269.25,244.25,260.00,3272400,0
ASHM.L,20080319,248.00,259.00,241.00,258.50,1895900,0
ASHM.L,20080318,244.00,247.75,239.75,246.00,1092100,0
ASHM.L,20080314,254.00,258.25,250.00,252.50,1023700,0
ASHM.L,20080313,255.50,261.75,252.75,253.50,838000,0
ASHM.L,20080312,255.75,268.00,253.00,264.00,870400,0
ASHM.L,20080311,244.50,257.75,242.00,249.50,1441400,0
ASHM.L,20080310,247.00,249.25,240.00,242.00,2190000,0
ASHM.L,20080307,267.00,274.00,238.00,247.25,3748100,0
ASHM.L,20080306,270.00,275.00,270.00,274.50,917300,0
ASHM.L,20080305,272.00,274.75,265.25,273.25,915000,0
ASHM.L,20080304,262.00,273.75,262.00,268.50,1468700,0
ASHM.L,20080303,260.00,272.00,260.00,262.50,2464900,0
ASHM.L,20080229,276.00,279.00,260.75,265.75,1158400,0
ASHM.L,20080228,283.00,286.50,272.25,275.00,1461300,0
ASHM.L,20080227,274.00,293.00,268.00,284.00,1061100,0
ASHM.L,20080226,299.00,299.00,270.75,271.75,2572800,0
ASHM.L,20080225,285.50,297.00,283.75,297.00,1570800,0
ASHM.L,20080222,276.00,296.00,273.25,282.00,1240000,0
ASHM.L,20080221,278.00,291.25,274.75,278.75,740000,0
ASHM.L,20080220,275.00,281.25,275.00,277.75,706500,0
ASHM.L,20080219,273.00,283.00,271.00,280.00,942100,0
ASHM.L,20080218,273.25,279.00,270.50,274.00,426300,0
ASHM.L,20080215,275.25,277.75,269.25,269.25,655200,0
ASHM.L,20080214,284.00,287.00,276.50,279.50,767600,0
ASHM.L,20080213,270.00,281.00,268.25,279.00,747900,0
ASHM.L,20080212,265.00,274.50,256.00,272.75,1112400,0
ASHM.L,20080211,263.00,272.50,260.75,263.00,839900,0
ASHM.L,20080208,268.00,269.25,263.25,265.50,567400,0
ASHM.L,20080207,260.50,268.00,260.00,261.75,1207000,0
ASHM.L,20080206,265.25,269.00,258.25,267.00,1092900,0
ASHM.L,20080205,268.00,277.50,267.25,270.00,1240600,0
ASHM.L,20080204,275.50,278.00,268.25,272.25,896500,0
ASHM.L,20080201,264.00,275.75,263.75,271.75,2211100,0
ASHM.L,20080131,261.00,268.00,249.00,259.25,1612900,0
ASHM.L,20080130,257.25,282.75,257.25,264.00,1586600,0
ASHM.L,20080129,257.00,264.75,256.75,261.00,822300,0
ASHM.L,20080128,243.25,255.00,240.00,253.75,1703100,0
ASHM.L,20080125,231.25,268.50,231.25,251.00,2788200,0
ASHM.L,20080124,247.00,256.00,228.00,228.00,4216700,0
ASHM.L,20080123,249.50,249.50,222.50,240.00,1754000,0
ASHM.L,20080122,230.00,249.50,212.50,247.00,1814200,0
ASHM.L,20080121,245.50,246.50,232.75,232.75,1319300,0
ASHM.L,20080118,254.00,254.75,236.25,247.25,2514500,0
ASHM.L,20080117,257.25,260.00,250.25,253.00,666500,0
ASHM.L,20080116,255.00,261.25,246.00,253.25,2921600,0
ASHM.L,20080115,263.00,267.00,255.00,255.00,957900,0
ASHM.L,20080114,262.50,264.75,259.00,264.00,664700,0
ASHM.L,20080111,263.75,269.00,259.25,259.75,1298600,0
ASHM.L,20080110,265.50,272.00,255.00,261.00,1014100,0
ASHM.L,20080109,270.50,270.50,259.50,261.75,488600,0
ASHM.L,20080108,267.00,273.00,266.25,270.50,3232900,0
ASHM.L,20080107,269.00,270.00,259.25,262.50,773300,0
ASHM.L,20080104,275.00,277.00,265.00,269.50,1106400,0
ASHM.L,20080103,273.00,277.00,267.75,275.00,394600,0
ASHM.L,20080102,273.00,280.00,271.50,274.75,787900,0
ASHM.L,20071231,272.00,277.50,269.00,269.00,99000,0
ASHM.L,20071228,272.00,276.50,272.00,273.50,128800,0
ASHM.L,20071227,278.50,278.50,272.00,272.75,335100,0
ASHM.L,20071224,275.00,276.25,269.00,273.00,25900,0
ASHM.L,20071221,273.75,275.25,267.25,275.25,1315100,0
ASHM.L,20071220,269.25,275.00,260.75,269.75,1080100,0
ASHM.L,20071219,265.75,265.75,260.00,262.75,428700,0
ASHM.L,20071218,258.00,267.75,258.00,262.00,380900,0
ASHM.L,20071217,260.00,262.75,254.00,258.25,663000,0
ASHM.L,20071214,256.00,263.25,256.00,262.00,517900,0
ASHM.L,20071213,262.00,263.00,256.00,256.00,522100,0
ASHM.L,20071212,248.00,258.25,246.00,256.25,763600,0
ASHM.L,20071211,253.25,260.00,253.25,257.50,345100,0
ASHM.L,20071210,258.00,260.00,253.50,258.50,784200,0
ASHM.L,20071207,270.50,270.50,258.50,259.00,1257200,0
ASHM.L,20071206,277.00,279.00,265.00,267.00,604200,0
ASHM.L,20071205,275.75,276.00,268.75,274.00,456900,0
ASHM.L,20071204,277.00,277.00,270.00,272.00,1591400,0
ASHM.L,20071203,273.00,278.00,272.50,274.25,505300,0
ASHM.L,20071130,270.00,282.00,269.25,276.00,1008100,0
ASHM.L,20071129,277.00,279.00,266.50,274.50,538200,0
ASHM.L,20071128,257.00,275.00,256.50,272.75,563700,0
ASHM.L,20071127,250.00,254.25,248.50,250.00,1245800,0
ASHM.L,20071126,263.75,265.25,258.00,258.50,432900,0
ASHM.L,20071123,258.25,270.00,257.25,262.75,383400,0
ASHM.L,20071122,257.00,263.75,257.00,261.50,669100,0
ASHM.L,20071121,256.00,263.00,250.00,254.00,1392900,0
ASHM.L,20071120,260.00,261.75,245.50,260.00,809300,0
ASHM.L,20071119,261.50,268.00,255.00,255.00,733500,0
ASHM.L,20071116,268.00,273.00,264.00,265.00,443600,0
ASHM.L,20071115,265.00,272.50,264.00,271.50,498100,0
ASHM.L,20071114,266.25,270.25,262.00,269.00,675400,0
ASHM.L,20071113,257.50,262.00,255.50,258.75,691300,0
ASHM.L,20071112,270.00,272.75,258.00,260.00,884200,0
ASHM.L,20071109,278.25,284.50,266.00,270.50,852300,0
ASHM.L,20071108,274.00,283.50,273.25,279.75,597300,0
ASHM.L,20071107,277.00,278.75,273.00,275.50,499600,0
ASHM.L,20071106,286.00,286.00,280.25,281.50,434200,0
ASHM.L,20071105,280.25,287.50,280.00,281.25,771300,0
ASHM.L,20071102,284.50,287.50,279.25,282.75,376800,0
ASHM.L,20071101,289.00,292.00,278.00,289.00,585500,0
ASHM.L,20071031,283.25,292.50,283.25,292.00,1035700,0
ASHM.L,20071030,284.00,289.00,280.25,283.25,261300,0
ASHM.L,20071029,277.00,290.00,277.00,286.00,517400,0
ASHM.L,20071026,276.75,281.25,268.25,281.00,848600,0
ASHM.L,20071025,274.50,275.00,271.50,273.00,1216000,0
ASHM.L,20071024,271.50,275.00,270.25,270.25,702200,0
ASHM.L,20071023,275.00,278.00,271.50,273.00,834900,0
ASHM.L,20071022,274.00,275.00,270.25,270.50,1408500,0
ASHM.L,20071019,279.00,282.50,275.00,277.00,339900,0
ASHM.L,20071018,280.00,280.00,275.00,277.50,875300,0
ASHM.L,20071017,279.00,282.50,277.75,277.75,779400,0
ASHM.L,20071016,273.00,279.00,270.50,273.25,4540000,0
ASHM.L,20071015,280.00,281.75,275.00,275.50,862500,0
ASHM.L,20071012,280.00,280.00,272.75,275.25,873200,0
ASHM.L,20071011,284.00,287.00,280.00,282.00,5308500,0
ASHM.L,20071010,280.00,285.00,278.25,280.75,1933700,0
ASHM.L,20071009,286.50,286.50,277.75,280.50,2169800,0
ASHM.L,20071008,295.00,295.00,286.75,287.50,3873300,0
ASHM.L,20071005,292.00,296.00,289.25,291.00,2671800,0
ASHM.L,20071004,295.00,303.00,294.00,301.25,1798500,0
ASHM.L,20071003,292.00,303.00,292.00,296.50,2154800,0
ASHM.L,20071002,290.00,300.75,285.25,294.75,1717300,0
ASHM.L,20071001,287.00,289.75,282.00,286.00,1141600,0
ASHM.L,20070928,280.00,290.00,280.00,290.00,2935000,0
ASHM.L,20070927,275.00,297.00,274.00,281.50,2335800,0
ASHM.L,20070926,268.00,275.00,265.00,272.25,971300,0
ASHM.L,20070925,265.00,268.50,263.00,265.00,4135900,0
ASHM.L,20070924,265.00,269.00,265.00,266.25,1419200,0
ASHM.L,20070921,265.50,268.00,264.75,265.50,1104100,0
ASHM.L,20070920,263.00,269.00,262.25,266.00,1158900,0
ASHM.L,20070919,262.00,269.00,262.00,266.00,1844800,0
ASHM.L,20070918,245.00,255.00,245.00,250.00,1680100,0
ASHM.L,20070917,250.00,255.50,237.00,247.00,1116800,0
ASHM.L,20070914,256.00,259.50,250.50,251.75,1223300,0
ASHM.L,20070913,245.00,265.00,245.00,263.00,1570100,0
ASHM.L,20070912,248.00,249.00,237.75,245.25,42670100,0
ASHM.L,20070911,245.00,256.00,242.25,256.00,783300,0
ASHM.L,20070910,246.00,251.50,242.00,243.00,442400,0
ASHM.L,20070907,240.25,252.00,240.25,249.25,2188500,0
ASHM.L,20070906,240.00,241.75,235.00,241.75,715400,0
ASHM.L,20070905,240.00,249.75,237.00,241.25,1442800,0
ASHM.L,20070904,231.00,249.00,230.00,245.25,1050600,0
ASHM.L,20070903,223.00,240.00,223.00,234.25,1002000,0
ASHM.L,20070831,221.75,225.00,218.00,223.00,780300,0
ASHM.L,20070830,218.00,223.75,214.50,218.50,1076000,0
ASHM.L,20070829,212.00,215.00,207.25,215.00,2938600,0
ASHM.L,20070828,218.75,220.75,215.00,215.00,1675100,0
ASHM.L,20070824,220.00,224.00,220.00,220.00,292100,0
ASHM.L,20070823,224.00,233.00,220.00,222.00,628600,0
ASHM.L,20070822,220.00,225.00,218.00,218.00,542600,0
ASHM.L,20070821,217.75,219.75,213.00,217.75,895200,0
ASHM.L,20070820,213.00,220.00,213.00,215.75,838500,0
ASHM.L,20070817,205.00,232.00,200.00,212.00,3694100,0
ASHM.L,20070816,217.00,217.75,205.00,205.00,1386400,0
ASHM.L,20070815,227.25,227.25,215.00,220.50,1713900,0
ASHM.L,20070813,226.25,233.00,226.00,230.00,1097300,0
ASHM.L,20070810,224.00,230.00,220.50,224.25,2256900,0
ASHM.L,20070809,243.00,255.00,224.00,230.00,6196700,0
ASHM.L,20070808,218.75,242.00,218.75,236.00,3593100,0
ASHM.L,20070807,207.25,217.00,207.25,217.00,9651000,0
ASHM.L,20070806,218.00,218.00,202.25,204.00,1660300,0
ASHM.L,20070803,229.00,233.25,220.00,221.75,1047100,0
ASHM.L,20070802,230.00,230.00,223.00,224.50,732100,0
ASHM.L,20070801,224.00,227.00,216.00,225.00,1325700,0
ASHM.L,20070731,227.50,233.00,226.00,226.25,803600,0
ASHM.L,20070730,225.00,229.75,220.25,226.00,813100,0
ASHM.L,20070727,227.00,230.00,220.00,221.25,1483300,0
ASHM.L,20070726,245.00,245.00,220.00,230.00,5848200,0
ASHM.L,20070725,249.00,250.00,240.75,241.25,1175100,0
ASHM.L,20070724,260.00,264.50,252.75,253.00,652200,0
ASHM.L,20070723,264.00,270.00,260.50,261.50,795300,0
ASHM.L,20070720,270.00,274.00,264.00,265.75,548500,0
ASHM.L,20070719,267.00,269.75,264.00,267.00,732700,0
ASHM.L,20070718,268.00,269.50,261.00,262.50,1970700,0
ASHM.L,20070717,280.00,282.00,268.00,268.25,1188400,0
ASHM.L,20070716,273.75,279.75,271.50,278.00,430200,0
ASHM.L,20070713,272.25,280.00,268.75,278.00,892800,0
ASHM.L,20070712,273.25,274.50,267.00,267.50,715500,0
ASHM.L,20070711,277.00,280.00,270.50,270.50,896100,0
ASHM.L,20070710,280.50,287.00,277.00,277.50,2741300,0
ASHM.L,20070709,286.00,287.00,282.25,282.50,263700,0
ASHM.L,20070706,284.00,285.75,283.00,283.25,407300,0
ASHM.L,20070705,284.00,284.00,280.75,283.50,793800,0
ASHM.L,20070704,280.00,284.25,280.00,284.25,1917500,0
ASHM.L,20070703,273.75,280.00,272.00,278.00,2343700,0
ASHM.L,20070702,265.00,274.75,265.00,274.75,541500,0
ASHM.L,20070629,270.00,271.00,266.00,269.25,1277200,0
ASHM.L,20070628,265.00,270.00,264.00,270.00,3498300,0
ASHM.L,20070627,267.00,267.50,257.00,266.00,4295400,0
ASHM.L,20070626,273.00,278.25,270.00,270.00,884100,0
ASHM.L,20070625,280.00,282.75,275.00,275.00,393500,0
ASHM.L,20070622,285.00,289.75,278.00,278.00,1155900,0
ASHM.L,20070621,280.50,288.00,280.50,285.00,2693800,0
ASHM.L,20070620,288.00,288.00,283.50,285.00,2534400,0
ASHM.L,20070619,300.25,300.25,288.75,288.75,4707700,0
ASHM.L,20070618,302.00,335.00,300.00,305.50,841800,0
ASHM.L,20070615,299.00,308.50,295.00,303.25,678200,0
ASHM.L,20070614,293.00,295.00,288.75,294.00,719000,0
ASHM.L,20070613,285.00,292.50,278.75,288.50,1421900,0
ASHM.L,20070612,295.00,295.00,280.00,283.00,1273800,0
ASHM.L,20070611,300.00,300.00,294.25,295.00,885500,0
ASHM.L,20070608,295.00,297.00,287.00,291.50,494400,0
ASHM.L,20070607,303.00,303.00,294.00,296.00,688800,0
ASHM.L,20070606,308.25,313.00,300.00,300.00,619600,0
ASHM.L,20070605,310.00,312.00,308.25,308.25,388500,0
ASHM.L,20070604,309.00,312.75,309.00,310.00,339600,0
ASHM.L,20070531,310.00,312.00,307.50,309.50,180800,0
ASHM.L,20070530,307.00,309.75,304.00,307.00,403400,0
ASHM.L,20070529,308.00,310.00,307.25,309.50,1116500,0
ASHM.L,20070525,314.75,314.75,303.00,306.00,532700,0
ASHM.L,20070524,307.00,315.00,307.00,311.00,287900,0
ASHM.L,20070523,312.75,312.75,308.00,310.00,585700,0
ASHM.L,20070522,307.00,312.75,307.00,309.25,537100,0
ASHM.L,20070521,310.00,311.75,306.25,306.25,608400,0
ASHM.L,20070518,313.75,314.00,305.25,306.75,177800,0
ASHM.L,20070517,302.25,315.75,302.25,313.75,382400,0
ASHM.L,20070516,298.00,306.75,298.00,302.50,1564900,0
ASHM.L,20070515,301.50,304.75,297.25,298.50,831700,0
ASHM.L,20070514,310.00,310.00,294.00,300.75,474800,0
ASHM.L,20070511,312.50,313.00,303.00,307.50,772200,0
ASHM.L,20070510,313.00,315.75,312.50,315.25,365500,0
ASHM.L,20070509,321.50,323.50,312.50,314.75,3740200,0
ASHM.L,20070508,325.00,325.00,320.25,323.50,626200,0
ASHM.L,20070504,323.50,328.00,317.00,328.00,227000,0
ASHM.L,20070503,329.25,329.25,317.75,317.75,775500,0
ASHM.L,20070502,316.50,328.00,316.50,325.75,847800,0
ASHM.L,20070501,320.00,327.00,316.25,321.50,202800,0
ASHM.L,20070430,323.00,329.00,322.75,326.25,4432400,0
ASHM.L,20070427,325.00,328.00,320.00,325.75,594700,0
ASHM.L,20070426,325.00,331.75,322.25,327.00,3145900,0
ASHM.L,20070424,313.00,315.00,308.00,315.00,619400,0
ASHM.L,20070423,306.75,314.75,306.75,310.00,767800,0
ASHM.L,20070420,310.00,312.00,309.00,309.50,838600,0
ASHM.L,20070419,309.00,310.75,306.00,307.50,1177300,0
ASHM.L,20070418,303.00,316.00,303.00,310.00,1690200,0
ASHM.L,20070417,297.00,303.00,296.00,300.00,782500,0
ASHM.L,20070416,296.25,300.00,292.00,297.00,289300,0
ASHM.L,20070413,295.00,297.00,288.00,292.00,989400,0
ASHM.L,20070412,295.00,298.75,288.00,291.00,563400,0
ASHM.L,20070411,297.00,302.50,295.00,302.50,846100,0
ASHM.L,20070410,291.50,295.25,291.50,295.00,983800,0
ASHM.L,20070405,295.50,301.25,288.75,288.75,2877800,0
ASHM.L,20070404,290.00,303.50,290.00,295.00,662900,0
ASHM.L,20070403,284.00,297.50,283.25,297.00,428800,0
ASHM.L,20070402,295.00,295.75,272.00,282.00,278800,0
ASHM.L,20070330,291.50,291.50,286.00,289.75,278100,0
ASHM.L,20070329,293.00,295.00,287.00,287.00,1025300,0
ASHM.L,20070328,290.00,295.75,285.00,285.00,735700,0
ASHM.L,20070327,298.50,298.75,290.00,294.00,201400,0
ASHM.L,20070326,298.50,298.50,294.50,295.50,736400,0
ASHM.L,20070323,297.00,302.00,294.00,298.50,282600,0
ASHM.L,20070322,296.00,303.00,295.00,302.00,186200,0
ASHM.L,20070321,285.00,294.75,278.00,294.75,522000,0
ASHM.L,20070320,285.00,285.00,275.00,283.75,255700,0
ASHM.L,20070319,275.50,288.00,275.00,281.25,313200,0
ASHM.L,20070316,275.25,277.00,270.00,277.00,697600,0
ASHM.L,20070315,269.00,275.25,267.00,272.75,375800,0
ASHM.L,20070314,267.00,271.00,261.50,264.50,1416600,0
ASHM.L,20070313,273.00,280.00,269.75,270.50,238900,0
ASHM.L,20070312,280.00,285.00,270.00,274.00,491700,0
ASHM.L,20070309,283.00,285.75,278.00,285.75,636400,0
ASHM.L,20070308,275.00,284.50,275.00,280.00,376800,0
ASHM.L,20070307,271.75,275.00,269.00,275.00,428900,0
ASHM.L,20070306,263.75,271.00,262.00,267.50,620400,0
ASHM.L,20070305,265.00,265.00,250.00,260.00,2505900,0
ASHM.L,20070302,260.00,271.75,259.75,269.75,2090900,0
ASHM.L,20070301,275.00,278.00,252.00,252.00,2450500,0
ASHM.L,20070228,273.00,280.00,270.00,272.50,4593800,0
ASHM.L,20070227,285.00,285.00,270.00,277.00,939300,0
ASHM.L,20070226,290.00,290.00,287.00,287.25,64200,0
ASHM.L,20070223,289.00,295.00,285.00,287.00,136600,0
ASHM.L,20070222,285.00,292.00,280.00,289.00,256400,0
ASHM.L,20070221,297.25,297.50,285.00,285.00,359700,0
ASHM.L,20070220,293.75,297.50,290.00,293.75,165900,0
ASHM.L,20070216,250.00,295.00,250.00,293.00,818700,0
ASHM.L,20070215,291.00,302.00,288.00,298.00,925000,0
ASHM.L,20070214,289.75,291.00,282.00,289.25,12870400,0
ASHM.L,20070213,283.00,292.75,280.75,287.00,644300,0
ASHM.L,20070212,290.00,290.25,275.50,281.00,2453200,0
ASHM.L,20070209,295.00,298.00,291.00,294.00,555200,0
ASHM.L,20070208,287.00,302.25,285.00,296.00,2979800,0
ASHM.L,20070207,272.00,291.75,272.00,291.75,3710100,0
ASHM.L,20070206,262.00,272.50,262.00,272.50,97000,0
ASHM.L,20070205,258.00,270.00,258.00,265.00,2361000,0
ASHM.L,20070202,255.00,262.00,255.00,262.00,267500,0
ASHM.L,20070201,253.00,265.00,253.00,256.50,1403000,0
ASHM.L,20070131,246.00,250.50,246.00,250.00,1181600,0
ASHM.L,20070130,245.00,250.00,245.00,249.75,4997000,0
ASHM.L,20070129,241.00,248.75,238.00,247.75,665900,0
ASHM.L,20070126,238.00,245.25,237.50,241.25,508100,0
ASHM.L,20070125,243.50,245.25,240.00,245.25,3209500,0
ASHM.L,20070124,235.00,247.00,235.00,238.25,299200,0
ASHM.L,20070123,239.75,239.75,232.00,234.00,2096400,0
ASHM.L,20070122,240.25,243.50,234.00,235.00,974200,0
ASHM.L,20070119,247.00,247.00,237.00,239.00,8276900,0
ASHM.L,20070118,244.00,245.00,238.50,240.75,8395300,0
ASHM.L,20070117,248.00,250.00,235.25,241.00,3435800,0
ASHM.L,20070116,250.00,250.00,240.00,242.00,968000,0
ASHM.L,20070115,253.00,255.00,245.00,255.00,199200,0
ASHM.L,20070112,250.00,252.50,245.00,250.00,3122800,0
ASHM.L,20070111,251.50,251.75,240.00,251.75,3206800,0
ASHM.L,20070110,250.00,257.00,250.00,250.00,714800,0
ASHM.L,20070109,255.00,259.00,250.00,250.25,1524600,0
ASHM.L,20070108,247.00,255.00,247.00,251.50,1508400,0
ASHM.L,20070105,249.00,251.00,242.00,250.25,1993600,0
ASHM.L,20070104,260.00,260.00,245.00,250.00,3401900,0
ASHM.L,20070103,258.75,264.00,258.75,262.00,7584800,0
ASHM.L,20070102,259.75,259.75,257.75,258.75,1766700,0
ASHM.L,20061229,250.00,258.75,250.00,258.75,72400,0
ASHM.L,20061228,259.50,262.75,247.50,247.50,392000,0
ASHM.L,20061227,252.00,259.00,252.00,258.75,363700,0
ASHM.L,20061222,245.00,253.00,243.00,253.00,50800,0
ASHM.L,20061221,235.00,247.00,232.00,243.00,343100,0
ASHM.L,20061220,235.00,239.75,230.00,230.00,605700,0
ASHM.L,20061219,230.00,235.00,230.00,234.75,1188700,0
ASHM.L,20061218,246.00,246.00,230.00,230.00,3113200,0
ASHM.L,20061215,259.50,259.75,242.25,242.25,6264500,0
ASHM.L,20061214,260.00,265.00,260.00,260.00,9233100,0
ASHM.L,20061213,258.00,271.50,258.00,264.50,2926700,0
ASHM.L,20061212,254.25,267.00,254.25,267.00,13157600,0
ASHM.L,20061211,256.00,258.00,253.00,256.00,5878200,0
ASHM.L,20061208,243.00,258.00,243.00,258.00,4819500,0
ASHM.L,20061207,237.00,241.00,237.00,241.00,3546200,0
ASHM.L,20061206,231.50,243.00,231.50,237.00,404600,0
ASHM.L,20061205,230.00,234.00,230.00,231.50,1600100,0
ASHM.L,20061204,226.75,230.00,220.00,229.50,942000,0
ASHM.L,20061201,220.00,220.00,218.00,219.00,76400,0
ASHM.L,20061130,215.00,223.00,215.00,223.75,1316400,0
ASHM.L,20061129,214.00,214.00,210.00,212.00,223100,0
ASHM.L,20061128,208.00,211.50,208.00,211.50,865100,0
ASHM.L,20061127,209.50,216.00,207.50,211.00,3452800,0
ASHM.L,20061124,202.00,208.75,202.00,208.75,710100,0
ASHM.L,20061123,205.00,205.00,205.00,204.00,62000,0
ASHM.L,20061122,207.00,207.00,207.00,207.00,1400,0
ASHM.L,20061121,203.50,205.00,203.25,205.75,523100,0
ASHM.L,20061120,198.00,200.00,198.00,200.25,1433800,0
ASHM.L,20061117,197.75,197.75,197.75,197.75,5000,0
ASHM.L,20061116,196.50,196.50,196.50,196.50,1427300,0
ASHM.L,20061115,193.75,193.75,193.75,193.75,200000,0
ASHM.L,20061114,195.00,195.00,195.00,195.00,91300,0
ASHM.L,20061113,198.00,198.00,194.00,194.00,3011200,0
ASHM.L,20061110,195.00,197.00,195.00,196.00,681300,0
ASHM.L,20061109,195.00,195.00,194.00,194.00,1476600,0
ASHM.L,20061108,190.00,190.00,189.00,189.00,163800,0
ASHM.L,20061107,191.25,191.25,191.25,191.25,120100,0
ASHM.L,20061106,190.00,192.00,190.00,193.50,4633900,0
ASHM.L,20061103,195.00,195.00,190.25,192.00,307000,0
ASHM.L,20061102,196.00,196.00,192.00,193.25,2079100,0
ASHM.L,20061101,195.00,196.00,192.00,192.25,1004700,0
ASHM.L,20061031,196.00,196.00,194.75,194.75,763200,0
ASHM.L,20061030,196.25,197.00,196.00,196.75,672300,0
ASHM.L,20061027,196.25,196.25,196.25,198.75,50500,0
ASHM.L,20061026,198.00,201.00,198.00,201.00,649100,0
ASHM.L,20061025,195.00,198.00,195.00,197.00,3019900,0
ASHM.L,20061024,197.50,203.00,192.00,197.50,2786500,0
ASHM.L,20061023,198.00,199.00,195.00,198.75,661800,0
ASHM.L,20061020,206.00,206.00,198.00,198.00,1763300,0
ASHM.L,20061019,206.00,207.00,206.00,206.25,3807500,0
ASHM.L,20061018,203.00,208.00,203.00,207.00,2735900,0
ASHM.L,20061017,200.00,208.00,200.00,206.00,11866300,0
ASHM.L,20061016,195.00,203.00,195.00,199.00,10545100,0
ASHM.L,20061013,192.00,193.50,190.00,193.75,5821900,0
ASHM.L,20061012,185.00,202.00,185.00,192.00,49523900,0
