BNZL.L,20120824,1105.00,1114.00,1102.00,1111.00,443600,0
BNZL.L,20120823,1106.00,1109.00,1098.80,1103.00,727800,0
BNZL.L,20120822,1106.00,1107.00,1086.00,1095.00,903600,0
BNZL.L,20120821,1108.00,1115.10,1101.00,1112.00,850900,0
BNZL.L,20120820,1110.00,1119.00,1102.00,1108.00,576100,0
BNZL.L,20120817,1103.00,1112.11,1098.00,1112.00,1106200,0
BNZL.L,20120816,1113.00,1113.00,1092.00,1097.00,881100,0
BNZL.L,20120815,1114.00,1114.00,1107.00,1110.00,1446900,0
BNZL.L,20120814,1116.00,1121.08,1110.00,1113.00,926600,0
BNZL.L,20120813,1117.00,1117.00,1099.00,1110.00,786700,0
BNZL.L,20120810,1125.00,1147.00,1105.00,1113.00,1080400,0
BNZL.L,20120809,1153.00,1168.00,1144.00,1167.00,629500,0
BNZL.L,20120808,1132.00,1154.00,1127.00,1147.00,540100,0
BNZL.L,20120807,1144.00,1151.00,1130.00,1136.00,644400,0
BNZL.L,20120806,1145.00,1157.79,1138.00,1147.00,525800,0
BNZL.L,20120803,1124.00,1151.00,1120.40,1146.00,467600,0
BNZL.L,20120802,1133.00,1139.00,1114.00,1120.00,631400,0
BNZL.L,20120801,1114.00,1138.00,1112.00,1135.00,396300,0
BNZL.L,20120731,1121.00,1131.00,1114.00,1114.00,744900,0
BNZL.L,20120727,1115.00,1119.00,1102.00,1113.00,471700,0
BNZL.L,20120726,1100.00,1109.00,1088.00,1109.00,510600,0
BNZL.L,20120725,1084.00,1099.00,1080.00,1098.00,474300,0
BNZL.L,20120724,1081.00,1087.00,1080.00,1084.00,597100,0
BNZL.L,20120723,1090.00,1099.00,1079.00,1079.00,468400,0
BNZL.L,20120720,1105.00,1118.00,1100.96,1106.00,807500,0
BNZL.L,20120719,1089.00,1106.00,1089.00,1106.00,587100,0
BNZL.L,20120718,1084.00,1090.00,1073.00,1088.00,545100,0
BNZL.L,20120717,1082.00,1084.00,1075.00,1081.00,445000,0
BNZL.L,20120716,1078.00,1085.00,1071.00,1083.00,396700,0
BNZL.L,20120713,1071.00,1079.00,1063.00,1074.00,479200,0
BNZL.L,20120712,1067.00,1074.00,1066.00,1066.00,355900,0
BNZL.L,20120711,1066.00,1074.00,1063.00,1070.00,473600,0
BNZL.L,20120710,1064.00,1074.00,1060.00,1073.00,454900,0
BNZL.L,20120709,1065.00,1069.00,1059.00,1062.00,380500,0
BNZL.L,20120706,1072.00,1072.00,1058.00,1063.00,739700,0
BNZL.L,20120705,1070.00,1079.00,1065.00,1069.00,926400,0
BNZL.L,20120704,1066.00,1078.00,1065.00,1073.00,370200,0
BNZL.L,20120703,1054.00,1072.00,1054.00,1069.00,612000,0
BNZL.L,20120702,1047.00,1062.00,1044.00,1055.00,719300,0
BNZL.L,20120629,1042.00,1052.17,1038.00,1043.00,950300,0
BNZL.L,20120628,1037.00,1037.00,1016.00,1030.00,751600,0
BNZL.L,20120627,1020.00,1037.00,1007.60,1035.00,652100,0
BNZL.L,20120626,1025.00,1025.00,1008.00,1020.00,709000,0
BNZL.L,20120625,1036.00,1036.00,1016.00,1022.00,1346200,0
BNZL.L,20120622,1046.00,1046.00,1027.00,1035.00,436300,0
BNZL.L,20120621,1049.00,1055.00,1043.00,1049.00,747300,0
BNZL.L,20120620,1046.00,1056.00,1034.00,1053.00,529800,0
BNZL.L,20120619,1030.00,1050.00,1030.00,1045.00,389600,0
BNZL.L,20120618,1028.00,1033.00,1015.00,1029.00,371900,0
BNZL.L,20120615,1038.00,1038.00,1016.39,1017.00,1589400,0
BNZL.L,20120614,1037.00,1047.00,1026.00,1035.00,594600,0
BNZL.L,20120613,1045.00,1046.00,1026.00,1042.00,612900,0
BNZL.L,20120612,1043.00,1052.00,1029.00,1044.00,587400,0
BNZL.L,20120611,1051.00,1054.80,1040.00,1043.00,451800,0
BNZL.L,20120608,1028.00,1043.00,1024.00,1040.00,583000,0
BNZL.L,20120607,1013.00,1037.00,1008.00,1033.00,650000,0
BNZL.L,20120606,1002.00,1023.00,995.00,1007.00,1395900,0
BNZL.L,20120601,1034.00,1034.00,993.50,999.50,981600,0
BNZL.L,20120531,1021.00,1032.12,1015.55,1023.00,1132100,0
BNZL.L,20120530,1029.00,1029.00,1017.00,1018.00,457600,0
BNZL.L,20120529,1024.00,1037.00,1021.20,1031.00,739000,0
BNZL.L,20120528,1016.00,1025.00,1010.97,1017.00,354100,0
BNZL.L,20120525,1007.00,1015.00,998.50,1006.00,424600,0
BNZL.L,20120524,1005.00,1009.00,997.50,1002.00,593500,0
BNZL.L,20120523,1003.00,1008.00,995.50,997.00,523700,0
BNZL.L,20120522,1001.00,1014.00,1001.00,1011.00,511000,0
BNZL.L,20120521,989.50,999.00,987.94,993.50,597700,0
BNZL.L,20120518,1000.00,1002.00,990.00,990.00,846700,0
BNZL.L,20120517,1018.00,1024.00,1007.00,1007.00,585400,0
BNZL.L,20120516,1005.00,1026.00,1000.00,1019.00,653700,0
BNZL.L,20120514,1020.00,1020.00,1005.00,1015.00,334000,0
BNZL.L,20120511,1004.00,1025.00,999.50,1022.00,514100,0
BNZL.L,20120510,1010.00,1015.52,999.50,1003.00,986700,0
BNZL.L,20120509,1019.00,1023.00,996.50,999.25,948100,0
BNZL.L,20120508,1036.00,1044.00,1027.00,1035.00,1322500,0
BNZL.L,20120504,1065.00,1066.00,1034.00,1040.00,749200,0
BNZL.L,20120503,1048.00,1070.00,1046.00,1063.00,1055600,0
BNZL.L,20120502,1056.00,1058.00,1035.00,1047.00,519000,0
BNZL.L,20120501,1026.00,1053.00,1026.00,1048.00,610100,0
BNZL.L,20120430,1035.00,1035.00,1020.00,1023.00,737900,0
BNZL.L,20120427,1019.00,1032.00,1019.00,1029.00,412900,0
BNZL.L,20120426,1024.00,1031.50,1019.00,1025.00,472400,0
BNZL.L,20120425,1024.00,1030.00,997.00,1020.00,827400,0
BNZL.L,20120424,1016.00,1022.00,1011.00,1021.00,553800,0
BNZL.L,20120423,1029.00,1030.00,1011.00,1016.00,529500,0
BNZL.L,20120420,1032.00,1034.00,1022.00,1030.00,623000,0
BNZL.L,20120419,1024.00,1034.00,1021.00,1029.00,790700,0
BNZL.L,20120418,1021.00,1025.00,1008.00,1018.00,905100,0
BNZL.L,20120417,1007.00,1026.00,1004.00,1026.00,1379800,0
BNZL.L,20120416,993.00,1010.00,993.00,1007.00,1087400,0
BNZL.L,20120413,998.00,1000.00,992.00,998.00,1533500,0
BNZL.L,20120412,992.50,999.00,992.00,999.00,1707300,0
BNZL.L,20120411,991.00,998.07,987.99,993.50,972500,0
BNZL.L,20120410,998.50,1004.00,989.50,990.00,1011400,0
BNZL.L,20120405,990.50,1007.00,988.50,1005.00,751900,0
BNZL.L,20120404,1014.00,1024.00,987.00,990.50,723100,0
BNZL.L,20120403,1018.00,1025.00,1011.00,1020.00,1059800,0
BNZL.L,20120402,1004.00,1028.00,1001.00,1028.00,1191200,0
BNZL.L,20120330,994.50,1008.00,992.50,1004.00,1435300,0
BNZL.L,20120329,1003.00,1003.00,985.36,991.00,1871900,0
BNZL.L,20120328,1006.00,1021.00,1003.00,1005.00,1397100,0
BNZL.L,20120327,1011.00,1012.50,999.50,1007.00,995600,0
BNZL.L,20120326,1001.00,1016.00,996.50,1013.00,1050700,0
BNZL.L,20120323,998.00,1003.00,993.50,996.50,1514500,0
BNZL.L,20120322,1004.00,1012.00,995.50,1001.00,803500,0
BNZL.L,20120321,995.00,1008.00,995.00,1002.00,740000,0
BNZL.L,20120320,991.00,997.89,985.50,995.00,779200,0
BNZL.L,20120319,1003.00,1003.00,990.00,996.00,436400,0
BNZL.L,20120316,998.00,1008.00,995.00,1002.00,1035600,0
BNZL.L,20120315,997.00,1005.00,991.50,998.00,1337400,0
BNZL.L,20120314,1005.00,1009.00,998.00,999.50,844300,0
BNZL.L,20120313,1005.00,1005.00,997.00,1000.00,802400,0
BNZL.L,20120312,991.50,1000.00,986.36,999.50,615200,0
BNZL.L,20120309,985.50,993.00,981.50,990.00,957800,0
BNZL.L,20120308,965.50,987.50,960.50,986.00,1055600,0
BNZL.L,20120307,948.00,965.00,944.20,962.00,654300,0
BNZL.L,20120306,960.50,960.50,939.00,946.00,956300,0
BNZL.L,20120305,956.50,969.50,956.50,960.50,1117200,0
BNZL.L,20120302,977.00,978.00,960.00,961.50,908300,0
BNZL.L,20120301,965.50,979.50,961.00,973.00,1367100,0
BNZL.L,20120229,939.50,969.50,936.50,962.00,1473800,0
BNZL.L,20120228,957.00,961.50,923.50,944.50,1325300,0
BNZL.L,20120227,945.50,958.50,939.50,952.00,1499000,0
BNZL.L,20120224,926.00,938.00,923.00,930.50,798900,0
BNZL.L,20120223,915.00,928.50,915.00,926.00,681700,0
BNZL.L,20120222,910.50,920.50,908.50,917.00,654400,0
BNZL.L,20120221,924.00,924.00,906.50,908.50,1102500,0
BNZL.L,20120220,927.00,931.50,921.50,924.50,506700,0
BNZL.L,20120217,917.00,925.00,916.00,922.50,577900,0
BNZL.L,20120216,912.00,927.50,901.50,915.00,923600,0
BNZL.L,20120215,912.00,925.00,909.00,914.50,620700,0
BNZL.L,20120214,885.50,912.50,885.00,910.50,1162300,0
BNZL.L,20120213,875.00,881.00,875.00,878.00,418400,0
BNZL.L,20120210,865.00,879.50,863.89,872.00,1153800,0
BNZL.L,20120209,869.00,869.50,861.50,865.50,688000,0
BNZL.L,20120208,871.50,874.00,865.00,869.00,804900,0
BNZL.L,20120207,871.00,874.00,865.92,870.50,929700,0
BNZL.L,20120206,879.00,879.00,867.50,873.00,743300,0
BNZL.L,20120203,871.00,880.00,863.71,879.00,915300,0
BNZL.L,20120202,874.50,878.50,869.50,869.50,701100,0
BNZL.L,20120201,861.50,878.50,860.50,873.00,854300,0
BNZL.L,20120131,856.00,865.00,852.00,861.00,918900,0
BNZL.L,20120130,853.00,857.50,847.50,851.50,1256400,0
BNZL.L,20120127,854.50,862.50,851.50,856.00,872300,0
BNZL.L,20120126,856.50,870.00,855.50,857.00,760500,0
BNZL.L,20120125,861.00,864.00,853.00,855.50,1073200,0
BNZL.L,20120124,859.00,864.50,854.50,859.50,476600,0
BNZL.L,20120123,867.00,868.50,860.50,863.50,643300,0
BNZL.L,20120120,867.50,869.00,855.00,865.50,1268700,0
BNZL.L,20120119,871.00,873.34,862.50,865.50,1008600,0
BNZL.L,20120118,877.00,880.00,865.90,868.00,1401700,0
BNZL.L,20120117,886.00,889.00,868.50,875.00,825300,0
BNZL.L,20120116,872.50,884.00,872.50,880.00,767200,0
BNZL.L,20120113,893.00,894.00,877.00,882.50,945600,0
BNZL.L,20120112,897.00,910.50,891.50,895.50,650500,0
BNZL.L,20120111,903.50,909.00,896.00,900.00,539200,0
BNZL.L,20120110,894.00,908.50,893.00,906.50,822700,0
BNZL.L,20120109,888.00,897.00,883.50,892.00,708300,0
BNZL.L,20120106,884.50,892.50,879.50,887.50,527200,0
BNZL.L,20120105,888.00,894.00,882.00,882.00,775800,0
BNZL.L,20120104,883.00,893.00,881.70,888.50,1119300,0
BNZL.L,20120103,895.50,898.50,876.50,883.00,1099400,0
BNZL.L,20111230,878.00,887.50,876.00,884.00,220300,0
BNZL.L,20111229,870.00,876.00,864.50,876.00,429500,0
BNZL.L,20111228,864.50,875.00,855.00,871.00,717000,0
BNZL.L,20111223,857.00,861.50,853.00,861.50,202200,0
BNZL.L,20111222,848.00,855.00,846.50,852.50,597600,0
BNZL.L,20111221,860.00,861.50,842.00,846.00,765200,0
BNZL.L,20111220,840.00,855.50,838.50,855.50,920700,0
BNZL.L,20111219,840.00,846.00,837.00,843.00,987000,0
BNZL.L,20111216,850.00,855.00,846.50,851.00,1296300,0
BNZL.L,20111215,847.50,851.50,839.50,848.00,1558600,0
BNZL.L,20111214,850.50,858.50,845.50,849.50,2105200,0
BNZL.L,20111213,839.00,858.00,834.50,855.00,1492900,0
BNZL.L,20111212,842.50,843.50,832.50,840.00,1146400,0
BNZL.L,20111209,836.00,844.50,833.00,843.00,1331100,0
BNZL.L,20111208,844.00,852.00,839.50,844.50,954400,0
BNZL.L,20111207,838.00,843.00,829.00,843.00,963600,0
BNZL.L,20111206,827.00,833.08,826.00,829.00,736900,0
BNZL.L,20111205,836.00,837.00,828.00,828.50,561000,0
BNZL.L,20111202,836.00,838.50,827.50,830.00,955700,0
BNZL.L,20111201,831.00,836.00,823.50,827.50,1521500,0
BNZL.L,20111130,816.00,838.00,811.50,830.00,2047400,0
BNZL.L,20111129,808.50,821.50,808.27,819.50,938600,0
BNZL.L,20111128,800.50,810.50,798.50,806.00,933100,0
BNZL.L,20111125,785.50,802.00,780.50,796.50,442300,0
BNZL.L,20111124,787.00,791.00,782.00,786.50,624000,0
BNZL.L,20111123,784.00,789.00,785.98,785.50,816300,0
BNZL.L,20111122,779.00,788.31,779.00,787.50,874300,0
BNZL.L,20111121,783.50,784.50,768.50,778.50,718600,0
BNZL.L,20111118,784.00,793.00,787.50,787.50,1222600,0
BNZL.L,20111117,801.00,795.78,787.50,794.00,1284300,0
BNZL.L,20111116,807.00,820.03,796.50,801.50,1534400,0
BNZL.L,20111115,803.00,810.00,796.00,805.50,700600,0
BNZL.L,20111114,806.50,810.00,802.00,806.00,863500,0
BNZL.L,20111111,783.50,809.50,780.50,807.50,730600,0
BNZL.L,20111110,779.00,796.00,775.38,783.00,1032600,0
BNZL.L,20111109,809.00,809.00,786.50,789.00,829200,0
BNZL.L,20111108,798.50,811.00,798.50,807.50,574800,0
BNZL.L,20111107,797.00,802.50,788.00,799.00,448400,0
BNZL.L,20111104,806.50,809.00,797.00,800.50,750100,0
BNZL.L,20111103,785.00,806.50,778.50,804.00,726500,0
BNZL.L,20111102,801.50,808.50,788.50,792.50,737600,0
BNZL.L,20111101,799.50,799.50,781.50,795.50,1015900,0
BNZL.L,20111031,816.50,821.00,806.00,806.00,1141900,0
BNZL.L,20111028,821.00,825.00,815.00,820.50,804500,0
BNZL.L,20111027,821.50,823.00,810.00,817.50,1316000,0
BNZL.L,20111026,806.00,814.50,798.00,804.50,1204900,0
BNZL.L,20111025,799.50,818.00,792.00,813.50,1506700,0
BNZL.L,20111024,819.50,827.50,808.50,811.50,1501800,0
BNZL.L,20111021,808.50,819.00,801.50,815.00,1100300,0
BNZL.L,20111020,799.00,812.50,796.00,804.00,1203700,0
BNZL.L,20111019,797.00,979.50,793.50,810.00,1015500,0
BNZL.L,20111018,787.00,793.00,780.50,792.00,962500,0
BNZL.L,20111017,800.00,800.50,786.50,792.00,902000,0
BNZL.L,20111014,790.50,804.50,787.50,792.50,700100,0
BNZL.L,20111013,782.50,790.00,781.00,790.00,716400,0
BNZL.L,20111012,777.50,789.50,770.00,785.00,1246700,0
BNZL.L,20111011,767.00,777.50,744.80,774.00,1156100,0
BNZL.L,20111010,792.00,793.50,779.50,787.00,606200,0
BNZL.L,20111007,784.50,793.00,779.00,785.00,660900,0
BNZL.L,20111006,774.50,788.50,774.50,786.00,969600,0
BNZL.L,20111005,772.50,781.50,768.00,777.50,832100,0
BNZL.L,20111004,766.50,768.40,751.00,761.50,781400,0
BNZL.L,20111003,755.50,773.50,754.50,772.50,1234300,0
BNZL.L,20110930,784.50,789.00,760.00,769.00,936500,0
BNZL.L,20110929,791.50,798.50,784.23,788.00,723300,0
BNZL.L,20110928,795.00,800.50,794.00,794.00,719400,0
BNZL.L,20110927,788.00,799.00,775.50,795.00,873000,0
BNZL.L,20110926,759.50,775.00,756.00,770.00,1050000,0
BNZL.L,20110923,774.50,779.50,750.50,769.00,1243500,0
BNZL.L,20110922,771.00,775.50,763.00,766.00,1122800,0
BNZL.L,20110921,801.50,801.50,789.00,789.00,1018500,0
BNZL.L,20110920,784.00,801.00,784.00,796.50,1575200,0
BNZL.L,20110919,776.00,786.00,775.00,781.50,1169000,0
BNZL.L,20110916,791.50,801.50,780.00,790.50,9837300,0
BNZL.L,20110915,770.50,790.00,768.00,787.00,1678700,0
BNZL.L,20110914,762.00,775.00,761.50,764.00,1248100,0
BNZL.L,20110913,768.50,775.50,759.00,767.50,1308700,0
BNZL.L,20110912,770.50,773.00,759.50,762.50,1154800,0
BNZL.L,20110909,794.00,802.50,779.50,783.00,1020100,0
BNZL.L,20110908,796.50,805.15,785.00,797.00,935700,0
BNZL.L,20110907,789.10,807.50,789.10,800.00,1566100,0
BNZL.L,20110906,774.50,785.00,769.50,785.00,652200,0
BNZL.L,20110905,781.50,781.50,765.00,772.00,756100,0
BNZL.L,20110902,797.00,797.50,780.00,791.00,1062300,0
BNZL.L,20110901,801.50,817.00,798.00,812.50,2173800,0
BNZL.L,20110831,784.50,800.08,781.50,800.00,2010000,0
BNZL.L,20110830,749.00,779.00,737.00,779.00,1010900,0
BNZL.L,20110826,723.50,728.00,714.50,722.00,614300,0
BNZL.L,20110825,737.00,739.50,719.50,723.00,450900,0
BNZL.L,20110824,728.00,734.50,726.00,731.50,774600,0
BNZL.L,20110823,717.50,734.00,717.50,727.50,1182400,0
BNZL.L,20110822,681.50,709.50,681.00,703.00,24000,0
BNZL.L,20110819,696.00,696.50,672.50,686.00,895200,0
BNZL.L,20110818,725.50,730.50,690.50,696.00,555300,0
BNZL.L,20110817,729.50,736.00,726.00,729.50,459900,0
BNZL.L,20110816,726.50,731.50,711.50,731.50,583300,0
BNZL.L,20110815,725.50,737.50,720.50,729.00,760800,0
BNZL.L,20110812,703.50,725.00,693.00,723.50,725700,0
BNZL.L,20110811,704.00,704.00,671.00,700.50,927500,0
BNZL.L,20110810,716.00,717.00,681.50,688.00,1210400,0
BNZL.L,20110809,676.00,707.50,651.00,703.50,992700,0
BNZL.L,20110808,700.50,719.00,676.50,676.50,806200,0
BNZL.L,20110805,696.50,725.00,684.50,709.50,750600,0
BNZL.L,20110804,745.00,750.50,704.50,711.50,728900,0
BNZL.L,20110803,741.50,754.50,731.50,739.50,794600,0
BNZL.L,20110802,762.00,763.50,744.50,746.50,519700,0
BNZL.L,20110801,775.00,790.02,764.00,764.00,583800,0
BNZL.L,20110729,761.50,771.50,758.00,771.50,1071600,0
BNZL.L,20110728,774.00,778.00,761.50,765.00,1006000,0
BNZL.L,20110727,788.50,790.50,778.50,778.50,794000,0
BNZL.L,20110726,789.00,798.00,787.50,789.50,585600,0
BNZL.L,20110725,780.00,800.50,780.00,789.50,937900,0
BNZL.L,20110722,776.50,789.50,773.50,783.50,619900,0
BNZL.L,20110721,780.50,780.50,768.50,774.00,427800,0
BNZL.L,20110720,779.00,782.00,768.50,776.00,655800,0
BNZL.L,20110719,770.50,782.00,767.00,776.00,455200,0
BNZL.L,20110718,783.50,783.50,768.50,771.50,472400,0
BNZL.L,20110715,783.50,789.50,778.00,787.00,466600,0
BNZL.L,20110714,792.00,798.00,784.00,785.00,398900,0
BNZL.L,20110713,779.50,797.50,779.50,794.00,494900,0
BNZL.L,20110712,778.00,780.00,768.00,780.00,859800,0
BNZL.L,20110711,791.50,794.00,778.50,784.00,600300,0
BNZL.L,20110708,800.00,807.50,793.00,795.50,600900,0
BNZL.L,20110707,797.00,801.50,793.00,797.50,471200,0
BNZL.L,20110706,793.00,794.50,789.00,792.00,346100,0
BNZL.L,20110705,790.50,796.00,789.50,791.50,601600,0
BNZL.L,20110704,798.00,801.00,788.50,793.50,579900,0
BNZL.L,20110701,782.50,848.50,780.50,801.00,1155300,0
BNZL.L,20110630,769.50,781.50,765.00,780.00,654000,0
BNZL.L,20110629,764.50,769.50,759.00,767.00,1089200,0
BNZL.L,20110628,761.00,771.50,756.00,760.50,574900,0
BNZL.L,20110627,751.00,769.00,751.00,762.00,697000,0
BNZL.L,20110624,756.50,767.50,746.00,750.00,1092700,0
BNZL.L,20110623,750.00,754.50,746.00,750.50,656900,0
BNZL.L,20110622,740.50,757.00,739.50,753.00,2046300,0
BNZL.L,20110621,746.50,755.50,746.50,751.50,595700,0
BNZL.L,20110620,755.00,756.00,744.50,746.50,1068900,0
BNZL.L,20110617,749.00,761.00,740.50,760.00,1253500,0
BNZL.L,20110616,755.00,760.50,746.00,749.50,729800,0
BNZL.L,20110615,764.50,769.50,759.00,759.50,423300,0
BNZL.L,20110614,760.00,769.00,756.50,765.00,778500,0
BNZL.L,20110613,759.00,761.50,751.00,755.00,851400,0
BNZL.L,20110610,779.00,779.00,762.50,765.00,676700,0
BNZL.L,20110609,771.00,782.00,769.50,779.50,1024800,0
BNZL.L,20110608,775.50,775.50,766.00,771.50,1020800,0
BNZL.L,20110607,780.50,782.00,773.50,778.50,1110000,0
BNZL.L,20110606,777.00,783.00,774.00,782.00,646900,0
BNZL.L,20110603,772.00,780.00,769.50,777.00,823200,0
BNZL.L,20110602,764.50,781.00,761.50,775.50,915800,0
BNZL.L,20110601,769.50,778.00,765.00,769.00,580500,0
BNZL.L,20110531,760.50,769.50,758.00,766.50,720800,0
BNZL.L,20110527,755.50,756.50,752.00,756.50,280200,0
BNZL.L,20110526,748.50,754.50,743.50,752.00,1161600,0
BNZL.L,20110525,742.50,749.00,740.00,747.50,1996000,0
BNZL.L,20110524,741.00,749.00,741.00,745.00,563600,0
BNZL.L,20110523,742.50,746.00,733.50,742.00,689900,0
BNZL.L,20110520,757.00,761.50,746.00,749.00,716400,0
BNZL.L,20110519,748.50,758.50,747.50,755.00,1637700,0
BNZL.L,20110518,736.50,750.50,733.00,747.50,1123500,0
BNZL.L,20110517,736.50,741.00,731.50,734.00,791500,0
BNZL.L,20110516,738.50,745.50,733.50,738.50,859600,0
BNZL.L,20110513,737.50,746.50,737.50,743.00,828300,0
BNZL.L,20110512,727.00,737.50,721.00,734.00,834100,0
BNZL.L,20110511,738.00,743.50,728.00,730.00,957200,0
BNZL.L,20110510,749.00,754.00,747.50,750.50,2063100,0
BNZL.L,20110509,744.50,753.50,744.50,748.50,632800,0
BNZL.L,20110506,741.00,750.50,736.00,750.00,1502600,0
BNZL.L,20110505,736.50,742.00,733.50,739.50,604300,0
BNZL.L,20110504,747.00,748.50,735.50,738.50,469700,0
BNZL.L,20110503,746.50,747.50,741.50,746.50,766900,0
BNZL.L,20110428,743.00,747.50,739.00,744.00,711800,0
BNZL.L,20110427,742.00,747.50,736.00,739.50,696200,0
BNZL.L,20110426,732.00,740.50,731.50,740.00,902000,0
BNZL.L,20110421,737.50,741.17,725.00,731.50,501200,0
BNZL.L,20110420,723.00,741.50,720.00,738.50,1485900,0
BNZL.L,20110419,715.50,722.00,714.00,714.50,562200,0
BNZL.L,20110418,719.50,721.00,709.00,713.00,557600,0
BNZL.L,20110415,724.00,726.50,719.50,721.50,1724500,0
BNZL.L,20110414,724.50,727.00,718.50,723.50,1058600,0
BNZL.L,20110413,730.50,730.50,723.00,724.00,1172600,0
BNZL.L,20110412,726.50,731.50,723.50,726.50,564800,0
BNZL.L,20110411,730.50,736.50,728.46,730.50,513300,0
BNZL.L,20110408,730.50,734.50,728.00,733.50,655100,0
BNZL.L,20110407,741.00,741.00,722.00,725.00,1270600,0
BNZL.L,20110406,743.00,748.00,737.50,739.50,1080100,0
BNZL.L,20110405,746.00,753.00,738.00,740.50,1100300,0
BNZL.L,20110404,745.00,753.00,741.50,745.00,1052200,0
BNZL.L,20110401,747.00,771.50,740.50,747.50,1410100,0
BNZL.L,20110331,745.00,753.00,740.00,744.50,924000,0
BNZL.L,20110330,740.50,747.81,739.50,741.00,750100,0
BNZL.L,20110329,734.50,740.00,729.00,737.50,699300,0
BNZL.L,20110328,737.50,742.50,729.50,731.50,589400,0
BNZL.L,20110325,738.00,739.50,733.00,735.50,645700,0
BNZL.L,20110324,726.50,737.00,726.50,735.50,793800,0
BNZL.L,20110323,722.50,730.50,718.50,728.50,719300,0
BNZL.L,20110322,727.50,735.50,718.00,723.50,1267500,0
BNZL.L,20110321,719.00,732.50,711.00,728.00,1682200,0
BNZL.L,20110318,705.50,722.00,705.50,712.00,14056800,0
BNZL.L,20110317,697.50,707.00,694.00,705.50,1591900,0
BNZL.L,20110316,703.00,714.50,693.00,693.00,1612700,0
BNZL.L,20110315,702.00,706.00,690.00,702.50,1052400,0
BNZL.L,20110314,722.00,724.00,711.50,711.50,816500,0
BNZL.L,20110311,728.00,731.50,722.00,722.50,961500,0
BNZL.L,20110310,729.00,734.50,725.00,732.50,938700,0
BNZL.L,20110309,727.50,740.00,724.00,734.00,1189000,0
BNZL.L,20110308,730.00,733.50,722.50,724.00,1513000,0
BNZL.L,20110307,737.50,737.50,729.50,731.00,534900,0
BNZL.L,20110304,731.00,742.50,731.00,736.50,695800,0
BNZL.L,20110303,729.50,736.50,722.50,729.50,337000,0
BNZL.L,20110302,738.50,741.00,713.00,724.50,1501200,0
BNZL.L,20110301,770.50,774.00,729.00,742.00,1475900,0
BNZL.L,20110228,745.50,770.00,745.50,760.00,49300,0
BNZL.L,20110225,745.50,763.00,736.00,756.00,140278700,0
BNZL.L,20110224,739.00,743.50,729.00,740.00,35033200,0
BNZL.L,20110223,745.50,748.00,736.00,740.50,1251900,0
BNZL.L,20110222,765.00,765.50,745.50,746.00,1753100,0
BNZL.L,20110221,779.00,783.00,766.00,768.50,425700,0
BNZL.L,20110218,776.00,780.00,775.00,780.00,462000,0
BNZL.L,20110217,779.00,782.50,770.00,778.00,674500,0
BNZL.L,20110216,780.00,786.00,774.50,778.00,513700,0
BNZL.L,20110215,784.00,786.00,767.00,780.00,776200,0
BNZL.L,20110214,781.00,781.00,780.94,783.00,1164100,0
BNZL.L,20110211,775.00,779.00,773.50,778.00,580800,0
BNZL.L,20110210,778.00,780.00,771.50,778.50,536500,0
BNZL.L,20110209,778.50,780.00,774.50,778.50,670800,0
BNZL.L,20110208,776.50,782.50,776.50,779.00,481900,0
BNZL.L,20110207,770.00,779.50,768.00,779.00,504200,0
BNZL.L,20110204,767.50,769.50,762.00,768.00,327900,0
BNZL.L,20110203,768.00,769.00,764.50,767.50,435000,0
BNZL.L,20110202,774.00,774.50,759.50,769.00,708300,0
BNZL.L,20110201,761.50,774.50,761.50,772.50,846800,0
BNZL.L,20110131,756.50,762.00,749.50,760.50,761900,0
BNZL.L,20110128,757.50,764.50,752.00,760.50,1004400,0
BNZL.L,20110127,759.50,763.50,756.00,759.50,722700,0
BNZL.L,20110126,752.50,768.00,750.50,760.00,741500,0
BNZL.L,20110125,748.00,754.00,746.00,750.50,452100,0
BNZL.L,20110124,740.00,749.50,737.00,747.00,369900,0
BNZL.L,20110121,742.50,744.50,736.00,740.00,664200,0
BNZL.L,20110120,754.00,756.00,740.00,740.00,610300,0
BNZL.L,20110119,775.00,776.00,755.00,755.00,650100,0
BNZL.L,20110118,764.00,775.50,764.00,775.00,417600,0
BNZL.L,20110117,765.50,768.00,758.00,766.50,413600,0
BNZL.L,20110114,769.00,770.50,757.00,765.00,427700,0
BNZL.L,20110113,771.50,774.00,761.50,768.00,387600,0
BNZL.L,20110112,770.50,773.00,768.50,770.00,556800,0
BNZL.L,20110111,778.00,778.00,765.00,770.50,625200,0
BNZL.L,20110110,753.50,758.50,746.00,757.00,785100,0
BNZL.L,20110107,744.50,753.50,742.50,752.00,486000,0
BNZL.L,20110106,744.00,751.50,742.50,745.00,537300,0
BNZL.L,20110105,729.00,745.50,722.50,745.50,1576500,0
BNZL.L,20110104,724.00,731.50,715.50,731.50,836800,0
BNZL.L,20101231,732.00,733.50,719.00,719.00,170300,0
BNZL.L,20101230,732.00,735.00,727.50,730.00,140400,0
BNZL.L,20101229,740.00,740.00,730.50,732.50,228500,0
BNZL.L,20101224,734.50,740.00,733.50,736.50,32500,0
BNZL.L,20101223,738.50,739.00,733.00,736.00,140600,0
BNZL.L,20101222,735.00,741.50,732.00,738.00,431700,0
BNZL.L,20101221,732.00,736.00,728.00,736.00,471600,0
BNZL.L,20101220,726.00,733.00,723.00,728.00,541300,0
BNZL.L,20101217,725.50,725.50,719.00,723.50,906900,0
BNZL.L,20101216,717.50,725.50,712.50,722.00,1169900,0
BNZL.L,20101215,714.50,717.50,709.50,712.50,749100,0
BNZL.L,20101214,707.00,722.50,701.00,711.50,1627500,0
BNZL.L,20101213,713.50,714.00,702.50,707.50,673200,0
BNZL.L,20101210,714.00,721.00,709.50,710.00,749000,0
BNZL.L,20101209,718.50,727.00,717.00,718.00,872700,0
BNZL.L,20101208,720.50,729.00,720.50,724.50,463800,0
BNZL.L,20101207,730.50,736.00,722.00,724.50,798900,0
BNZL.L,20101206,724.50,732.00,723.00,728.00,448800,0
BNZL.L,20101203,725.00,729.50,719.50,722.00,726100,0
BNZL.L,20101202,714.00,728.00,711.50,728.00,940900,0
BNZL.L,20101201,708.00,716.50,707.00,713.50,717900,0
BNZL.L,20101130,715.00,719.00,700.50,701.50,1109100,0
BNZL.L,20101129,725.50,729.00,715.00,715.00,713100,0
BNZL.L,20101126,714.50,723.50,712.50,723.00,688600,0
BNZL.L,20101125,715.50,718.50,712.00,715.50,174000,0
BNZL.L,20101124,703.50,718.00,700.50,716.00,633800,0
BNZL.L,20101123,710.50,710.50,703.00,703.50,589600,0
BNZL.L,20101122,726.50,729.50,710.00,711.00,808100,0
BNZL.L,20101119,722.50,725.00,715.00,721.00,432500,0
BNZL.L,20101118,718.00,725.50,718.00,723.00,716000,0
BNZL.L,20101117,718.50,721.00,711.00,717.50,581700,0
BNZL.L,20101116,723.00,724.50,715.50,719.00,1157300,0
BNZL.L,20101115,713.50,724.50,711.50,724.00,472000,0
BNZL.L,20101112,718.50,721.50,712.50,716.00,805300,0
BNZL.L,20101111,731.50,731.50,719.50,721.50,879900,0
BNZL.L,20101110,727.50,734.00,725.00,729.50,1425200,0
BNZL.L,20101109,727.50,735.00,727.50,726.35,1596500,0
BNZL.L,20101108,729.50,737.50,729.50,723.87,536700,0
BNZL.L,20101105,733.50,738.00,727.50,722.88,672500,0
BNZL.L,20101104,740.00,741.50,732.50,726.35,840100,0
BNZL.L,20101103,743.50,751.50,740.00,733.78,718400,0
BNZL.L,20101102,741.50,751.00,741.50,737.74,485800,0
BNZL.L,20101101,741.50,749.50,741.00,735.76,565000,0
BNZL.L,20101029,741.50,743.50,734.50,731.80,926100,0
BNZL.L,20101028,746.00,753.00,741.50,736.75,556700,0
BNZL.L,20101027,747.50,751.50,743.00,738.73,583300,0
BNZL.L,20101026,754.00,755.50,747.50,744.17,1017800,0
BNZL.L,20101025,760.00,764.50,753.50,746.16,903900,0
BNZL.L,20101022,767.00,767.00,751.00,749.13,920700,0
BNZL.L,20101021,762.50,773.00,755.50,761.50,725400,0
BNZL.L,20101020,761.00,762.00,753.50,754.57,562200,0
BNZL.L,20101019,783.50,783.50,760.00,753.09,809100,0
BNZL.L,20101018,769.50,772.00,764.00,764.47,361100,0
BNZL.L,20101015,782.50,782.50,763.50,760.51,531600,0
BNZL.L,20101014,776.00,784.00,775.50,769.43,443900,0
BNZL.L,20101013,770.00,782.00,764.00,768.93,607300,0
BNZL.L,20101012,759.50,768.50,755.00,759.52,515900,0
BNZL.L,20101011,764.00,767.00,759.50,756.06,240600,0
BNZL.L,20101008,756.50,761.50,753.50,753.58,457300,0
BNZL.L,20101007,770.50,770.50,751.00,751.60,1070800,0
BNZL.L,20101006,760.00,768.50,759.50,761.01,724200,0
BNZL.L,20101005,755.00,759.50,745.50,750.61,997400,0
BNZL.L,20101004,761.00,761.00,749.00,745.16,501800,0
BNZL.L,20101001,764.00,767.00,756.50,752.59,983700,0
BNZL.L,20100930,765.00,769.00,757.00,751.60,779900,0
BNZL.L,20100929,765.50,771.00,761.00,759.52,452200,0
BNZL.L,20100928,761.00,763.50,749.00,756.06,563700,0
BNZL.L,20100927,775.50,775.50,760.00,753.09,433100,0
BNZL.L,20100924,758.50,773.50,754.50,763.98,572200,0
BNZL.L,20100923,769.00,769.00,752.50,750.61,1238300,0
BNZL.L,20100922,775.00,776.00,759.00,758.04,896400,0
BNZL.L,20100921,764.50,774.00,761.50,763.48,1108400,0
BNZL.L,20100920,749.50,764.00,749.50,755.07,551300,0
BNZL.L,20100917,753.00,762.50,745.00,740.71,1066300,0
BNZL.L,20100916,756.00,757.50,748.50,742.19,515500,0
BNZL.L,20100915,759.00,760.00,751.50,747.15,1061600,0
BNZL.L,20100914,751.00,759.00,750.00,749.62,731300,0
BNZL.L,20100913,748.50,752.00,737.50,742.19,803700,0
BNZL.L,20100910,754.50,761.50,748.50,746.65,537000,0
BNZL.L,20100909,748.00,755.50,743.50,747.15,743100,0
BNZL.L,20100908,746.50,749.50,736.00,740.21,525900,0
BNZL.L,20100907,748.00,748.00,740.00,738.73,569900,0
BNZL.L,20100906,762.00,762.00,738.00,740.21,837700,0
BNZL.L,20100903,749.50,764.00,745.00,750.61,1035700,0
BNZL.L,20100902,735.50,746.50,731.50,738.73,2029500,0
BNZL.L,20100901,718.00,737.00,709.00,729.82,1461500,0
BNZL.L,20100831,701.00,724.50,700.00,704.07,1546000,0
BNZL.L,20100827,685.50,703.50,683.50,695.16,880600,0
BNZL.L,20100826,683.00,697.00,680.50,678.32,671300,0
BNZL.L,20100825,681.00,683.00,675.50,675.35,787000,0
BNZL.L,20100824,677.50,682.00,671.50,672.38,586300,0
BNZL.L,20100823,684.50,687.50,677.50,674.36,507000,0
BNZL.L,20100820,688.50,693.00,680.50,675.35,613700,0
BNZL.L,20100819,699.50,707.00,684.00,684.76,773300,0
BNZL.L,20100818,696.50,701.00,695.00,692.19,532800,0
BNZL.L,20100817,689.00,700.50,689.00,692.68,465400,0
BNZL.L,20100816,691.00,692.00,682.50,681.29,435800,0
BNZL.L,20100813,696.00,706.00,685.50,681.79,697500,0
BNZL.L,20100812,684.00,691.00,680.50,681.79,943000,0
BNZL.L,20100811,683.50,688.50,682.00,676.34,585000,0
BNZL.L,20100810,684.50,689.50,680.50,681.79,772000,0
BNZL.L,20100809,690.00,692.50,682.00,677.83,1644200,0
BNZL.L,20100806,699.50,707.50,685.00,681.79,448500,0
BNZL.L,20100805,698.00,710.00,698.00,694.66,663500,0
BNZL.L,20100804,694.00,704.00,689.00,693.67,511400,0
BNZL.L,20100803,692.00,701.50,687.00,690.21,943400,0
BNZL.L,20100802,695.00,701.00,688.00,686.24,970000,0
BNZL.L,20100730,701.50,704.50,690.00,683.27,748400,0
BNZL.L,20100729,703.50,708.00,699.00,696.64,630500,0
BNZL.L,20100728,720.00,721.50,702.50,698.13,646800,0
BNZL.L,20100727,732.50,732.50,714.50,709.52,587400,0
BNZL.L,20100726,729.50,738.00,721.50,720.41,485900,0
BNZL.L,20100723,723.50,727.00,714.50,719.42,744400,0
BNZL.L,20100722,703.50,726.50,701.00,716.45,638200,0
BNZL.L,20100721,697.00,707.00,697.00,696.15,425200,0
BNZL.L,20100720,698.50,699.50,685.00,687.24,562800,0
BNZL.L,20100719,705.50,706.00,694.00,690.70,634900,0
BNZL.L,20100716,714.00,718.50,704.50,699.12,1422900,0
BNZL.L,20100715,712.00,715.00,709.00,707.54,681100,0
BNZL.L,20100714,712.00,714.00,707.00,707.04,497400,0
BNZL.L,20100713,688.50,708.00,688.50,701.10,552400,0
BNZL.L,20100712,689.50,694.50,684.00,683.27,395300,0
BNZL.L,20100709,694.00,694.00,681.50,682.78,1058800,0
BNZL.L,20100708,681.00,691.00,679.00,684.26,697300,0
BNZL.L,20100707,666.50,675.50,660.50,667.93,618100,0
BNZL.L,20100706,660.50,669.50,659.50,662.48,606600,0
BNZL.L,20100705,665.50,667.00,658.00,651.59,477200,0
BNZL.L,20100702,669.00,669.50,658.00,657.53,661600,0
BNZL.L,20100701,666.50,671.50,660.00,655.05,1236400,0
BNZL.L,20100630,673.50,677.50,671.50,666.93,972000,0
BNZL.L,20100629,681.00,685.50,672.00,667.43,561000,0
BNZL.L,20100628,693.00,694.50,685.00,682.28,531700,0
BNZL.L,20100625,700.50,705.50,689.00,682.78,860400,0
BNZL.L,20100624,715.50,715.50,700.50,694.66,910700,0
BNZL.L,20100623,721.00,730.00,715.00,708.03,888300,0
BNZL.L,20100622,740.00,745.00,727.00,721.89,1255100,0
BNZL.L,20100621,753.00,758.00,744.50,739.22,550500,0
BNZL.L,20100618,743.50,748.50,740.00,737.74,988300,0
BNZL.L,20100617,745.50,749.00,739.50,733.28,609300,0
BNZL.L,20100616,747.00,748.50,738.50,737.74,734700,0
BNZL.L,20100615,729.00,743.50,729.00,734.77,1205600,0
BNZL.L,20100614,730.50,732.50,727.00,723.87,296500,0
BNZL.L,20100611,733.50,733.50,719.50,716.94,652600,0
BNZL.L,20100610,711.50,731.50,711.50,722.88,1238800,0
BNZL.L,20100609,713.50,716.50,710.00,709.52,875900,0
BNZL.L,20100608,710.50,715.50,705.00,702.09,501400,0
BNZL.L,20100607,709.00,714.50,700.00,703.08,1031400,0
BNZL.L,20100604,719.00,724.50,708.50,707.54,916600,0
BNZL.L,20100603,725.50,726.00,713.50,709.02,1537900,0
BNZL.L,20100602,726.00,726.00,711.50,707.54,1624700,0
BNZL.L,20100601,716.00,730.00,711.50,718.92,1849400,0
BNZL.L,20100528,718.00,722.50,713.00,709.52,1568400,0
BNZL.L,20100527,717.50,718.00,708.50,709.02,1608900,0
BNZL.L,20100526,711.50,718.50,703.50,704.56,1179700,0
BNZL.L,20100525,699.50,710.00,694.00,695.16,1256200,0
BNZL.L,20100524,718.00,719.00,707.00,705.55,628200,0
BNZL.L,20100521,718.00,720.00,705.00,707.04,1349900,0
BNZL.L,20100520,733.50,738.50,714.00,713.97,798300,0
BNZL.L,20100519,735.00,741.00,728.00,724.37,1421700,0
BNZL.L,20100518,749.00,752.50,742.00,738.73,906800,0
BNZL.L,20100517,742.00,749.50,739.50,735.26,777700,0
BNZL.L,20100514,756.00,757.50,742.50,738.73,907500,0
BNZL.L,20100513,757.50,772.50,750.00,749.13,820900,0
BNZL.L,20100512,731.00,756.50,731.00,746.65,844900,0
BNZL.L,20100511,726.00,736.00,724.50,727.34,776100,0
BNZL.L,20100510,717.00,738.50,715.50,727.84,1387300,0
BNZL.L,20100507,729.50,734.50,707.50,709.02,2031000,0
BNZL.L,20100506,731.50,742.50,725.50,726.85,1328800,0
BNZL.L,20100505,747.50,747.50,733.50,727.34,902300,0
BNZL.L,20100504,767.50,770.00,755.00,737.84,1207600,0
BNZL.L,20100430,771.00,774.00,763.00,741.72,1099800,0
BNZL.L,20100429,745.00,784.50,744.00,746.57,1507000,0
BNZL.L,20100428,748.50,751.50,729.50,723.76,2903700,0
BNZL.L,20100427,769.00,773.00,753.50,731.53,960500,0
BNZL.L,20100426,767.50,772.00,765.00,746.57,1458000,0
BNZL.L,20100423,769.50,772.50,759.50,739.78,2438200,0
BNZL.L,20100422,765.00,776.50,762.00,745.60,1028600,0
BNZL.L,20100421,762.50,768.00,755.00,743.18,1490800,0
BNZL.L,20100420,759.00,768.00,756.00,743.18,761600,0
BNZL.L,20100419,756.00,761.00,751.50,733.95,418000,0
BNZL.L,20100416,759.50,765.50,758.50,737.84,1080900,0
BNZL.L,20100415,762.50,765.50,758.50,741.23,607100,0
BNZL.L,20100414,761.50,764.00,757.00,739.78,617300,0
BNZL.L,20100413,757.50,761.50,755.50,736.87,1345000,0
BNZL.L,20100412,755.00,762.00,750.00,735.90,622600,0
BNZL.L,20100409,750.50,754.00,748.00,731.53,654600,0
BNZL.L,20100408,741.50,747.00,734.50,723.76,515100,0
BNZL.L,20100407,745.00,749.50,741.00,722.30,672600,0
BNZL.L,20100406,740.00,744.00,734.50,721.82,704600,0
BNZL.L,20100401,731.50,740.00,725.75,718.42,1317400,0
BNZL.L,20100331,730.00,732.50,717.00,699.97,1026500,0
BNZL.L,20100330,733.50,733.50,728.00,707.74,933800,0
BNZL.L,20100329,735.00,737.00,728.50,708.71,579300,0
BNZL.L,20100326,741.00,741.00,731.50,712.11,539800,0
BNZL.L,20100325,735.50,743.50,735.50,718.42,492700,0
BNZL.L,20100324,738.00,739.50,732.50,715.02,718600,0
BNZL.L,20100323,733.00,738.00,730.50,713.57,524900,0
BNZL.L,20100322,734.00,735.50,725.50,713.08,597500,0
BNZL.L,20100319,730.00,738.00,727.50,715.02,1562600,0
BNZL.L,20100318,725.50,734.00,725.50,708.71,782200,0
BNZL.L,20100317,729.50,732.00,725.50,707.26,1171200,0
BNZL.L,20100316,722.00,730.00,722.00,704.83,1035400,0
BNZL.L,20100315,719.00,723.50,716.00,699.97,993800,0
BNZL.L,20100312,708.50,718.00,707.00,696.58,582800,0
BNZL.L,20100311,706.00,711.50,703.50,687.35,716700,0
BNZL.L,20100310,711.50,715.50,705.50,686.87,723100,0
BNZL.L,20100309,705.50,713.50,703.00,692.21,904200,0
BNZL.L,20100308,701.50,710.00,701.50,684.44,776000,0
BNZL.L,20100305,695.00,699.00,689.50,675.22,691400,0
BNZL.L,20100304,696.00,703.00,690.00,674.73,1142200,0
BNZL.L,20100303,697.00,701.50,691.50,679.10,589000,0
BNZL.L,20100302,698.50,703.00,693.00,678.13,668100,0
BNZL.L,20100301,686.50,696.50,685.50,676.19,880800,0
BNZL.L,20100226,672.50,682.50,671.50,660.66,1393200,0
BNZL.L,20100225,673.00,678.50,665.50,649.01,895800,0
BNZL.L,20100224,678.50,680.00,673.50,656.77,1723600,0
BNZL.L,20100223,679.50,681.00,669.00,655.80,2571300,0
BNZL.L,20100222,662.00,695.00,660.00,658.23,3506200,0
BNZL.L,20100219,637.00,654.50,636.00,633.96,1403800,0
BNZL.L,20100218,635.00,640.00,635.00,620.85,556600,0
BNZL.L,20100217,634.50,638.00,631.00,616.97,1112200,0
BNZL.L,20100216,631.00,632.00,624.00,610.66,976500,0
BNZL.L,20100215,630.50,632.00,628.00,610.17,567000,0
BNZL.L,20100212,634.50,635.00,624.50,610.66,909300,0
BNZL.L,20100211,629.00,634.50,626.50,612.11,1283000,0
BNZL.L,20100210,628.00,631.00,623.00,608.72,735600,0
BNZL.L,20100209,626.00,627.00,620.00,607.26,824600,0
BNZL.L,20100208,626.50,629.50,622.00,609.20,519100,0
BNZL.L,20100205,620.00,626.50,617.50,606.77,1147700,0
BNZL.L,20100204,634.50,636.50,620.00,604.83,936600,0
BNZL.L,20100203,629.00,635.00,624.50,614.06,731600,0
BNZL.L,20100202,622.50,631.50,619.00,612.11,758100,0
BNZL.L,20100201,624.00,627.00,620.00,604.35,535800,0
BNZL.L,20100129,620.00,630.00,618.00,606.29,1175500,0
BNZL.L,20100128,624.00,624.00,614.50,598.52,1428000,0
BNZL.L,20100127,617.50,625.50,614.00,598.52,1215300,0
BNZL.L,20100126,624.00,624.50,618.50,604.83,3875100,0
BNZL.L,20100125,616.00,628.50,616.00,608.23,760100,0
BNZL.L,20100122,628.00,632.00,621.00,602.89,869700,0
BNZL.L,20100121,634.00,639.50,627.50,610.17,1220800,0
BNZL.L,20100120,638.50,639.00,623.00,613.57,1515100,0
BNZL.L,20100119,637.00,641.50,631.50,620.37,1470700,0
BNZL.L,20100118,642.50,644.00,638.50,620.85,445200,0
BNZL.L,20100115,646.00,650.50,639.00,621.82,1423900,0
BNZL.L,20100114,661.00,662.00,645.50,627.65,1128800,0
BNZL.L,20100113,655.50,667.00,655.50,645.12,505700,0
BNZL.L,20100112,673.00,673.00,654.00,639.30,422300,0
BNZL.L,20100111,666.50,675.00,665.00,654.34,645800,0
BNZL.L,20100108,662.00,666.00,658.50,644.15,703000,0
BNZL.L,20100107,658.50,663.50,657.00,643.67,662900,0
BNZL.L,20100106,662.50,666.50,658.00,640.75,558500,0
BNZL.L,20100105,673.00,673.50,662.50,643.67,923200,0
BNZL.L,20100104,671.50,674.00,665.00,652.89,465800,0
BNZL.L,20091231,668.00,675.00,668.00,655.32,180300,0
BNZL.L,20091230,666.50,671.50,666.00,648.52,228900,0
BNZL.L,20091229,667.00,673.50,663.00,649.49,263500,0
BNZL.L,20091224,662.50,667.00,658.50,643.18,42000,0
BNZL.L,20091223,660.00,664.50,657.50,642.21,461200,0
BNZL.L,20091222,655.50,658.00,651.50,637.36,823200,0
BNZL.L,20091221,648.00,658.00,646.50,632.99,581600,0
BNZL.L,20091218,653.00,659.00,646.50,628.62,1229200,0
BNZL.L,20091217,655.50,661.50,651.00,633.47,811800,0
BNZL.L,20091216,654.00,662.00,653.00,641.24,1213700,0
BNZL.L,20091215,655.00,665.00,651.50,635.90,1067300,0
BNZL.L,20091214,663.00,668.50,651.00,634.44,1394200,0
BNZL.L,20091211,647.00,661.50,647.00,637.84,844300,0
BNZL.L,20091210,636.50,648.00,636.50,628.13,565700,0
BNZL.L,20091209,642.50,646.00,631.00,617.45,1255400,0
BNZL.L,20091208,650.00,651.50,636.00,623.76,837100,0
BNZL.L,20091207,640.50,655.50,639.00,632.50,1167400,0
BNZL.L,20091204,644.00,646.50,631.00,621.34,1359700,0
BNZL.L,20091203,640.50,645.00,638.50,622.79,940400,0
BNZL.L,20091202,629.00,639.00,629.00,616.48,532000,0
BNZL.L,20091201,627.00,632.50,623.50,611.63,991800,0
BNZL.L,20091130,627.50,632.00,624.00,605.80,1372400,0
BNZL.L,20091127,619.50,629.00,616.50,607.26,622900,0
BNZL.L,20091126,632.00,632.50,621.00,605.80,715900,0
BNZL.L,20091125,637.00,637.00,626.00,612.60,1039900,0
BNZL.L,20091124,635.50,644.50,629.50,613.57,1899900,0
BNZL.L,20091123,648.50,650.50,637.50,618.91,695200,0
BNZL.L,20091120,645.50,656.00,643.00,626.19,1327800,0
BNZL.L,20091119,655.00,655.00,640.50,625.71,660200,0
BNZL.L,20091118,654.50,657.00,650.50,634.44,583000,0
BNZL.L,20091117,654.50,659.50,647.00,631.04,984400,0
BNZL.L,20091116,648.50,655.50,647.00,634.93,681300,0
BNZL.L,20091113,642.50,646.00,636.00,626.19,720200,0
BNZL.L,20091112,644.50,649.50,634.50,626.19,1951300,0
BNZL.L,20091111,640.00,644.50,638.00,624.25,941300,0
BNZL.L,20091110,653.50,658.50,645.50,622.16,943900,0
BNZL.L,20091109,654.00,657.00,649.50,626.97,667500,0
BNZL.L,20091106,648.00,649.50,637.50,621.68,705400,0
BNZL.L,20091105,642.00,649.50,636.50,621.20,1843400,0
BNZL.L,20091104,653.00,657.00,641.00,619.28,1528400,0
BNZL.L,20091103,650.50,657.00,636.50,625.04,911000,0
BNZL.L,20091102,663.00,670.50,654.50,630.81,926700,0
BNZL.L,20091030,674.00,679.50,661.50,638.50,1051100,0
BNZL.L,20091029,657.50,675.00,656.50,646.66,1008600,0
BNZL.L,20091028,665.00,666.50,654.00,631.77,1053300,0
BNZL.L,20091027,664.50,668.00,658.00,635.61,1205200,0
BNZL.L,20091026,655.00,669.50,651.50,635.61,1275100,0
BNZL.L,20091023,669.50,672.50,648.50,626.01,2148800,0
BNZL.L,20091022,652.50,667.50,649.00,638.50,1317600,0
BNZL.L,20091021,655.50,661.00,644.00,630.33,1433100,0
BNZL.L,20091020,655.00,659.00,646.50,626.97,1150300,0
BNZL.L,20091019,634.00,655.00,632.50,626.49,2000200,0
BNZL.L,20091016,636.00,639.00,631.50,611.11,1338200,0
BNZL.L,20091015,641.00,641.00,633.50,610.63,866000,0
BNZL.L,20091014,636.50,640.50,629.00,614.96,751500,0
BNZL.L,20091013,637.00,640.50,629.50,608.23,2211600,0
BNZL.L,20091012,632.00,638.50,629.00,608.23,1048500,0
BNZL.L,20091009,638.00,639.50,629.50,607.75,1584600,0
BNZL.L,20091008,635.00,639.00,626.00,611.59,1399400,0
BNZL.L,20091007,644.00,650.00,622.00,601.50,3853400,0
BNZL.L,20091006,624.50,636.50,623.50,610.15,753700,0
BNZL.L,20091005,622.50,626.00,616.50,597.18,1029800,0
BNZL.L,20091002,625.50,627.00,618.00,597.18,1023500,0
BNZL.L,20091001,631.00,639.50,627.00,603.42,873000,0
BNZL.L,20090930,637.00,639.50,631.00,609.67,1152100,0
BNZL.L,20090929,625.50,639.00,625.00,609.67,676100,0
BNZL.L,20090928,619.50,629.50,613.50,602.46,885600,0
BNZL.L,20090925,624.00,625.00,618.00,594.78,906600,0
BNZL.L,20090924,623.50,625.50,616.00,597.66,2119900,0
BNZL.L,20090923,623.00,628.50,621.00,603.91,1273000,0
BNZL.L,20090922,627.00,628.00,615.00,595.74,1695700,0
BNZL.L,20090921,620.00,628.00,618.00,599.58,1886800,0
BNZL.L,20090918,621.50,625.50,615.00,595.74,1589600,0
BNZL.L,20090917,624.00,625.00,618.50,596.70,754800,0
BNZL.L,20090916,610.50,626.00,610.00,595.74,2094000,0
BNZL.L,20090915,594.50,611.50,594.50,584.21,1358800,0
BNZL.L,20090914,589.00,597.00,587.50,571.72,1480300,0
BNZL.L,20090911,590.00,596.50,588.50,567.87,1481100,0
BNZL.L,20090910,599.00,599.50,586.00,568.35,732700,0
BNZL.L,20090909,583.50,597.00,583.50,573.16,1217700,0
BNZL.L,20090908,587.00,593.00,582.50,563.07,1118500,0
BNZL.L,20090907,582.00,589.00,580.00,562.11,733600,0
BNZL.L,20090904,580.00,584.50,576.00,558.74,481300,0
BNZL.L,20090903,580.00,583.50,576.50,557.30,684200,0
BNZL.L,20090902,581.50,585.00,570.00,562.11,1519800,0
BNZL.L,20090901,584.50,603.50,583.50,564.18,2930400,0
BNZL.L,20090828,590.50,594.00,583.00,564.51,1030300,0
BNZL.L,20090827,586.50,591.00,582.50,564.51,854000,0
BNZL.L,20090826,586.00,591.50,583.00,562.11,1152900,0
BNZL.L,20090825,575.00,585.50,572.50,560.67,2458600,0
BNZL.L,20090824,545.50,590.50,545.50,553.94,1514800,0
BNZL.L,20090821,537.50,553.50,535.00,530.40,618200,0
BNZL.L,20090820,543.00,544.50,537.00,520.79,675400,0
BNZL.L,20090819,535.00,545.00,534.00,521.27,256200,0
BNZL.L,20090818,535.50,541.00,533.00,514.06,260000,0
BNZL.L,20090817,542.00,548.50,533.00,514.54,152900,0
BNZL.L,20090814,542.00,546.00,539.00,522.71,576000,0
BNZL.L,20090813,538.50,548.00,538.50,520.31,415100,0
BNZL.L,20090812,532.50,541.50,527.00,518.87,378800,0
BNZL.L,20090811,539.50,541.50,528.00,510.70,457200,0
BNZL.L,20090810,527.50,541.50,527.50,517.43,447800,0
BNZL.L,20090807,526.00,532.50,526.00,509.74,615500,0
BNZL.L,20090806,525.00,535.00,524.00,508.30,391200,0
BNZL.L,20090805,518.50,528.00,518.50,503.01,594200,0
BNZL.L,20090804,526.00,527.00,514.00,499.17,569300,0
BNZL.L,20090803,515.50,532.00,514.50,504.94,1069500,0
BNZL.L,20090731,524.00,530.00,515.50,497.73,401700,0
BNZL.L,20090730,531.50,531.50,523.50,506.38,372200,0
BNZL.L,20090729,523.50,533.00,523.50,508.30,93300,0
BNZL.L,20090728,524.50,529.50,519.50,501.57,384200,0
BNZL.L,20090727,531.50,534.50,520.00,502.05,125900,0
BNZL.L,20090724,536.00,536.00,522.50,507.82,139900,0
BNZL.L,20090723,536.00,540.00,532.00,514.06,431900,0
BNZL.L,20090722,531.00,538.00,524.50,516.95,214700,0
BNZL.L,20090721,524.00,535.50,524.00,511.18,225800,0
BNZL.L,20090720,526.00,528.50,521.00,503.01,411500,0
BNZL.L,20090717,530.50,535.00,510.00,504.46,519800,0
BNZL.L,20090716,537.50,542.50,533.50,517.43,298700,0
BNZL.L,20090715,533.50,540.00,531.50,517.43,434700,0
BNZL.L,20090714,529.00,532.50,525.50,510.70,460900,0
BNZL.L,20090713,520.00,530.50,518.00,507.34,119000,0
BNZL.L,20090710,521.50,527.00,520.00,501.49,469000,0
BNZL.L,20090709,521.00,528.00,519.00,503.97,593800,0
BNZL.L,20090708,521.00,526.50,517.50,498.69,682300,0
BNZL.L,20090707,517.00,527.50,510.00,494.42,810300,0
BNZL.L,20090706,509.50,515.50,503.50,492.92,260400,0
BNZL.L,20090703,502.00,512.50,501.00,489.08,237200,0
BNZL.L,20090702,512.50,512.50,498.25,483.80,597500,0
BNZL.L,20090701,502.00,514.50,501.50,492.44,780500,0
BNZL.L,20090630,505.50,508.50,501.50,482.84,535300,0
BNZL.L,20090629,501.00,510.00,501.00,485.72,174100,0
BNZL.L,20090626,501.50,507.00,499.50,483.32,179300,0
BNZL.L,20090625,497.75,501.50,492.75,479.95,225000,0
BNZL.L,20090624,496.50,502.50,491.00,479.47,344400,0
BNZL.L,20090623,481.75,498.00,481.75,475.63,309800,0
BNZL.L,20090622,484.25,489.75,478.50,466.50,335700,0
BNZL.L,20090619,482.50,491.25,482.25,464.58,1341600,0
BNZL.L,20090618,491.75,492.50,481.00,464.82,812400,0
BNZL.L,20090617,499.25,500.50,489.50,472.99,510200,0
BNZL.L,20090616,496.00,502.50,494.25,479.95,1998100,0
BNZL.L,20090615,505.00,508.50,492.75,475.15,771000,0
BNZL.L,20090612,508.00,510.50,504.00,487.64,379300,0
BNZL.L,20090611,507.50,511.00,503.00,487.16,886500,0
BNZL.L,20090610,508.00,512.00,506.00,489.08,2009800,0
BNZL.L,20090609,511.50,514.00,503.00,485.24,815500,0
BNZL.L,20090608,507.50,515.50,500.00,491.00,602200,0
BNZL.L,20090605,513.00,517.50,507.00,491.00,120200,0
BNZL.L,20090604,514.50,521.50,510.50,491.48,313800,0
BNZL.L,20090603,515.50,517.50,507.50,491.00,155200,0
BNZL.L,20090602,519.00,520.50,511.50,495.33,231000,0
BNZL.L,20090601,520.00,520.00,510.00,498.69,354700,0
BNZL.L,20090529,516.00,520.00,507.50,490.52,392500,0
BNZL.L,20090528,511.50,516.50,508.00,492.92,230300,0
BNZL.L,20090527,528.50,528.50,515.00,498.69,381500,0
BNZL.L,20090526,524.50,535.00,516.50,504.94,301900,0
BNZL.L,20090522,522.50,532.50,522.50,508.78,423400,0
BNZL.L,20090521,532.00,532.00,520.00,504.46,200800,0
BNZL.L,20090520,531.00,538.00,528.50,515.51,444300,0
BNZL.L,20090519,525.00,536.50,525.00,511.18,613700,0
BNZL.L,20090518,509.00,526.00,508.00,503.49,150500,0
BNZL.L,20090515,508.50,521.50,502.50,494.85,289600,0
BNZL.L,20090514,491.75,507.00,490.50,482.84,595600,0
BNZL.L,20090513,511.50,511.50,487.75,475.87,741100,0
BNZL.L,20090512,502.00,514.00,502.00,488.60,448200,0
BNZL.L,20090511,505.00,511.50,501.50,487.16,395500,0
BNZL.L,20090508,517.00,518.50,506.00,487.16,306200,0
BNZL.L,20090507,527.00,527.00,506.50,489.56,531500,0
BNZL.L,20090506,532.00,534.00,508.00,502.53,519700,0
BNZL.L,20090505,546.50,548.00,536.00,511.04,608700,0
BNZL.L,20090501,553.00,554.00,530.50,500.27,283600,0
BNZL.L,20090430,531.00,558.50,529.50,513.38,692000,0
BNZL.L,20090429,521.50,532.00,518.50,496.06,399000,0
BNZL.L,20090428,518.50,527.00,516.50,487.17,266600,0
BNZL.L,20090427,529.00,531.00,516.50,493.72,547600,0
BNZL.L,20090424,495.00,533.50,495.00,497.00,1896700,0
BNZL.L,20090423,482.75,495.25,479.25,460.73,794900,0
BNZL.L,20090422,490.25,490.50,480.00,454.18,402600,0
BNZL.L,20090421,484.50,495.75,477.00,460.73,280000,0
BNZL.L,20090420,477.00,493.75,475.00,454.41,644500,0
BNZL.L,20090417,484.00,506.50,473.00,450.90,5155700,0
BNZL.L,20090416,530.00,530.00,478.00,453.24,9167000,0
BNZL.L,20090415,526.00,541.00,523.50,503.55,1266800,0
BNZL.L,20090414,537.50,538.00,527.50,495.13,1293100,0
BNZL.L,20090409,540.50,541.50,514.00,500.74,3013600,0
BNZL.L,20090408,543.50,549.50,529.50,501.21,1475000,0
BNZL.L,20090407,551.50,559.50,544.50,511.04,999200,0
BNZL.L,20090406,560.50,565.00,544.00,513.38,1284100,0
BNZL.L,20090403,558.00,561.50,546.50,516.65,1283800,0
BNZL.L,20090402,560.50,577.50,545.00,519.93,2032800,0
BNZL.L,20090401,542.50,558.50,538.00,520.40,1467200,0
BNZL.L,20090331,529.00,546.50,527.00,511.51,2044400,0
BNZL.L,20090330,532.50,536.00,516.00,493.72,1110600,0
BNZL.L,20090327,538.50,544.00,529.00,499.81,1173600,0
BNZL.L,20090326,540.50,543.50,530.00,502.15,790700,0
BNZL.L,20090325,544.50,548.00,525.50,506.83,1562500,0
BNZL.L,20090324,542.00,550.50,535.00,510.57,1027500,0
BNZL.L,20090323,543.50,545.50,529.00,503.08,1383400,0
BNZL.L,20090320,524.50,539.00,520.00,498.87,1845400,0
BNZL.L,20090319,547.50,550.50,521.50,490.45,2619900,0
BNZL.L,20090318,554.00,560.50,542.50,511.04,649200,0
BNZL.L,20090317,550.50,556.00,540.50,516.65,993300,0
BNZL.L,20090316,551.00,560.00,547.50,515.25,1151100,0
BNZL.L,20090313,547.00,550.50,539.00,506.83,1371800,0
BNZL.L,20090312,549.50,554.50,534.00,510.10,1637100,0
BNZL.L,20090311,556.50,565.00,542.50,514.31,1631100,0
BNZL.L,20090310,538.50,556.00,538.00,519.93,2266900,0
BNZL.L,20090309,544.50,545.00,529.50,505.89,1526400,0
BNZL.L,20090306,540.50,553.50,537.50,506.83,1271000,0
BNZL.L,20090305,545.50,549.50,533.50,502.61,1215400,0
BNZL.L,20090304,546.00,553.50,539.00,515.25,1414000,0
BNZL.L,20090303,554.00,556.50,539.50,508.23,1692800,0
BNZL.L,20090302,573.00,576.00,548.00,516.19,1683400,0
BNZL.L,20090227,569.00,582.50,563.50,543.80,1854500,0
BNZL.L,20090226,564.50,585.00,562.50,532.10,983800,0
BNZL.L,20090225,564.00,575.50,556.00,527.88,1739100,0
BNZL.L,20090224,541.00,561.50,533.00,522.74,1896000,0
BNZL.L,20090223,541.50,565.50,529.50,509.17,1793000,0
BNZL.L,20090220,557.00,557.00,532.00,503.55,1055900,0
BNZL.L,20090219,562.50,575.00,553.00,520.86,1483900,0
BNZL.L,20090218,557.50,568.50,550.50,524.61,1145600,0
BNZL.L,20090217,568.50,570.00,554.00,520.86,1415200,0
BNZL.L,20090216,569.50,578.00,566.50,533.03,347500,0
BNZL.L,20090213,572.50,585.50,571.00,534.44,1056700,0
BNZL.L,20090212,567.50,574.50,561.00,521.61,1302300,0
BNZL.L,20090211,564.00,577.00,560.00,534.90,804100,0
BNZL.L,20090210,580.50,584.00,562.50,530.69,1401700,0
BNZL.L,20090209,591.50,599.00,581.00,550.35,819800,0
BNZL.L,20090206,580.50,600.00,576.00,557.84,1879900,0
BNZL.L,20090205,563.00,583.50,563.00,542.39,1158500,0
BNZL.L,20090204,568.00,584.00,561.00,537.24,1233500,0
BNZL.L,20090203,562.00,570.00,556.00,528.82,2090600,0
BNZL.L,20090202,561.50,565.50,554.50,524.14,1719900,0
BNZL.L,20090130,560.50,571.00,560.50,530.69,1931300,0
BNZL.L,20090129,559.50,572.00,553.50,524.61,2505600,0
BNZL.L,20090128,541.00,566.00,539.50,524.14,1774400,0
BNZL.L,20090127,534.50,539.50,527.50,500.27,1293900,0
BNZL.L,20090126,539.00,546.50,525.50,497.47,2884000,0
BNZL.L,20090123,532.00,548.00,525.00,506.83,1993900,0
BNZL.L,20090122,542.00,545.50,532.00,501.68,3830600,0
BNZL.L,20090121,542.50,551.50,531.00,502.61,3499700,0
BNZL.L,20090120,540.50,554.00,540.00,513.85,2554800,0
BNZL.L,20090119,562.50,566.00,544.50,514.78,2546000,0
BNZL.L,20090116,565.00,566.50,554.00,519.46,1398600,0
BNZL.L,20090115,564.50,576.50,550.50,519.46,2273500,0
BNZL.L,20090114,562.50,576.00,553.50,530.22,2003300,0
BNZL.L,20090113,561.50,563.50,539.50,519.46,1780700,0
BNZL.L,20090112,569.00,571.00,558.00,526.95,410800,0
BNZL.L,20090109,574.00,582.00,556.00,533.03,1474700,0
BNZL.L,20090108,587.00,587.00,559.50,533.50,1549500,0
BNZL.L,20090107,595.50,604.50,584.00,551.28,1089100,0
BNZL.L,20090106,611.00,624.00,591.00,554.09,1203700,0
BNZL.L,20090105,608.50,621.00,607.00,572.34,1015600,0
BNZL.L,20090102,588.50,606.00,588.50,567.20,559700,0
BNZL.L,20081231,599.50,599.50,582.50,552.22,181000,0
BNZL.L,20081230,575.50,596.50,573.50,553.62,545600,0
BNZL.L,20081229,585.50,587.50,564.50,537.71,665400,0
BNZL.L,20081224,593.50,593.50,563.00,548.48,246100,0
BNZL.L,20081223,591.50,594.50,580.50,548.94,977500,0
BNZL.L,20081222,572.50,591.50,565.50,550.82,1467500,0
BNZL.L,20081219,564.00,576.00,556.00,534.44,2359100,0
BNZL.L,20081218,591.50,592.00,561.00,531.16,2557800,0
BNZL.L,20081217,614.00,614.00,587.00,556.43,1935700,0
BNZL.L,20081216,604.50,614.50,594.50,566.26,1174000,0
BNZL.L,20081215,614.50,624.00,596.00,562.05,870200,0
BNZL.L,20081212,569.00,608.00,564.00,564.86,1806500,0
BNZL.L,20081211,603.50,603.50,581.00,552.22,1690200,0
BNZL.L,20081210,604.00,614.00,591.50,565.32,1507900,0
BNZL.L,20081209,594.00,608.00,581.00,560.18,1562200,0
BNZL.L,20081208,605.00,610.50,589.00,558.30,2168500,0
BNZL.L,20081205,592.00,607.50,566.50,534.90,2187400,0
BNZL.L,20081204,616.00,641.00,593.50,564.86,2330000,0
BNZL.L,20081203,598.50,625.00,587.00,579.36,1823700,0
BNZL.L,20081202,576.50,600.50,568.00,555.03,1696700,0
BNZL.L,20081201,629.50,638.00,584.00,548.94,1360900,0
BNZL.L,20081128,606.00,636.00,601.00,592.00,1008100,0
BNZL.L,20081127,604.50,613.50,601.50,568.60,525200,0
BNZL.L,20081126,612.50,624.50,595.50,558.30,956000,0
BNZL.L,20081125,612.50,650.00,598.00,581.70,2101200,0
BNZL.L,20081124,595.00,616.00,579.00,572.34,1904400,0
BNZL.L,20081121,580.00,610.00,567.50,542.86,2110100,0
BNZL.L,20081120,563.00,580.50,560.00,535.84,1183500,0
BNZL.L,20081119,592.50,597.00,575.50,542.39,1074300,0
BNZL.L,20081118,582.00,595.50,567.50,554.56,1112400,0
BNZL.L,20081117,595.50,599.00,576.00,546.14,712500,0
BNZL.L,20081114,619.00,619.50,588.50,557.84,915100,0
BNZL.L,20081113,590.00,603.00,572.50,554.09,1368900,0
BNZL.L,20081112,631.00,631.00,587.50,557.37,1278400,0
BNZL.L,20081111,631.00,640.00,612.00,580.77,706000,0
BNZL.L,20081110,638.50,658.00,631.50,593.87,793500,0
BNZL.L,20081107,617.00,632.50,604.50,581.70,1386600,0
BNZL.L,20081106,652.00,667.50,607.50,571.41,2186600,0
BNZL.L,20081105,660.00,671.00,645.50,621.48,1046700,0
BNZL.L,20081104,646.50,664.00,639.50,617.27,1724100,0
BNZL.L,20081103,633.50,648.50,624.00,594.81,1226500,0
BNZL.L,20081031,598.50,628.50,589.50,583.11,1530200,0
BNZL.L,20081030,622.00,629.00,590.00,558.77,1424000,0
BNZL.L,20081029,593.00,612.00,584.50,570.94,1816800,0
BNZL.L,20081028,568.00,569.50,550.00,527.42,2346000,0
BNZL.L,20081027,546.50,560.50,538.50,514.78,1604900,0
BNZL.L,20081024,546.00,565.00,534.00,524.61,2114600,0
BNZL.L,20081023,590.00,590.00,548.50,533.50,1833400,0
BNZL.L,20081022,600.00,600.00,575.00,538.18,1189300,0
BNZL.L,20081021,610.00,617.00,595.50,560.64,1176700,0
BNZL.L,20081020,592.00,599.00,569.50,559.71,1405800,0
BNZL.L,20081017,567.00,589.00,535.50,545.20,2555200,0
BNZL.L,20081016,556.00,576.50,529.50,507.29,1454000,0
BNZL.L,20081015,612.50,617.00,571.00,536.78,1724500,0
BNZL.L,20081014,631.00,636.50,594.00,573.28,1332900,0
BNZL.L,20081013,609.50,619.50,576.00,576.55,1788000,0
BNZL.L,20081010,550.50,601.00,500.00,542.39,1846300,0
BNZL.L,20081009,620.50,632.50,601.50,575.15,1560800,0
BNZL.L,20081008,634.50,658.00,600.50,575.15,1575400,0
BNZL.L,20081007,654.50,666.00,648.00,611.19,1089000,0
BNZL.L,20081006,665.00,674.50,643.50,607.91,1014200,0
BNZL.L,20081003,679.00,684.00,655.00,637.39,887600,0
BNZL.L,20081002,672.00,682.50,667.50,631.78,1980400,0
BNZL.L,20081001,665.00,684.50,654.50,621.95,1481600,0
BNZL.L,20080930,620.50,659.00,620.50,614.93,1730300,0
BNZL.L,20080929,655.50,664.50,633.50,592.93,1123300,0
BNZL.L,20080926,676.00,676.00,656.50,619.14,870600,0
BNZL.L,20080925,674.00,681.50,668.00,635.99,712200,0
BNZL.L,20080924,671.00,683.00,667.00,625.23,983600,0
BNZL.L,20080923,686.00,692.50,661.00,627.10,1085800,0
BNZL.L,20080922,695.00,701.00,687.50,644.41,975300,0
BNZL.L,20080919,656.00,719.50,656.00,653.30,2179900,0
BNZL.L,20080918,671.50,696.00,665.00,626.16,2552900,0
BNZL.L,20080917,685.00,697.50,664.50,627.10,2083300,0
BNZL.L,20080916,674.00,701.00,672.00,636.92,1661900,0
BNZL.L,20080915,673.00,691.50,657.50,642.07,2162200,0
BNZL.L,20080912,680.50,699.00,670.50,642.54,1945600,0
BNZL.L,20080911,678.50,678.50,659.50,626.63,1214900,0
BNZL.L,20080910,679.00,682.50,670.00,633.18,1456700,0
BNZL.L,20080909,683.50,690.00,671.50,635.99,2094100,0
BNZL.L,20080908,694.00,700.00,680.50,643.01,677500,0
BNZL.L,20080905,687.50,691.00,671.50,631.78,1964800,0
BNZL.L,20080904,719.50,721.00,687.50,645.82,1920800,0
BNZL.L,20080903,718.00,724.50,710.00,669.22,2606300,0
BNZL.L,20080902,724.00,741.50,717.50,675.30,1640300,0
BNZL.L,20080901,708.00,725.00,704.00,674.36,1083800,0
BNZL.L,20080829,699.00,720.00,699.00,669.22,1555600,0
BNZL.L,20080828,678.50,703.00,676.50,655.64,1635200,0
BNZL.L,20080827,680.00,684.00,670.50,637.39,1097900,0
BNZL.L,20080826,675.00,697.50,672.00,634.58,1606400,0
BNZL.L,20080822,661.00,686.50,658.00,642.54,1215100,0
BNZL.L,20080821,657.50,667.50,650.00,617.74,835200,0
BNZL.L,20080820,654.50,662.00,654.00,617.74,388600,0
BNZL.L,20080819,669.00,669.00,656.00,614.46,654800,0
BNZL.L,20080818,662.50,682.00,659.50,626.63,1154500,0
BNZL.L,20080815,665.00,675.50,655.00,622.42,1891400,0
BNZL.L,20080814,644.00,663.00,644.00,617.27,1092300,0
BNZL.L,20080813,658.00,664.00,643.50,604.17,1210200,0
BNZL.L,20080812,670.00,672.00,652.00,614.93,965000,0
BNZL.L,20080811,663.50,672.50,658.50,629.44,1385800,0
BNZL.L,20080808,649.50,663.50,643.50,618.67,2481300,0
BNZL.L,20080807,649.00,656.50,649.00,610.72,1033800,0
BNZL.L,20080806,652.00,655.50,642.50,609.78,1733900,0
BNZL.L,20080805,632.50,658.50,630.50,608.38,1621900,0
BNZL.L,20080804,632.50,638.50,627.50,589.66,896400,0
BNZL.L,20080801,631.50,636.50,623.00,589.66,1151500,0
BNZL.L,20080731,637.50,647.50,628.50,591.53,1636800,0
BNZL.L,20080730,620.00,641.00,620.00,594.34,1403400,0
BNZL.L,20080729,623.00,628.50,619.50,582.64,1263500,0
BNZL.L,20080728,630.50,633.50,622.00,584.98,1976100,0
BNZL.L,20080725,638.00,639.50,629.50,592.47,1419300,0
BNZL.L,20080724,654.00,654.00,637.00,599.49,1124300,0
BNZL.L,20080723,665.50,665.50,647.50,609.78,1911200,0
BNZL.L,20080722,629.50,657.00,623.00,610.25,1986400,0
BNZL.L,20080721,638.00,640.50,629.00,593.40,2143800,0
BNZL.L,20080718,637.50,647.50,625.50,599.02,2678900,0
BNZL.L,20080717,647.50,660.00,634.00,599.02,2377900,0
BNZL.L,20080716,645.00,664.00,634.00,603.23,2048100,0
BNZL.L,20080715,640.50,649.00,635.00,603.70,1869200,0
BNZL.L,20080714,627.50,651.00,627.50,602.29,1178500,0
BNZL.L,20080711,649.00,654.00,624.50,584.51,1035800,0
BNZL.L,20080710,648.00,653.50,637.00,604.17,1013400,0
BNZL.L,20080709,655.00,657.50,646.50,611.19,1363300,0
BNZL.L,20080708,646.00,656.00,636.00,611.65,1305500,0
BNZL.L,20080707,638.50,656.00,634.00,612.59,1333000,0
BNZL.L,20080704,648.00,648.00,633.00,594.81,1010100,0
BNZL.L,20080703,628.00,646.50,628.00,603.70,2007800,0
BNZL.L,20080702,647.00,647.50,630.00,589.66,2149400,0
BNZL.L,20080701,658.00,666.50,632.50,603.23,1929700,0
BNZL.L,20080630,637.50,658.00,635.50,612.59,1138800,0
BNZL.L,20080627,645.00,648.00,632.00,594.81,1505600,0
BNZL.L,20080626,672.00,672.00,644.50,603.23,1268100,0
BNZL.L,20080625,659.00,675.50,659.00,632.24,956600,0
BNZL.L,20080624,675.00,684.50,652.50,614.93,1523700,0
BNZL.L,20080623,660.50,667.50,652.50,622.89,702300,0
BNZL.L,20080620,652.50,667.50,652.50,617.27,1355500,0
BNZL.L,20080619,657.50,662.50,654.50,612.59,1252400,0
BNZL.L,20080618,680.00,683.50,653.50,615.40,1513900,0
BNZL.L,20080617,681.00,693.50,679.00,638.33,1023100,0
BNZL.L,20080616,691.50,692.50,673.50,635.52,741700,0
BNZL.L,20080613,681.00,693.00,671.00,646.75,1100500,0
BNZL.L,20080612,681.50,684.00,673.00,637.86,1315400,0
BNZL.L,20080611,696.00,696.00,678.50,639.73,1377500,0
BNZL.L,20080610,702.00,705.00,694.00,649.56,917700,0
BNZL.L,20080606,714.00,715.50,698.00,653.30,1470000,0
BNZL.L,20080605,700.00,722.50,698.50,666.41,1052500,0
BNZL.L,20080604,697.00,701.50,695.50,653.30,928600,0
BNZL.L,20080603,699.00,703.50,696.00,654.24,1155700,0
BNZL.L,20080602,703.50,704.50,697.00,654.24,717400,0
BNZL.L,20080530,706.50,714.50,706.50,661.26,1102200,0
BNZL.L,20080529,719.50,723.50,702.50,659.39,1612400,0
BNZL.L,20080528,723.50,724.00,717.00,673.43,725300,0
BNZL.L,20080527,716.50,723.50,712.00,674.83,762100,0
BNZL.L,20080523,726.00,726.50,714.50,668.75,634300,0
BNZL.L,20080522,712.50,725.50,710.50,677.64,935100,0
BNZL.L,20080521,726.00,727.50,712.50,669.22,1151100,0
BNZL.L,20080520,749.00,750.50,723.00,676.70,1466200,0
BNZL.L,20080519,735.00,749.00,733.50,701.04,1108600,0
BNZL.L,20080516,736.50,744.00,731.00,688.87,802800,0
BNZL.L,20080515,723.50,733.50,721.00,684.66,935400,0
BNZL.L,20080514,727.50,727.50,712.00,674.36,1719300,0
BNZL.L,20080513,743.00,745.00,715.00,674.83,1528600,0
BNZL.L,20080512,735.00,743.00,733.00,689.34,528500,0
BNZL.L,20080509,731.00,735.00,719.50,685.13,798500,0
BNZL.L,20080508,726.00,734.50,720.50,685.59,810600,0
BNZL.L,20080507,722.00,733.50,715.00,680.92,1177800,0
BNZL.L,20080506,725.00,737.50,722.50,683.72,1847700,0
BNZL.L,20080502,738.00,741.50,728.50,686.06,2326800,0
BNZL.L,20080501,734.00,741.00,727.00,683.25,2382600,0
BNZL.L,20080430,751.00,756.00,736.50,692.15,3286600,0
BNZL.L,20080429,724.00,757.00,724.00,708.53,10886100,0
BNZL.L,20080428,721.00,735.00,716.50,684.19,1477100,0
BNZL.L,20080425,714.50,719.50,706.50,668.75,1860000,0
BNZL.L,20080424,718.50,718.50,698.00,659.86,1699500,0
BNZL.L,20080423,711.50,719.00,705.00,672.49,1350100,0
BNZL.L,20080422,703.00,706.50,698.50,656.11,523100,0
BNZL.L,20080421,705.00,713.50,698.00,656.11,968800,0
BNZL.L,20080418,707.50,710.00,696.50,662.66,866300,0
BNZL.L,20080417,692.00,707.50,690.00,661.73,1503200,0
BNZL.L,20080416,686.50,705.00,686.50,649.56,3223900,0
BNZL.L,20080415,679.50,695.00,672.50,639.26,1163700,0
BNZL.L,20080414,673.00,677.00,666.00,631.78,1154200,0
BNZL.L,20080411,706.00,708.00,671.00,632.24,1669300,0
BNZL.L,20080410,703.00,706.00,686.00,654.24,1153700,0
BNZL.L,20080409,691.50,706.50,686.50,654.71,1031000,0
BNZL.L,20080408,692.00,700.00,688.50,646.28,868400,0
BNZL.L,20080407,703.00,703.00,685.00,654.24,1539800,0
BNZL.L,20080404,714.00,714.00,694.50,657.05,1352300,0
BNZL.L,20080403,727.00,729.50,704.00,663.60,1027900,0
BNZL.L,20080402,729.50,730.50,715.00,674.83,1652700,0
BNZL.L,20080401,704.50,728.50,701.50,678.58,1462000,0
BNZL.L,20080331,694.50,715.00,690.00,664.07,1506200,0
BNZL.L,20080328,704.00,705.00,691.00,647.22,1084900,0
BNZL.L,20080327,697.00,707.00,693.50,655.18,2412600,0
BNZL.L,20080326,702.00,706.50,691.00,650.03,1244700,0
BNZL.L,20080325,699.00,709.00,692.50,655.18,1176200,0
BNZL.L,20080320,685.00,695.00,680.50,645.35,2070100,0
BNZL.L,20080319,695.50,695.50,670.00,643.94,1455500,0
BNZL.L,20080318,687.50,694.50,678.00,647.22,1373200,0
BNZL.L,20080314,694.00,706.00,683.50,649.09,884300,0
BNZL.L,20080313,703.50,708.50,684.00,651.90,1846400,0
BNZL.L,20080312,723.00,725.00,711.00,669.68,2434100,0
BNZL.L,20080311,702.00,725.50,699.00,669.22,2160500,0
BNZL.L,20080310,702.00,707.50,692.00,658.45,1504300,0
BNZL.L,20080307,699.00,710.50,688.00,657.05,1185100,0
BNZL.L,20080306,720.00,720.00,700.50,657.98,1336800,0
BNZL.L,20080305,711.50,718.00,702.00,671.09,1413600,0
BNZL.L,20080304,703.00,713.00,693.50,659.39,1946500,0
BNZL.L,20080303,694.50,710.00,687.00,659.86,1452900,0
BNZL.L,20080229,709.00,710.00,693.50,652.84,1252400,0
BNZL.L,20080228,724.00,724.00,701.00,661.26,1937900,0
BNZL.L,20080227,715.50,725.00,704.50,675.30,1705700,0
BNZL.L,20080226,685.00,706.50,676.50,659.86,2776000,0
BNZL.L,20080225,668.50,684.00,665.00,631.31,1257200,0
BNZL.L,20080222,668.00,673.50,658.00,616.80,878200,0
BNZL.L,20080221,678.00,682.00,667.50,626.63,1088000,0
BNZL.L,20080220,662.00,682.50,654.00,632.71,1209900,0
BNZL.L,20080219,662.00,677.00,659.00,629.90,491700,0
BNZL.L,20080218,659.00,669.50,657.00,625.23,535700,0
BNZL.L,20080215,666.00,668.50,646.00,609.31,897100,0
BNZL.L,20080214,656.00,677.00,656.00,621.01,1050800,0
BNZL.L,20080213,650.00,662.00,646.00,611.19,1160600,0
BNZL.L,20080212,650.00,654.00,645.00,609.78,1426800,0
BNZL.L,20080211,637.50,649.00,637.50,602.76,1056400,0
BNZL.L,20080208,648.50,650.00,643.00,606.04,1182200,0
BNZL.L,20080207,633.00,652.50,631.50,604.63,2393500,0
BNZL.L,20080206,632.00,642.50,627.50,596.68,1091000,0
BNZL.L,20080205,650.50,655.50,633.00,592.93,1329800,0
BNZL.L,20080204,650.50,651.00,642.50,603.70,1073300,0
BNZL.L,20080201,631.50,646.50,631.50,605.10,1696000,0
BNZL.L,20080131,631.00,643.50,610.50,587.79,2495000,0
BNZL.L,20080130,643.00,645.50,634.00,599.49,1462400,0
BNZL.L,20080129,640.00,644.50,633.50,600.89,1175700,0
BNZL.L,20080128,619.50,635.50,619.50,588.25,1018100,0
BNZL.L,20080125,651.50,654.50,631.50,592.47,1660600,0
BNZL.L,20080124,659.00,674.00,628.00,603.70,2412400,0
BNZL.L,20080123,644.50,650.00,614.00,602.29,2349000,0
BNZL.L,20080122,607.50,638.00,579.00,592.93,3019200,0
BNZL.L,20080121,630.50,636.00,610.00,571.41,2707500,0
BNZL.L,20080118,634.50,657.50,631.50,596.21,2351700,0
BNZL.L,20080117,643.00,661.00,634.00,598.55,1989800,0
BNZL.L,20080116,636.50,653.00,621.50,599.02,2361600,0
BNZL.L,20080115,660.50,664.50,642.50,602.29,1325300,0
BNZL.L,20080114,656.00,671.50,654.50,622.42,1083100,0
BNZL.L,20080111,648.00,665.50,646.50,620.55,1640500,0
BNZL.L,20080110,675.50,684.50,646.50,610.25,2004700,0
BNZL.L,20080109,673.00,687.00,673.00,631.78,1256900,0
BNZL.L,20080108,686.50,690.00,676.50,637.39,1187200,0
BNZL.L,20080107,678.50,686.00,668.50,638.33,1445800,0
BNZL.L,20080104,699.50,705.50,669.50,634.12,2151800,0
BNZL.L,20080103,713.00,718.00,689.00,650.96,1766500,0
BNZL.L,20080102,711.50,724.50,710.00,665.94,1088800,0
BNZL.L,20071231,724.00,724.00,708.50,664.07,183600,0
BNZL.L,20071228,715.50,723.50,715.00,672.49,462300,0
BNZL.L,20071227,703.50,723.00,703.50,674.83,458000,0
BNZL.L,20071224,720.00,720.00,708.00,668.28,161500,0
BNZL.L,20071221,711.00,725.00,704.00,667.34,1761800,0
BNZL.L,20071220,698.50,706.50,689.50,658.92,875900,0
BNZL.L,20071219,690.50,695.50,679.50,647.22,1171500,0
BNZL.L,20071218,678.00,687.50,671.50,636.92,1364100,0
BNZL.L,20071217,676.50,683.00,666.50,632.71,1679000,0
BNZL.L,20071214,682.00,693.00,673.50,643.48,1819300,0
BNZL.L,20071213,674.50,679.50,665.00,629.90,2302600,0
BNZL.L,20071212,674.50,680.00,669.00,633.65,4216500,0
BNZL.L,20071211,675.50,690.00,675.50,643.94,1072000,0
BNZL.L,20071210,673.50,680.50,671.00,634.58,878300,0
BNZL.L,20071207,681.50,685.50,673.50,634.58,1700400,0
BNZL.L,20071206,679.00,684.50,669.50,631.78,1592500,0
BNZL.L,20071205,672.00,680.00,664.50,628.50,1951200,0
BNZL.L,20071204,703.00,705.50,668.50,627.10,2770100,0
BNZL.L,20071203,715.50,725.00,702.50,657.98,2346800,0
BNZL.L,20071130,721.00,731.50,716.00,670.15,2466400,0
BNZL.L,20071129,713.00,729.00,700.00,681.85,1494500,0
BNZL.L,20071128,693.00,706.50,680.00,661.26,1802900,0
BNZL.L,20071127,691.50,701.00,680.00,641.14,2079200,0
BNZL.L,20071126,689.00,716.00,687.00,654.24,2670000,0
BNZL.L,20071123,653.50,688.50,648.50,640.67,1659700,0
BNZL.L,20071122,643.50,653.00,637.00,610.25,1246200,0
BNZL.L,20071121,642.00,645.00,630.50,597.61,1437300,0
BNZL.L,20071120,652.00,654.00,633.00,610.72,1163000,0
BNZL.L,20071119,671.00,673.00,641.50,603.70,1309500,0
BNZL.L,20071116,669.00,672.50,662.00,624.29,1527600,0
BNZL.L,20071115,669.50,678.50,664.00,626.16,1504900,0
BNZL.L,20071114,676.50,679.50,670.00,631.78,1210200,0
BNZL.L,20071113,652.00,673.00,650.50,628.03,1214000,0
BNZL.L,20071112,664.50,667.50,651.00,616.80,795300,0
BNZL.L,20071109,682.50,682.50,658.50,621.95,1591700,0
BNZL.L,20071108,663.00,680.50,663.00,633.18,1396100,0
BNZL.L,20071107,698.00,702.50,680.50,639.26,1666400,0
BNZL.L,20071106,714.50,715.00,694.00,650.03,1226100,0
BNZL.L,20071105,713.50,718.00,706.00,662.66,3353300,0
BNZL.L,20071102,711.50,720.50,710.50,672.49,1365900,0
BNZL.L,20071101,721.00,731.00,714.00,675.77,1395000,0
BNZL.L,20071031,714.50,726.00,711.00,677.17,1423200,0
BNZL.L,20071030,720.50,720.50,702.00,666.41,4439600,0
BNZL.L,20071029,720.00,724.00,716.50,674.36,706800,0
BNZL.L,20071026,719.00,721.00,708.50,670.62,1536100,0
BNZL.L,20071025,717.50,721.50,706.00,668.28,1136400,0
BNZL.L,20071024,710.00,716.00,705.00,664.54,1536700,0
BNZL.L,20071023,715.00,725.00,710.50,665.00,2031800,0
BNZL.L,20071022,703.00,716.00,690.00,662.66,2515000,0
BNZL.L,20071019,711.50,718.50,705.00,665.00,2704300,0
BNZL.L,20071018,714.50,716.00,707.00,665.94,2272000,0
BNZL.L,20071017,699.00,715.00,691.50,668.75,1577500,0
BNZL.L,20071016,695.00,698.50,689.50,650.50,1826500,0
BNZL.L,20071015,699.00,700.50,694.50,651.90,1401700,0
BNZL.L,20071012,693.50,699.00,690.00,650.96,1506800,0
BNZL.L,20071011,702.50,707.50,698.00,657.05,988500,0
BNZL.L,20071010,697.00,702.50,692.50,653.77,1544500,0
BNZL.L,20071009,697.50,702.00,692.00,648.62,1458100,0
BNZL.L,20071008,702.00,706.50,689.00,653.30,894900,0
BNZL.L,20071005,697.50,705.00,694.50,657.52,1059400,0
BNZL.L,20071004,702.00,705.00,692.00,651.90,1253500,0
BNZL.L,20071003,709.00,709.00,693.50,655.18,1121000,0
BNZL.L,20071002,703.00,706.50,695.50,653.77,1458800,0
BNZL.L,20071001,694.50,705.50,689.00,650.50,2210700,0
BNZL.L,20070928,707.00,714.50,694.50,655.64,1869000,0
BNZL.L,20070927,708.00,714.00,703.50,665.00,1243700,0
BNZL.L,20070926,695.50,704.00,691.00,655.18,1737000,0
BNZL.L,20070925,701.00,709.00,689.00,648.16,2569200,0
BNZL.L,20070924,705.00,708.50,698.50,656.11,1261000,0
BNZL.L,20070921,697.00,706.50,695.00,660.32,1992700,0
BNZL.L,20070920,689.50,700.50,689.50,652.37,1660500,0
BNZL.L,20070919,698.00,705.00,693.00,656.11,2415500,0
BNZL.L,20070918,688.50,696.50,687.00,649.09,1581200,0
BNZL.L,20070917,687.00,691.50,684.00,643.01,2838700,0
BNZL.L,20070914,693.50,700.50,685.00,645.82,3987400,0
BNZL.L,20070913,695.50,702.50,695.00,654.71,1877300,0
BNZL.L,20070912,696.50,700.50,690.00,655.18,1561600,0
BNZL.L,20070911,694.00,697.50,690.00,649.56,1987700,0
BNZL.L,20070910,692.00,696.00,685.50,644.41,1897700,0
BNZL.L,20070907,696.00,697.50,679.00,643.94,2164900,0
BNZL.L,20070906,695.00,698.50,686.50,649.56,1790500,0
BNZL.L,20070905,692.50,700.50,685.00,643.94,1862500,0
BNZL.L,20070904,694.50,701.00,685.00,652.84,1631900,0
BNZL.L,20070903,694.50,695.00,688.00,646.75,759700,0
BNZL.L,20070831,689.50,692.00,677.50,644.88,2206500,0
BNZL.L,20070830,677.50,687.00,670.50,640.67,1937400,0
BNZL.L,20070829,654.00,667.00,654.00,623.35,1029600,0
BNZL.L,20070828,718.50,718.50,661.50,619.61,1655200,0
BNZL.L,20070824,671.00,688.00,669.50,640.67,2968400,0
BNZL.L,20070823,679.00,682.00,666.50,627.10,1620300,0
BNZL.L,20070822,662.00,671.00,650.00,626.16,1514000,0
BNZL.L,20070821,649.50,661.00,646.00,611.19,1281100,0
BNZL.L,20070820,653.00,672.50,648.50,611.65,1147000,0
BNZL.L,20070817,637.50,666.50,628.00,613.06,3324200,0
BNZL.L,20070816,641.50,658.50,631.50,595.74,2696300,0
BNZL.L,20070815,647.00,666.50,647.00,618.67,3381400,0
BNZL.L,20070813,663.50,672.00,658.50,618.21,2103700,0
BNZL.L,20070810,668.50,686.00,651.00,617.74,4002900,0
BNZL.L,20070809,671.50,695.50,663.00,631.31,4687900,0
BNZL.L,20070808,680.00,687.50,672.00,634.12,2595400,0
BNZL.L,20070807,665.50,679.50,663.00,634.58,2226400,0
BNZL.L,20070806,653.00,659.50,650.00,613.99,1577700,0
BNZL.L,20070803,658.00,664.00,656.00,619.61,4723500,0
BNZL.L,20070802,658.50,667.00,654.00,615.40,968100,0
BNZL.L,20070801,647.50,661.00,641.00,613.99,1772600,0
BNZL.L,20070731,655.00,669.00,653.00,616.80,2799700,0
BNZL.L,20070730,643.00,657.00,641.50,612.12,1984900,0
BNZL.L,20070727,633.50,654.00,633.50,598.08,2966500,0
BNZL.L,20070726,669.00,669.00,634.50,597.61,2846700,0
BNZL.L,20070725,661.00,666.50,656.00,620.55,2374200,0
BNZL.L,20070724,672.50,675.50,659.00,620.55,1868600,0
BNZL.L,20070723,682.00,686.00,670.00,632.24,1580500,0
BNZL.L,20070720,689.00,692.50,683.50,640.67,1083600,0
BNZL.L,20070719,690.00,692.00,688.00,644.88,2159100,0
BNZL.L,20070718,678.50,691.50,677.00,644.41,3729500,0
BNZL.L,20070717,689.00,690.00,677.50,643.48,1125600,0
BNZL.L,20070716,689.50,695.00,689.00,645.82,1478400,0
BNZL.L,20070713,703.00,703.00,691.00,648.16,2420100,0
BNZL.L,20070712,697.50,699.50,688.50,648.62,2773300,0
BNZL.L,20070711,689.00,700.50,687.00,647.22,1487500,0
BNZL.L,20070710,711.50,712.00,693.00,650.50,3920300,0
BNZL.L,20070709,710.50,717.00,705.50,663.13,2305300,0
BNZL.L,20070706,714.00,716.00,706.50,665.47,796200,0
BNZL.L,20070705,720.00,721.00,708.50,665.94,1374900,0
BNZL.L,20070704,717.00,720.50,711.50,674.36,997000,0
BNZL.L,20070703,712.00,713.00,702.00,663.60,1559200,0
BNZL.L,20070702,689.00,709.50,689.00,657.98,1933300,0
BNZL.L,20070629,707.00,707.00,695.00,650.96,3872100,0
BNZL.L,20070628,708.00,710.00,694.50,655.18,2324200,0
BNZL.L,20070627,692.00,699.00,690.50,653.30,1783000,0
BNZL.L,20070626,699.00,702.00,693.50,652.84,2326000,0
BNZL.L,20070625,694.00,702.50,686.00,655.18,1686500,0
BNZL.L,20070622,692.00,697.00,691.00,650.50,1246900,0
BNZL.L,20070621,688.50,696.50,685.50,650.03,2076900,0
BNZL.L,20070620,708.00,709.50,696.50,652.37,3079800,0
BNZL.L,20070619,712.50,716.50,702.50,658.45,2729600,0
BNZL.L,20070618,714.00,719.00,710.00,668.28,863400,0
BNZL.L,20070615,715.50,718.00,708.00,667.81,2347300,0
BNZL.L,20070614,713.00,714.00,705.00,664.07,2066300,0
BNZL.L,20070613,696.50,706.50,695.00,657.98,1370700,0
BNZL.L,20070612,706.50,708.50,700.50,658.92,1763400,0
BNZL.L,20070611,716.50,717.00,701.50,658.92,2794900,0
BNZL.L,20070608,700.50,708.50,698.00,660.79,2567300,0
BNZL.L,20070607,712.50,714.50,703.00,660.79,2972200,0
BNZL.L,20070606,726.50,726.50,702.00,663.13,2194900,0
BNZL.L,20070605,736.00,736.00,722.00,678.11,1254500,0
BNZL.L,20070604,730.00,738.00,730.00,684.19,924300,0
BNZL.L,20070531,740.00,741.50,733.50,689.81,1834900,0
BNZL.L,20070530,735.00,735.00,725.00,683.25,1289900,0
BNZL.L,20070529,737.00,740.00,733.50,688.87,1357100,0
BNZL.L,20070525,740.00,743.00,734.00,689.34,997300,0
BNZL.L,20070524,732.00,745.00,730.00,694.49,2466400,0
BNZL.L,20070523,738.00,742.00,733.00,688.40,3083600,0
BNZL.L,20070522,741.50,745.00,733.50,690.74,2414000,0
BNZL.L,20070521,745.00,748.50,736.00,694.02,4559900,0
BNZL.L,20070518,724.00,742.00,720.50,691.21,3997100,0
BNZL.L,20070517,725.00,729.50,720.50,679.98,3290200,0
BNZL.L,20070516,703.50,721.00,703.50,673.43,3764900,0
BNZL.L,20070515,706.50,711.50,703.00,664.07,2962900,0
BNZL.L,20070514,709.00,709.00,697.00,657.98,2387000,0
BNZL.L,20070511,694.00,704.50,693.50,655.18,3484500,0
BNZL.L,20070510,712.50,712.50,704.50,659.86,1210000,0
BNZL.L,20070509,716.50,717.50,702.50,662.66,1358300,0
BNZL.L,20070508,710.00,718.50,702.00,666.41,1900400,0
BNZL.L,20070504,710.50,723.50,708.50,671.56,1238200,0
BNZL.L,20070503,710.00,711.00,698.50,665.47,2108900,0
BNZL.L,20070502,703.00,718.00,698.00,656.58,3389800,0
BNZL.L,20070501,710.00,722.50,706.50,663.13,1209800,0
BNZL.L,20070430,719.00,719.00,710.50,668.75,1700000,0
BNZL.L,20070427,718.50,720.00,714.00,669.22,1314700,0
BNZL.L,20070426,724.50,725.00,714.50,671.56,1254100,0
BNZL.L,20070424,719.00,723.50,711.00,669.22,2569100,0
BNZL.L,20070423,726.00,726.00,718.50,673.43,1521900,0
BNZL.L,20070420,725.50,727.50,716.00,673.90,1840800,0
BNZL.L,20070419,716.00,717.50,705.50,671.56,1307600,0
BNZL.L,20070418,718.00,721.50,713.50,673.90,2348000,0
BNZL.L,20070417,709.50,721.00,709.50,672.49,1991400,0
BNZL.L,20070416,734.00,734.00,717.00,672.49,3488100,0
BNZL.L,20070413,733.00,733.50,720.50,680.92,1753200,0
BNZL.L,20070412,723.00,736.00,722.00,688.40,1795200,0
BNZL.L,20070411,746.00,746.00,729.00,682.32,2387800,0
BNZL.L,20070410,740.00,742.00,733.00,693.55,2855400,0
BNZL.L,20070405,724.00,738.50,724.00,687.93,3312000,0
BNZL.L,20070404,738.50,738.50,726.50,682.79,1446500,0
BNZL.L,20070403,730.00,734.50,724.50,684.19,1764600,0
BNZL.L,20070402,714.00,729.00,714.00,681.85,1669400,0
BNZL.L,20070330,727.50,727.50,716.00,672.96,1479800,0
BNZL.L,20070329,714.00,725.00,711.50,676.24,1369600,0
BNZL.L,20070328,717.00,724.00,708.00,668.75,2813300,0
BNZL.L,20070327,732.50,734.50,719.00,675.77,3068800,0
BNZL.L,20070326,726.00,734.00,722.00,678.58,2268000,0
BNZL.L,20070323,734.00,737.50,725.00,684.19,2403000,0
BNZL.L,20070322,737.50,743.50,725.50,685.13,3086400,0
BNZL.L,20070321,704.50,728.50,704.50,677.17,2687200,0
BNZL.L,20070320,712.00,717.50,706.00,664.07,2066400,0
BNZL.L,20070319,702.00,715.50,697.50,668.28,3177800,0
BNZL.L,20070316,687.00,699.00,687.00,650.50,2852800,0
BNZL.L,20070315,700.00,700.00,690.00,649.56,3108200,0
BNZL.L,20070314,680.00,695.00,680.00,645.82,2989100,0
BNZL.L,20070313,694.50,703.00,694.50,652.37,2249100,0
BNZL.L,20070312,706.00,706.00,697.00,655.64,1591400,0
BNZL.L,20070309,695.50,702.50,694.00,653.77,2263100,0
BNZL.L,20070308,686.00,696.00,679.00,651.43,4937500,0
BNZL.L,20070307,669.00,683.50,663.50,637.39,5619600,0
BNZL.L,20070306,667.00,669.00,655.50,626.16,2364700,0
BNZL.L,20070305,644.50,661.00,640.50,616.33,4161300,0
BNZL.L,20070302,666.00,672.00,659.50,621.48,2505600,0
BNZL.L,20070301,661.50,681.50,658.00,623.82,5234700,0
BNZL.L,20070228,646.50,666.50,643.50,616.80,6122400,0
BNZL.L,20070227,677.50,680.50,651.00,618.21,5162300,0
BNZL.L,20070226,667.00,695.00,667.00,640.20,3882100,0
BNZL.L,20070223,678.50,678.50,662.00,620.55,5218400,0
BNZL.L,20070222,678.00,680.00,671.50,630.84,2226300,0
BNZL.L,20070221,679.50,681.50,673.50,634.58,2019100,0
BNZL.L,20070220,680.00,680.50,674.50,633.65,2635800,0
BNZL.L,20070216,660.00,677.50,658.00,628.97,4995500,0
BNZL.L,20070215,659.50,659.50,655.50,616.33,3008500,0
BNZL.L,20070214,653.50,659.00,650.00,616.80,2868700,0
BNZL.L,20070213,649.00,652.00,647.50,607.91,1558900,0
BNZL.L,20070212,646.00,650.00,645.50,606.97,1569200,0
BNZL.L,20070209,642.00,652.00,642.00,609.31,4282800,0
BNZL.L,20070208,638.50,644.00,636.50,600.42,1039100,0
BNZL.L,20070207,641.50,644.00,637.00,602.76,1447500,0
BNZL.L,20070206,638.50,649.50,637.50,601.83,2178300,0
BNZL.L,20070205,641.50,643.50,636.00,599.95,1132200,0
BNZL.L,20070202,635.00,641.00,634.50,598.08,4057200,0
BNZL.L,20070201,641.00,646.00,636.50,596.21,2126300,0
BNZL.L,20070131,645.00,647.00,637.50,598.08,1963000,0
BNZL.L,20070130,646.50,650.00,643.50,607.44,1503300,0
BNZL.L,20070129,642.00,648.50,642.00,605.10,825000,0
BNZL.L,20070126,642.50,646.50,638.50,603.70,1354500,0
BNZL.L,20070125,656.50,656.50,641.50,601.83,3257700,0
BNZL.L,20070124,654.50,657.50,649.50,610.72,1749800,0
BNZL.L,20070123,646.50,655.00,644.00,607.91,4633300,0
BNZL.L,20070122,653.50,657.50,645.50,607.44,3010600,0
BNZL.L,20070119,638.00,659.50,634.50,614.46,11840100,0
BNZL.L,20070118,636.00,640.00,631.50,594.34,4281100,0
BNZL.L,20070117,627.50,639.50,627.50,596.68,2231900,0
BNZL.L,20070116,636.00,641.00,635.00,596.21,2383700,0
BNZL.L,20070115,634.00,637.50,631.50,595.74,1225600,0
BNZL.L,20070112,629.00,632.50,624.50,587.79,3175800,0
BNZL.L,20070111,627.50,632.50,620.50,586.38,2696600,0
BNZL.L,20070110,627.00,630.00,619.50,586.38,2435900,0
BNZL.L,20070109,637.00,637.50,629.00,592.00,2998700,0
BNZL.L,20070108,632.00,636.50,627.50,591.53,3908300,0
BNZL.L,20070105,631.00,634.00,625.00,588.25,1522500,0
BNZL.L,20070104,639.00,646.50,634.50,593.87,1876000,0
BNZL.L,20070103,642.50,647.00,635.50,604.63,1977900,0
BNZL.L,20070102,634.00,644.50,634.00,600.89,853500,0
BNZL.L,20061229,630.00,636.00,627.50,588.25,593200,0
BNZL.L,20061228,639.00,639.00,627.00,587.79,945700,0
BNZL.L,20061227,663.00,663.00,623.00,591.06,1822100,0
BNZL.L,20061222,635.00,635.50,619.50,583.57,841800,0
BNZL.L,20061221,635.00,639.00,630.00,590.13,1373900,0
BNZL.L,20061220,648.00,648.00,634.00,598.55,1869800,0
BNZL.L,20061219,638.00,645.50,637.00,599.95,1459300,0
BNZL.L,20061218,645.00,648.50,641.50,603.23,609100,0
BNZL.L,20061215,645.50,654.00,632.00,604.17,3250700,0
BNZL.L,20061214,639.50,654.00,639.50,605.10,3082600,0
BNZL.L,20061213,673.00,673.00,623.00,600.89,7297300,0
BNZL.L,20061212,676.00,678.00,670.50,631.31,1352800,0
BNZL.L,20061211,680.50,683.50,672.50,630.84,1066900,0
BNZL.L,20061208,670.00,676.00,665.50,631.78,636600,0
BNZL.L,20061207,666.00,675.00,666.00,628.97,698200,0
BNZL.L,20061206,677.00,677.00,669.00,626.63,921600,0
BNZL.L,20061205,676.00,678.50,665.00,630.84,1340700,0
BNZL.L,20061204,671.00,673.50,667.00,630.37,935200,0
BNZL.L,20061201,664.00,689.00,661.00,621.01,2770600,0
BNZL.L,20061130,672.50,672.50,654.50,615.40,2124500,0
BNZL.L,20061129,669.00,671.00,662.50,625.23,1524200,0
BNZL.L,20061128,665.50,665.50,651.50,617.74,3352800,0
BNZL.L,20061127,679.50,684.50,666.00,626.16,1929300,0
BNZL.L,20061124,680.50,684.50,675.50,638.80,1135400,0
BNZL.L,20061123,686.00,688.50,680.00,638.33,685100,0
BNZL.L,20061122,698.50,698.50,674.50,638.80,1852400,0
BNZL.L,20061121,685.00,695.50,685.00,649.56,1164400,0
BNZL.L,20061120,683.00,692.00,683.00,643.48,780600,0
BNZL.L,20061117,691.50,698.50,687.50,645.82,824300,0
BNZL.L,20061116,697.50,698.00,694.50,650.50,518400,0
BNZL.L,20061115,695.00,698.00,691.50,650.50,2374800,0
BNZL.L,20061114,701.00,701.00,693.00,649.09,526500,0
BNZL.L,20061113,700.00,702.50,696.50,654.71,1775800,0
BNZL.L,20061110,695.00,704.00,692.00,656.11,1638200,0
BNZL.L,20061109,703.50,704.00,693.00,650.50,2440100,0
BNZL.L,20061108,691.00,699.50,691.00,654.24,801200,0
BNZL.L,20061107,688.00,699.00,688.00,652.84,1405900,0
BNZL.L,20061106,685.50,692.50,685.50,645.82,1397900,0
BNZL.L,20061103,700.00,700.00,684.50,643.01,1816800,0
BNZL.L,20061102,703.00,703.00,694.50,650.50,2383600,0
BNZL.L,20061101,695.50,707.50,694.50,657.52,3779600,0
BNZL.L,20061031,692.50,697.00,685.00,648.62,1208800,0
BNZL.L,20061030,685.50,695.50,685.50,646.28,1594800,0
BNZL.L,20061027,696.00,706.00,691.00,648.62,1463600,0
BNZL.L,20061026,711.00,711.00,697.50,653.30,1467700,0
BNZL.L,20061025,700.00,709.00,695.00,661.73,1688900,0
BNZL.L,20061024,692.00,697.50,692.00,652.37,2057500,0
BNZL.L,20061023,699.50,699.50,690.50,650.96,768000,0
BNZL.L,20061020,687.50,716.50,687.00,650.03,2311500,0
BNZL.L,20061019,677.00,694.00,677.00,646.28,2566200,0
BNZL.L,20061018,689.00,691.00,683.00,639.26,1861500,0
BNZL.L,20061017,690.00,690.00,679.00,638.80,1299400,0
BNZL.L,20061016,680.50,690.00,680.50,645.82,870600,0
BNZL.L,20061013,688.00,688.00,680.00,638.80,1305100,0
BNZL.L,20061012,677.50,686.50,676.50,640.20,957500,0
BNZL.L,20061011,680.00,686.00,677.00,636.92,2477900,0
BNZL.L,20061009,689.50,691.50,680.50,638.80,3932100,0
BNZL.L,20061006,690.00,692.00,684.00,646.28,994300,0
BNZL.L,20061005,694.50,694.50,684.00,642.07,956700,0
BNZL.L,20061004,684.00,686.00,678.00,637.39,1617200,0
BNZL.L,20061003,671.00,686.00,670.00,641.60,1981700,0
BNZL.L,20061002,668.50,679.00,665.00,633.18,2106900,0
BNZL.L,20060929,677.50,679.00,666.00,625.69,2518600,0
BNZL.L,20060928,675.00,676.50,670.00,630.84,1754100,0
BNZL.L,20060927,680.50,682.50,669.50,629.44,1429600,0
BNZL.L,20060926,673.00,678.50,671.50,631.78,663500,0
BNZL.L,20060925,670.00,674.50,663.50,625.23,752000,0
BNZL.L,20060922,668.50,674.50,665.00,627.10,1160100,0
BNZL.L,20060921,671.50,679.00,671.50,631.78,1227900,0
BNZL.L,20060920,675.00,677.00,672.00,630.37,1506900,0
BNZL.L,20060919,688.00,688.00,671.50,628.50,1626000,0
BNZL.L,20060918,685.50,691.00,680.00,640.67,760000,0
BNZL.L,20060915,679.00,690.00,675.50,643.94,2100500,0
BNZL.L,20060914,674.00,685.50,674.00,633.65,1854400,0
BNZL.L,20060913,671.00,680.00,670.00,632.71,1198600,0
BNZL.L,20060912,669.00,676.00,668.00,629.44,1124500,0
BNZL.L,20060911,658.00,673.50,658.00,628.03,2039900,0
BNZL.L,20060908,676.50,676.50,662.50,621.48,2576300,0
BNZL.L,20060907,670.00,675.00,660.00,628.97,3075300,0
BNZL.L,20060906,684.00,689.00,674.50,633.65,4716500,0
BNZL.L,20060905,661.00,681.00,660.50,636.92,2680000,0
BNZL.L,20060904,656.50,665.50,656.50,620.55,1272300,0
BNZL.L,20060901,656.50,661.50,652.50,614.46,1668800,0
BNZL.L,20060831,656.50,659.50,643.00,610.72,2011300,0
BNZL.L,20060830,668.50,668.50,650.50,611.19,1664500,0
BNZL.L,20060829,643.50,675.00,643.50,621.48,4114900,0
BNZL.L,20060828,643.50,643.50,643.50,602.29,000,0
BNZL.L,20060825,642.00,645.50,640.00,602.29,1224000,0
BNZL.L,20060824,635.50,646.50,634.00,603.23,1405000,0
BNZL.L,20060823,637.00,656.00,633.00,596.68,2234600,0
BNZL.L,20060822,640.00,640.50,631.00,593.40,543800,0
BNZL.L,20060821,628.50,639.00,628.00,593.40,1724500,0
BNZL.L,20060818,635.50,637.50,629.50,592.00,1735000,0
BNZL.L,20060817,620.50,633.00,616.00,591.06,2728800,0
BNZL.L,20060816,612.50,623.00,612.50,581.23,1489300,0
BNZL.L,20060815,609.00,617.00,608.50,576.55,1719100,0
BNZL.L,20060814,618.50,618.50,609.00,574.21,941700,0
BNZL.L,20060811,614.50,619.00,608.00,571.41,1033600,0
BNZL.L,20060810,610.50,616.00,606.50,575.62,1003700,0
BNZL.L,20060809,619.00,620.00,609.00,579.36,1115000,0
BNZL.L,20060808,616.00,626.50,607.50,571.88,1663400,0
BNZL.L,20060807,610.50,619.00,605.50,570.94,692600,0
BNZL.L,20060804,616.50,621.00,612.50,579.36,719000,0
BNZL.L,20060803,623.50,623.50,623.50,583.57,000,0
BNZL.L,20060802,621.00,628.00,619.00,583.57,937000,0
BNZL.L,20060801,621.00,632.50,617.00,581.70,1639600,0
BNZL.L,20060731,628.50,648.00,622.00,584.04,2738000,0
BNZL.L,20060728,620.00,628.00,620.00,587.79,1354200,0
BNZL.L,20060727,628.00,634.50,622.00,585.45,1660400,0
BNZL.L,20060726,624.50,629.00,622.00,585.91,1503800,0
BNZL.L,20060725,626.00,628.00,621.50,585.91,2096700,0
BNZL.L,20060724,614.00,630.50,614.00,587.32,1089000,0
BNZL.L,20060721,630.00,630.00,610.00,577.02,2482500,0
BNZL.L,20060720,627.50,638.50,625.00,593.40,2208400,0
BNZL.L,20060719,623.50,628.50,613.50,584.51,3259300,0
BNZL.L,20060718,615.00,620.50,614.50,577.96,3048000,0
BNZL.L,20060717,608.50,618.00,606.00,575.62,2226400,0
BNZL.L,20060714,605.00,616.50,605.00,570.47,2393300,0
BNZL.L,20060713,611.00,615.00,602.50,570.94,3116700,0
BNZL.L,20060712,617.00,621.00,613.00,577.49,1900400,0
BNZL.L,20060711,607.00,618.00,607.00,574.68,3082800,0
BNZL.L,20060710,603.50,614.50,603.50,572.34,715600,0
BNZL.L,20060707,613.00,617.00,610.50,573.28,2071000,0
BNZL.L,20060706,614.50,621.00,613.00,578.43,763200,0
BNZL.L,20060705,624.00,627.50,610.50,575.15,2005600,0
BNZL.L,20060704,618.00,626.00,618.00,584.04,1004700,0
BNZL.L,20060703,614.00,631.50,614.00,585.45,1958500,0
BNZL.L,20060630,622.50,623.00,609.00,577.96,2359300,0
BNZL.L,20060629,606.50,620.00,606.00,572.34,2781800,0
BNZL.L,20060628,596.00,609.50,598.00,566.73,2714300,0
BNZL.L,20060627,602.00,607.00,602.00,562.98,2306300,0
BNZL.L,20060626,606.00,606.00,591.00,556.43,2342400,0
BNZL.L,20060623,606.00,610.41,603.22,565.79,6843500,0
BNZL.L,20060622,600.00,604.45,597.50,561.58,2551600,0
BNZL.L,20060621,598.00,598.80,584.50,555.03,2055100,0
BNZL.L,20060620,578.50,600.10,574.10,554.09,1882700,0
BNZL.L,20060619,611.00,596.18,582.25,548.01,1510000,0
BNZL.L,20060616,607.00,603.00,583.00,548.01,2122400,0
BNZL.L,20060615,587.00,600.00,579.26,555.50,1501500,0
BNZL.L,20060614,581.50,595.57,569.55,543.33,1813000,0
BNZL.L,20060613,565.50,584.50,565.50,540.99,1879000,0
BNZL.L,20060612,598.00,598.27,589.75,556.43,1298000,0
BNZL.L,20060609,597.50,609.95,592.25,558.77,2651900,0
BNZL.L,20060608,584.50,597.00,577.00,552.69,3063300,0
BNZL.L,20060607,608.50,601.08,593.00,561.58,3378300,0
BNZL.L,20060606,614.00,614.00,596.00,562.05,2040700,0
BNZL.L,20060605,621.00,621.07,614.00,576.55,774300,0
BNZL.L,20060602,631.00,644.50,614.00,579.83,1952600,0
BNZL.L,20060601,606.00,620.00,599.00,579.36,1604800,0
BNZL.L,20060531,603.00,623.50,585.05,574.21,3369700,0
BNZL.L,20060530,616.00,617.50,587.50,562.98,3407900,0
BNZL.L,20060529,620.00,620.00,620.00,580.30,000,0
BNZL.L,20060526,620.00,622.00,618.70,580.30,3925600,0
BNZL.L,20060525,623.50,628.95,611.00,577.96,2441000,0
BNZL.L,20060524,620.00,628.45,611.90,571.88,1825400,0
BNZL.L,20060523,612.00,636.00,610.50,591.06,2813700,0
BNZL.L,20060522,634.00,632.29,605.03,568.13,1234500,0
BNZL.L,20060519,642.00,645.50,631.00,596.21,2317500,0
BNZL.L,20060518,660.50,660.50,635.00,598.08,2047500,0
BNZL.L,20060517,659.50,669.86,653.00,612.59,2928700,0
BNZL.L,20060516,663.00,664.00,655.00,614.93,1969000,0
BNZL.L,20060515,668.50,668.58,627.15,614.93,2511400,0
BNZL.L,20060512,673.50,684.50,662.50,627.10,2230100,0
BNZL.L,20060511,694.50,694.50,676.50,636.46,1284400,0
BNZL.L,20060510,708.50,708.50,695.50,651.43,1471500,0
BNZL.L,20060509,700.50,710.50,700.50,660.32,961400,0
BNZL.L,20060508,717.50,717.50,696.50,664.07,1962400,0
BNZL.L,20060505,701.00,710.50,678.00,664.54,1091100,0
BNZL.L,20060504,691.00,698.00,682.50,651.43,2101600,0
BNZL.L,20060503,681.00,693.50,652.50,643.94,2109000,0
BNZL.L,20060502,688.50,696.50,681.50,642.54,834500,0
BNZL.L,20060501,694.50,694.50,694.50,650.03,000,0
BNZL.L,20060428,685.00,696.00,685.00,650.03,950700,0
BNZL.L,20060427,692.50,695.50,686.00,644.88,1067100,0
BNZL.L,20060426,684.00,700.00,684.00,650.50,1671800,0
BNZL.L,20060425,683.50,687.50,681.00,640.67,1159000,0
BNZL.L,20060424,679.00,685.50,672.00,635.05,903700,0
BNZL.L,20060421,678.50,688.00,678.00,635.52,1424500,0
BNZL.L,20060420,683.00,683.00,668.50,630.84,1518300,0
BNZL.L,20060419,686.50,686.50,671.00,636.46,1400000,0
BNZL.L,20060418,678.50,680.50,668.50,633.65,721400,0
BNZL.L,20060417,675.00,675.00,675.00,631.78,000,0
BNZL.L,20060414,675.00,675.00,675.00,631.78,000,0
BNZL.L,20060413,672.50,679.00,664.50,631.78,449300,0
BNZL.L,20060412,661.50,672.50,657.00,626.16,1477100,0
BNZL.L,20060411,670.50,678.00,659.50,622.42,2121700,0
BNZL.L,20060410,676.00,682.00,669.50,631.31,1283200,0
BNZL.L,20060407,678.00,683.50,672.50,629.44,1271200,0
BNZL.L,20060406,680.00,682.50,679.00,636.46,1136000,0
BNZL.L,20060405,682.50,682.50,670.00,637.86,854200,0
BNZL.L,20060404,678.50,682.50,674.50,634.58,1396900,0
BNZL.L,20060403,686.00,686.00,681.00,638.80,1573300,0
BNZL.L,20060331,684.00,687.50,672.00,639.26,2570900,0
BNZL.L,20060330,694.50,699.50,684.00,641.60,1133800,0
BNZL.L,20060329,690.00,692.50,681.50,645.35,783700,0
BNZL.L,20060328,689.50,689.50,678.00,643.01,1167200,0
BNZL.L,20060327,690.00,697.00,683.00,642.07,535700,0
BNZL.L,20060324,688.00,695.50,682.00,649.09,1144300,0
BNZL.L,20060323,689.50,689.50,683.00,640.67,982400,0
BNZL.L,20060322,675.00,689.00,675.00,643.94,1985800,0
BNZL.L,20060321,683.50,684.00,676.50,635.99,1730300,0
BNZL.L,20060320,690.00,690.00,677.50,637.39,776400,0
BNZL.L,20060317,697.00,709.50,682.00,643.94,1076300,0
BNZL.L,20060316,682.50,706.00,682.50,649.56,1808100,0
BNZL.L,20060315,680.00,697.00,664.00,638.80,2317600,0
BNZL.L,20060314,666.50,681.00,663.50,634.12,1578700,0
BNZL.L,20060313,663.50,672.50,662.00,622.89,520800,0
BNZL.L,20060310,653.00,662.50,652.50,617.74,759300,0
BNZL.L,20060309,648.50,658.00,642.00,613.53,732900,0
BNZL.L,20060308,661.50,661.50,642.00,601.36,1233200,0
BNZL.L,20060307,649.00,664.50,648.00,617.74,1469400,0
BNZL.L,20060306,650.00,656.00,649.00,613.53,1362200,0
BNZL.L,20060303,661.50,661.50,645.00,606.97,1177500,0
BNZL.L,20060302,661.50,675.00,653.50,616.33,4035100,0
BNZL.L,20060301,638.00,665.00,632.00,615.40,2245200,0
BNZL.L,20060228,641.50,641.50,628.50,598.08,1859300,0
BNZL.L,20060227,645.00,645.00,635.50,599.02,3196500,0
BNZL.L,20060224,628.50,633.00,624.50,587.79,959100,0
BNZL.L,20060223,618.00,628.50,618.00,584.98,743300,0
BNZL.L,20060222,630.50,630.50,614.50,581.70,357700,0
BNZL.L,20060221,623.50,627.50,616.00,582.64,954900,0
BNZL.L,20060220,622.50,628.00,616.50,578.89,906600,0
BNZL.L,20060217,619.00,634.00,613.00,585.45,1383900,0
BNZL.L,20060216,610.50,619.00,609.50,577.02,494200,0
BNZL.L,20060215,623.50,623.50,607.00,572.81,2989800,0
BNZL.L,20060214,604.00,620.00,604.00,579.83,2546500,0
BNZL.L,20060213,615.00,615.00,596.50,562.52,4197700,0
BNZL.L,20060210,617.00,620.00,612.00,576.09,503600,0
BNZL.L,20060209,610.00,624.50,610.00,580.30,2759800,0
BNZL.L,20060208,617.00,625.00,608.00,570.94,2819900,0
BNZL.L,20060207,629.00,629.00,618.50,583.11,1687900,0
BNZL.L,20060206,634.00,640.00,620.50,584.04,1335800,0
BNZL.L,20060203,635.50,636.00,625.00,589.19,1895900,0
BNZL.L,20060202,626.50,640.50,626.50,591.06,4120800,0
BNZL.L,20060201,636.00,636.00,624.00,586.85,1807100,0
BNZL.L,20060131,630.50,635.00,625.50,591.06,1044200,0
BNZL.L,20060130,618.50,648.00,612.50,591.53,1455000,0
BNZL.L,20060127,615.00,621.00,610.50,576.55,1306400,0
BNZL.L,20060126,611.50,617.00,605.50,573.75,5109100,0
BNZL.L,20060125,603.00,613.00,603.00,571.88,5215200,0
BNZL.L,20060124,603.50,603.50,599.50,563.92,2104400,0
BNZL.L,20060123,591.50,602.50,591.50,563.45,2342000,0
BNZL.L,20060120,600.00,608.00,596.00,559.71,2956400,0
BNZL.L,20060119,600.00,602.50,597.50,561.11,7784500,0
BNZL.L,20060118,603.00,604.50,595.50,557.37,2488800,0
BNZL.L,20060117,613.00,617.50,607.50,570.00,1802000,0
BNZL.L,20060116,610.50,615.00,586.50,572.81,545500,0
BNZL.L,20060113,612.00,612.00,600.00,572.34,357400,0
BNZL.L,20060112,620.00,620.00,610.50,572.81,1144500,0
BNZL.L,20060111,618.00,618.00,609.50,577.96,974200,0
BNZL.L,20060110,616.00,620.00,611.00,574.68,1398700,0
BNZL.L,20060109,619.50,623.50,613.50,579.36,784000,0
BNZL.L,20060106,617.50,626.50,614.50,581.70,928500,0
BNZL.L,20060105,646.50,646.50,611.00,582.17,1609300,0
BNZL.L,20060104,650.00,650.00,636.00,600.42,1064400,0
BNZL.L,20060103,641.50,698.50,641.50,605.57,1683600,0
BNZL.L,20060102,638.00,638.00,638.00,597.15,000,0
BNZL.L,20051230,675.00,675.00,633.00,597.15,117200,0
BNZL.L,20051229,636.50,646.00,633.00,602.29,248100,0
BNZL.L,20051228,641.00,650.00,610.50,598.08,472000,0
BNZL.L,20051227,639.50,639.50,639.50,598.55,000,0
BNZL.L,20051226,639.50,639.50,639.50,598.55,000,0
BNZL.L,20051223,644.00,644.00,635.50,598.55,128000,0
BNZL.L,20051222,630.50,675.00,627.00,599.02,1313800,0
BNZL.L,20051221,622.00,632.50,620.50,587.32,733000,0
BNZL.L,20051220,617.00,627.00,617.00,584.98,2776800,0
BNZL.L,20051219,620.50,622.50,616.00,581.23,1070200,0
BNZL.L,20051216,610.00,619.50,605.00,577.96,1437600,0
BNZL.L,20051215,595.00,609.00,594.00,563.45,1107200,0
BNZL.L,20051214,609.50,609.50,595.00,559.24,1050200,0
BNZL.L,20051213,603.50,611.00,602.50,565.79,884300,0
BNZL.L,20051212,596.00,613.50,594.50,566.73,1394900,0
BNZL.L,20051209,602.50,608.00,578.50,554.56,1409000,0
BNZL.L,20051208,600.50,604.00,593.50,558.30,1155100,0
BNZL.L,20051207,602.00,609.50,593.00,566.26,2055000,0
BNZL.L,20051206,609.00,610.50,602.00,568.60,697700,0
BNZL.L,20051205,600.50,609.50,590.50,567.66,1081900,0
BNZL.L,20051202,611.00,615.50,604.00,570.47,2832400,0
BNZL.L,20051201,599.50,612.50,598.00,566.26,1646300,0
BNZL.L,20051130,601.50,611.00,594.50,556.43,1322700,0
BNZL.L,20051129,590.00,602.00,590.00,561.58,1476100,0
BNZL.L,20051128,603.50,615.00,593.50,556.90,2164500,0
BNZL.L,20051125,598.50,604.00,598.00,563.45,372100,0
BNZL.L,20051124,589.50,601.50,589.50,558.30,424100,0
BNZL.L,20051123,589.00,594.00,582.50,554.09,23384600,0
BNZL.L,20051122,614.50,614.50,589.00,552.22,1470900,0
BNZL.L,20051121,594.00,597.00,584.50,549.41,549200,0
BNZL.L,20051118,593.00,596.00,589.50,555.50,1218600,0
BNZL.L,20051117,599.00,599.00,582.50,550.35,1288100,0
BNZL.L,20051116,591.00,591.00,580.00,544.26,1810500,0
BNZL.L,20051115,597.00,599.00,588.50,555.50,1173800,0
BNZL.L,20051114,596.50,601.00,594.00,561.11,606800,0
BNZL.L,20051111,605.50,605.50,589.50,555.50,1801800,0
BNZL.L,20051110,595.00,599.00,589.00,559.71,1658000,0
BNZL.L,20051109,600.00,600.00,592.00,555.03,1389100,0
BNZL.L,20051108,589.00,598.50,586.00,557.84,2003100,0
BNZL.L,20051107,582.50,587.50,571.00,547.54,763000,0
BNZL.L,20051104,580.00,584.50,577.00,545.20,582000,0
BNZL.L,20051103,579.50,582.00,573.00,540.99,960100,0
BNZL.L,20051102,574.00,576.00,568.50,538.18,1291400,0
BNZL.L,20051101,567.00,573.50,565.50,535.84,1944100,0
BNZL.L,20051031,563.00,570.00,561.00,528.82,1214800,0
BNZL.L,20051028,559.50,561.50,549.50,522.27,646600,0
BNZL.L,20051027,556.00,560.00,554.00,522.74,2477700,0
BNZL.L,20051026,575.00,575.00,545.00,525.08,1856400,0
BNZL.L,20051025,548.50,551.50,544.00,513.38,703500,0
BNZL.L,20051024,548.00,548.00,539.00,511.04,1076600,0
BNZL.L,20051021,534.50,550.00,532.50,511.04,1129500,0
BNZL.L,20051020,557.00,557.00,536.00,505.42,1789800,0
BNZL.L,20051019,554.50,554.50,541.00,511.04,1373600,0
BNZL.L,20051018,557.00,562.00,556.00,524.14,618500,0
BNZL.L,20051017,574.00,574.00,558.50,522.74,897300,0
BNZL.L,20051014,561.50,573.50,559.00,533.03,1020000,0
BNZL.L,20051013,570.00,574.00,556.00,522.74,1137700,0
BNZL.L,20051012,580.00,581.00,568.00,534.44,1448200,0
BNZL.L,20051011,571.50,584.00,571.50,545.20,1440800,0
BNZL.L,20051010,569.00,577.50,569.00,536.31,1181600,0
BNZL.L,20051007,569.00,572.00,565.50,533.50,774700,0
BNZL.L,20051006,568.00,572.00,566.00,532.10,1692700,0
BNZL.L,20051005,570.50,575.00,570.00,536.31,1059000,0
BNZL.L,20051004,575.00,577.00,569.50,538.65,1360900,0
BNZL.L,20051003,570.00,574.50,567.50,535.84,1636800,0
BNZL.L,20050930,565.50,571.50,564.50,531.63,2001400,0
BNZL.L,20050929,564.00,566.50,558.00,524.14,547600,0
BNZL.L,20050928,560.00,564.00,559.50,526.01,1503600,0
BNZL.L,20050927,561.50,568.00,558.50,523.20,866300,0
BNZL.L,20050926,568.00,570.00,560.50,528.82,762800,0
BNZL.L,20050923,558.00,564.50,554.00,526.01,1497000,0
BNZL.L,20050922,562.50,564.50,553.50,522.27,2910100,0
BNZL.L,20050921,560.50,566.00,556.00,525.54,2998100,0
BNZL.L,20050920,566.00,569.00,565.00,530.22,664700,0
BNZL.L,20050919,568.50,570.50,565.00,529.29,1228600,0
BNZL.L,20050916,564.00,572.50,561.50,531.16,2361900,0
BNZL.L,20050915,571.00,573.50,565.50,531.16,1806300,0
BNZL.L,20050914,570.50,571.50,565.00,532.56,2666300,0
BNZL.L,20050913,573.00,576.50,568.00,532.10,1727400,0
BNZL.L,20050912,568.50,577.50,568.50,538.18,1695300,0
BNZL.L,20050909,568.00,570.00,565.00,532.10,1576700,0
BNZL.L,20050908,569.50,573.00,567.00,531.63,2464400,0
BNZL.L,20050907,574.00,577.50,569.00,534.90,4302000,0
BNZL.L,20050906,555.00,571.50,553.00,533.50,3383800,0
BNZL.L,20050905,563.50,568.50,550.50,517.59,1857200,0
BNZL.L,20050902,555.00,564.00,553.00,526.95,1849200,0
BNZL.L,20050901,549.50,562.50,523.50,519.46,3574300,0
BNZL.L,20050831,546.00,550.00,543.00,510.57,4435600,0
BNZL.L,20050830,522.00,553.50,522.00,512.91,3846000,0
BNZL.L,20050829,529.00,529.00,529.00,495.13,000,0
BNZL.L,20050826,526.50,531.50,526.50,495.13,1945600,0
BNZL.L,20050825,526.50,530.00,522.50,494.19,3156400,0
BNZL.L,20050824,526.50,531.00,526.50,496.06,2516200,0
BNZL.L,20050823,525.00,532.00,520.00,495.59,2138100,0
BNZL.L,20050822,516.50,527.00,516.50,489.98,1718100,0
BNZL.L,20050819,515.00,521.00,509.00,485.77,1624600,0
BNZL.L,20050818,516.50,519.00,513.50,482.96,814200,0
BNZL.L,20050817,521.50,521.50,511.00,481.09,2213600,0
BNZL.L,20050816,516.00,521.00,516.00,487.17,708700,0
BNZL.L,20050815,523.50,523.50,515.00,483.89,1101600,0
BNZL.L,20050812,524.00,527.00,521.50,489.98,659700,0
BNZL.L,20050811,524.00,527.00,524.00,490.91,1898000,0
BNZL.L,20050810,525.50,529.50,523.50,493.25,1443200,0
BNZL.L,20050809,521.00,525.00,518.00,491.38,1399700,0
BNZL.L,20050808,525.00,525.00,510.50,488.11,2174700,0
BNZL.L,20050805,524.50,537.00,522.00,488.57,2102900,0
BNZL.L,20050804,522.00,527.00,512.00,490.91,2562600,0
BNZL.L,20050803,522.00,526.00,521.50,490.45,1870900,0
BNZL.L,20050802,522.50,523.00,517.00,489.51,1986400,0
BNZL.L,20050801,523.50,525.00,519.00,491.38,2084800,0
BNZL.L,20050729,520.00,523.00,517.50,488.11,2868700,0
BNZL.L,20050728,522.00,522.00,513.00,485.77,1898700,0
BNZL.L,20050727,519.00,520.50,517.50,485.77,1081400,0
BNZL.L,20050726,525.00,525.00,517.50,485.30,2480400,0
BNZL.L,20050725,529.50,529.50,520.00,489.51,1027100,0
BNZL.L,20050722,532.00,532.00,522.00,493.25,1947600,0
BNZL.L,20050721,533.00,533.00,521.50,496.53,2442400,0
BNZL.L,20050720,522.50,532.00,519.00,494.66,3833600,0
BNZL.L,20050719,524.00,527.50,518.00,486.23,1865200,0
BNZL.L,20050718,528.00,531.50,522.50,492.32,1888800,0
BNZL.L,20050715,532.00,532.00,527.00,494.19,2477100,0
BNZL.L,20050714,531.00,533.50,527.00,495.13,3031100,0
BNZL.L,20050713,525.00,530.50,520.00,493.25,667600,0
BNZL.L,20050712,524.00,528.00,522.00,488.57,706800,0
BNZL.L,20050711,532.00,536.00,524.00,491.85,610200,0
BNZL.L,20050708,527.00,528.00,520.50,491.85,563200,0
BNZL.L,20050707,523.00,527.50,483.00,486.23,899600,0
BNZL.L,20050706,525.00,530.00,524.00,493.72,643300,0
BNZL.L,20050705,526.00,528.00,522.00,489.04,942300,0
BNZL.L,20050704,527.00,529.00,520.00,489.98,985100,0
BNZL.L,20050701,522.50,532.50,518.50,495.59,1910800,0
BNZL.L,20050630,513.00,523.00,507.50,487.64,2260300,0
BNZL.L,20050629,515.00,515.00,508.50,479.21,908700,0
BNZL.L,20050628,516.50,516.50,505.50,475.94,1069600,0
BNZL.L,20050627,522.00,522.00,510.50,480.62,767600,0
BNZL.L,20050624,515.00,520.00,515.00,485.77,1473800,0
BNZL.L,20050623,522.50,523.00,511.50,483.43,1170900,0
BNZL.L,20050622,519.00,521.50,514.00,485.30,1607300,0
BNZL.L,20050621,523.00,524.00,518.00,488.11,1416100,0
BNZL.L,20050620,512.50,519.50,510.50,486.23,1560700,0
BNZL.L,20050617,522.00,530.00,510.50,477.81,5963100,0
BNZL.L,20050616,525.00,525.00,516.50,484.83,717400,0
BNZL.L,20050615,529.50,529.50,518.50,486.70,841500,0
BNZL.L,20050614,528.00,530.00,524.00,493.25,883200,0
BNZL.L,20050613,530.00,530.00,523.50,495.13,829700,0
BNZL.L,20050610,531.00,533.00,524.00,492.32,1413400,0
BNZL.L,20050609,528.00,532.50,522.50,495.59,1090100,0
BNZL.L,20050608,535.50,535.50,528.50,497.00,815600,0
BNZL.L,20050607,534.00,538.00,524.00,501.68,2609800,0
BNZL.L,20050606,548.00,548.00,517.50,501.68,3227300,0
