ENRC.L,20120824,349.70,349.70,336.00,338.90,3767800,0
ENRC.L,20120823,361.00,361.50,348.80,351.50,5188400,0
ENRC.L,20120822,362.30,362.40,353.42,356.00,2767200,0
ENRC.L,20120821,357.90,372.00,357.60,370.20,3718800,0
ENRC.L,20120820,366.80,368.30,355.20,357.00,3279000,0
ENRC.L,20120817,372.50,372.50,364.40,369.70,4887400,0
ENRC.L,20120816,378.80,381.00,369.70,372.40,4326500,0
ENRC.L,20120815,410.30,411.10,375.90,379.60,7411400,0
ENRC.L,20120814,422.10,427.41,414.70,414.70,2117300,0
ENRC.L,20120810,424.80,427.30,420.30,425.90,1417500,0
ENRC.L,20120809,428.00,430.95,421.30,427.00,2197100,0
ENRC.L,20120808,424.30,425.71,419.18,425.60,3296800,0
ENRC.L,20120807,404.00,428.50,403.51,426.90,4092400,0
ENRC.L,20120806,389.60,405.10,388.50,403.10,2559900,0
ENRC.L,20120803,373.70,393.95,370.70,388.20,3920300,0
ENRC.L,20120802,389.00,390.80,371.50,373.30,3067500,0
ENRC.L,20120801,390.20,393.30,378.90,388.80,2019800,0
ENRC.L,20120731,398.70,402.90,390.80,393.00,2522800,0
ENRC.L,20120727,380.00,385.80,370.00,384.60,1628400,0
ENRC.L,20120726,364.60,376.00,355.00,376.00,2608800,0
ENRC.L,20120725,361.70,373.75,361.70,364.00,1939300,0
ENRC.L,20120724,366.90,372.00,361.50,363.60,1748900,0
ENRC.L,20120723,377.30,377.30,361.50,366.00,2384800,0
ENRC.L,20120720,392.00,395.30,379.70,381.30,2020100,0
ENRC.L,20120719,386.50,393.23,386.10,392.30,2851300,0
ENRC.L,20120718,388.80,392.40,383.80,386.00,2228700,0
ENRC.L,20120717,405.00,406.20,387.00,387.40,2801300,0
ENRC.L,20120716,409.00,409.00,399.70,402.90,1921500,0
ENRC.L,20120713,397.40,410.80,391.00,408.80,1987000,0
ENRC.L,20120712,407.30,409.90,391.70,393.60,3106400,0
ENRC.L,20120711,408.40,413.60,405.30,410.90,1459600,0
ENRC.L,20120710,412.30,419.00,407.40,411.30,2673000,0
ENRC.L,20120709,419.90,421.80,409.10,410.30,1838200,0
ENRC.L,20120706,428.00,431.18,418.00,419.70,2468300,0
ENRC.L,20120705,432.90,443.00,424.10,429.00,2006900,0
ENRC.L,20120704,432.00,436.54,428.00,431.30,2278300,0
ENRC.L,20120703,426.90,436.30,424.20,435.60,1979700,0
ENRC.L,20120702,415.00,427.10,413.00,425.60,2272300,0
ENRC.L,20120629,416.80,422.95,408.90,415.40,2523900,0
ENRC.L,20120628,398.60,401.70,382.30,400.30,2716600,0
ENRC.L,20120627,401.00,403.00,390.30,396.40,2632000,0
ENRC.L,20120626,398.80,406.00,397.20,400.00,2133600,0
ENRC.L,20120625,412.50,416.10,398.00,400.00,1724900,0
ENRC.L,20120622,423.10,424.40,411.30,414.30,3000300,0
ENRC.L,20120621,434.40,438.60,424.60,428.60,2491500,0
ENRC.L,20120620,434.00,444.60,433.40,436.10,2556600,0
ENRC.L,20120619,414.90,437.10,414.30,435.00,3313800,0
ENRC.L,20120618,426.40,428.90,407.90,414.10,3156000,0
ENRC.L,20120615,395.70,412.45,393.90,412.20,13964700,0
ENRC.L,20120614,397.00,400.20,386.30,390.80,4831800,0
ENRC.L,20120613,413.00,415.10,393.30,397.80,4677400,0
ENRC.L,20120612,405.70,410.20,397.50,403.00,3072300,0
ENRC.L,20120611,438.90,444.30,406.00,406.80,3236300,0
ENRC.L,20120608,437.50,437.64,418.30,423.80,2961200,0
ENRC.L,20120607,442.70,456.30,430.80,441.20,2758400,0
ENRC.L,20120606,423.30,439.10,421.40,438.30,3448400,0
ENRC.L,20120601,421.80,425.30,406.00,416.90,3334200,0
ENRC.L,20120531,437.00,441.30,418.60,422.50,3508500,0
ENRC.L,20120530,460.60,460.60,433.50,434.60,2847500,0
ENRC.L,20120529,463.30,469.10,457.90,465.20,1837900,0
ENRC.L,20120528,457.70,463.40,453.90,456.00,1661500,0
ENRC.L,20120525,458.30,462.10,448.80,450.30,2150000,0
ENRC.L,20120524,469.00,469.76,453.70,460.60,2733500,0
ENRC.L,20120523,466.60,469.00,459.20,460.70,3971000,0
ENRC.L,20120522,468.50,479.00,465.20,476.30,2568600,0
ENRC.L,20120521,455.20,469.90,454.40,461.60,2644500,0
ENRC.L,20120518,465.00,469.70,455.80,457.90,3146900,0
ENRC.L,20120517,479.60,481.40,464.50,473.90,3217700,0
ENRC.L,20120516,470.40,490.02,463.10,482.10,3894600,0
ENRC.L,20120514,509.50,509.50,488.70,492.80,3549500,0
ENRC.L,20120511,534.00,534.00,506.50,516.50,2625500,0
ENRC.L,20120510,533.50,544.00,523.00,537.00,3694800,0
ENRC.L,20120509,517.00,523.55,502.00,523.50,3556400,0
ENRC.L,20120508,527.00,533.50,506.00,514.00,4501000,0
ENRC.L,20120504,548.50,549.00,516.00,520.00,3371000,0
ENRC.L,20120503,560.00,563.50,548.00,553.00,2098600,0
ENRC.L,20120502,568.00,573.00,556.00,560.00,2559500,0
ENRC.L,20120501,558.00,568.58,554.00,568.50,911600,0
ENRC.L,20120430,565.50,567.50,557.00,559.50,1998800,0
ENRC.L,20120427,548.50,566.50,547.46,561.00,1324100,0
ENRC.L,20120426,554.00,559.00,546.00,556.00,1610000,0
ENRC.L,20120425,547.00,560.34,547.00,552.50,1690600,0
ENRC.L,20120424,543.00,548.77,538.65,547.00,1468300,0
ENRC.L,20120423,556.50,556.50,533.50,541.00,2187200,0
ENRC.L,20120420,563.00,569.03,555.50,564.00,1267900,0
ENRC.L,20120419,573.50,577.50,558.50,559.50,2371000,0
ENRC.L,20120418,576.00,585.50,568.50,569.00,2719200,0
ENRC.L,20120417,557.00,579.00,552.50,575.50,2369000,0
ENRC.L,20120416,568.00,574.75,557.12,559.50,2200900,0
ENRC.L,20120413,585.50,590.50,565.94,570.00,2115100,0
ENRC.L,20120412,570.00,591.00,568.50,585.50,2684200,0
ENRC.L,20120411,555.00,580.00,555.00,570.00,5594000,0
ENRC.L,20120410,579.50,580.25,556.00,557.50,3112400,0
ENRC.L,20120405,575.00,588.50,567.50,584.00,2887200,0
ENRC.L,20120404,582.00,583.00,569.50,573.00,4657200,0
ENRC.L,20120403,598.50,600.50,585.00,585.00,1892500,0
ENRC.L,20120402,593.00,602.00,581.50,596.50,2394000,0
ENRC.L,20120330,593.00,603.00,585.00,592.50,2855700,0
ENRC.L,20120329,593.50,602.73,578.50,584.00,2415400,0
ENRC.L,20120328,612.50,615.17,590.50,594.50,3232900,0
ENRC.L,20120327,633.00,637.80,617.50,619.00,1723800,0
ENRC.L,20120326,638.00,641.50,618.00,626.50,1942100,0
ENRC.L,20120323,630.50,635.29,615.50,632.00,2447900,0
ENRC.L,20120322,646.50,646.50,620.00,627.50,3409500,0
ENRC.L,20120321,657.50,666.00,641.50,643.50,4728700,0
ENRC.L,20120320,684.50,684.50,659.00,663.50,1556300,0
ENRC.L,20120319,686.00,691.00,674.00,687.50,1506400,0
ENRC.L,20120316,680.50,688.50,675.00,684.00,2509600,0
ENRC.L,20120315,674.50,685.50,671.00,677.50,1814800,0
ENRC.L,20120314,684.50,690.50,670.00,671.00,1974300,0
ENRC.L,20120313,678.50,684.06,674.50,682.50,1896600,0
ENRC.L,20120312,676.50,682.00,671.00,674.50,1387100,0
ENRC.L,20120309,673.00,681.00,664.50,677.00,2881400,0
ENRC.L,20120308,663.00,681.50,661.11,673.50,2033700,0
ENRC.L,20120307,642.50,662.02,640.50,655.00,2697200,0
ENRC.L,20120306,675.00,681.50,633.50,640.39,4316500,0
ENRC.L,20120305,694.00,696.50,671.00,675.00,3009400,0
ENRC.L,20120302,704.50,708.50,699.00,699.00,1186300,0
ENRC.L,20120301,701.50,711.30,687.50,706.50,2777100,0
ENRC.L,20120229,727.00,727.50,699.50,700.50,3021700,0
ENRC.L,20120228,727.50,731.06,712.00,721.00,3193500,0
ENRC.L,20120227,730.00,733.48,718.50,726.00,2055800,0
ENRC.L,20120224,736.00,746.00,730.50,739.00,1926000,0
ENRC.L,20120223,720.00,737.50,713.50,735.50,3289600,0
ENRC.L,20120222,722.00,726.00,706.00,722.00,2795200,0
ENRC.L,20120221,724.00,728.49,711.00,723.00,3522500,0
ENRC.L,20120220,713.00,729.50,707.50,722.00,2259200,0
ENRC.L,20120217,710.50,722.00,700.50,703.50,2551800,0
ENRC.L,20120216,701.50,704.50,692.00,701.00,1919100,0
ENRC.L,20120215,715.00,724.00,707.50,711.00,2631400,0
ENRC.L,20120214,694.50,714.71,693.00,709.50,3995700,0
ENRC.L,20120213,691.00,705.00,690.00,702.00,2179400,0
ENRC.L,20120210,702.00,707.00,680.50,684.50,2842800,0
ENRC.L,20120209,704.00,718.00,695.00,709.50,2308300,0
ENRC.L,20120208,709.50,718.00,698.50,700.50,1801200,0
ENRC.L,20120207,720.50,724.50,693.50,703.00,2246800,0
ENRC.L,20120206,727.00,727.50,716.00,721.50,1112400,0
ENRC.L,20120203,705.00,731.00,695.50,731.00,2401600,0
ENRC.L,20120202,720.00,727.50,699.00,705.00,2934800,0
ENRC.L,20120201,694.00,718.00,685.00,717.50,2279300,0
ENRC.L,20120131,708.00,714.00,687.00,690.50,2686900,0
ENRC.L,20120130,719.00,721.00,696.00,700.00,1989300,0
ENRC.L,20120127,737.00,741.00,723.00,728.50,1827700,0
ENRC.L,20120126,737.50,753.50,734.50,739.00,3467500,0
ENRC.L,20120125,719.00,735.00,707.50,731.50,2895100,0
ENRC.L,20120124,734.50,738.50,708.50,711.00,3489100,0
ENRC.L,20120123,739.50,748.50,727.50,733.00,2112000,0
ENRC.L,20120120,751.00,751.00,734.76,738.50,2500000,0
ENRC.L,20120119,750.00,753.84,742.50,749.50,2017300,0
ENRC.L,20120118,742.50,753.50,727.00,747.00,1456100,0
ENRC.L,20120117,751.50,759.00,740.00,746.50,2019100,0
ENRC.L,20120116,732.50,737.00,725.00,735.00,1047300,0
ENRC.L,20120113,748.00,750.00,718.50,734.00,2998300,0
ENRC.L,20120112,723.00,754.08,721.00,738.50,2231000,0
ENRC.L,20120111,718.00,727.00,714.00,720.50,1736300,0
ENRC.L,20120110,709.50,721.00,701.50,719.50,2643400,0
ENRC.L,20120109,700.50,710.00,692.50,697.50,1534300,0
ENRC.L,20120106,694.00,726.36,693.00,704.50,3827700,0
ENRC.L,20120105,668.50,704.50,653.00,695.00,4228600,0
ENRC.L,20120104,676.00,680.50,659.00,664.50,1667900,0
ENRC.L,20120103,640.50,673.50,640.50,673.50,1498700,0
ENRC.L,20111230,630.00,635.50,621.00,635.50,223600,0
ENRC.L,20111229,629.50,632.00,621.00,627.50,609500,0
ENRC.L,20111228,634.50,636.00,619.50,624.50,1418600,0
ENRC.L,20111223,636.50,636.50,624.00,630.00,611400,0
ENRC.L,20111222,622.00,636.50,622.00,629.50,980200,0
ENRC.L,20111221,635.00,641.00,607.17,622.50,1250100,0
ENRC.L,20111220,603.50,626.00,597.00,624.50,1751200,0
ENRC.L,20111219,612.50,629.16,603.00,608.00,1245900,0
ENRC.L,20111216,614.50,630.00,609.50,622.00,2419700,0
ENRC.L,20111215,614.50,632.00,605.00,611.00,1971200,0
ENRC.L,20111214,640.00,646.00,609.78,611.00,2166200,0
ENRC.L,20111213,637.50,654.50,628.50,647.50,1540400,0
ENRC.L,20111212,679.00,680.00,622.00,634.50,4591400,0
ENRC.L,20111209,660.50,689.00,657.00,685.00,1611500,0
ENRC.L,20111208,690.50,703.00,665.00,666.00,2964700,0
ENRC.L,20111207,689.00,695.00,676.00,682.00,1869500,0
ENRC.L,20111206,675.50,687.00,670.50,676.00,1118900,0
ENRC.L,20111205,684.50,691.50,676.50,687.50,1566500,0
ENRC.L,20111202,674.00,688.50,669.50,674.50,1284600,0
ENRC.L,20111201,666.50,683.50,654.00,662.00,1547900,0
ENRC.L,20111130,622.50,671.50,610.00,664.50,3338400,0
ENRC.L,20111129,633.50,639.82,620.50,633.00,1063600,0
ENRC.L,20111128,606.00,634.50,604.50,633.00,1546000,0
ENRC.L,20111125,595.50,608.00,583.00,600.50,1054700,0
ENRC.L,20111124,596.50,614.50,599.00,598.50,952400,0
ENRC.L,20111123,596.50,606.50,588.00,592.50,1806400,0
ENRC.L,20111122,604.00,619.19,601.50,603.00,1319100,0
ENRC.L,20111121,633.00,633.00,600.00,600.00,1505400,0
ENRC.L,20111118,639.00,649.42,640.29,638.00,2003800,0
ENRC.L,20111117,684.00,684.50,644.50,646.00,1655400,0
ENRC.L,20111116,680.00,695.50,674.50,686.00,1997800,0
ENRC.L,20111115,672.50,687.00,659.00,679.50,1718700,0
ENRC.L,20111114,692.00,708.00,672.00,676.50,2012700,0
ENRC.L,20111111,678.00,687.00,665.00,684.00,1980200,0
ENRC.L,20111110,651.00,686.00,647.50,672.50,2534900,0
ENRC.L,20111109,696.50,705.00,663.50,668.50,1699100,0
ENRC.L,20111108,680.00,703.50,676.00,686.50,1161600,0
ENRC.L,20111107,671.00,688.74,659.00,676.50,1083800,0
ENRC.L,20111104,684.50,698.50,667.00,675.00,1737600,0
ENRC.L,20111103,641.50,684.38,631.00,676.00,1542800,0
ENRC.L,20111102,632.50,662.73,616.50,657.00,2214400,0
ENRC.L,20111101,637.50,643.00,618.00,622.00,2303900,0
ENRC.L,20111031,691.00,696.50,658.00,658.00,2372800,0
ENRC.L,20111028,709.50,720.18,686.00,700.00,2419200,0
ENRC.L,20111027,694.00,713.00,680.50,702.50,3656000,0
ENRC.L,20111026,673.50,684.00,658.50,668.00,1224600,0
ENRC.L,20111025,680.00,689.00,658.50,676.50,1325600,0
ENRC.L,20111024,669.00,686.50,659.00,684.50,1270200,0
ENRC.L,20111021,637.50,660.50,632.00,658.00,1383800,0
ENRC.L,20111020,632.00,648.00,623.50,633.50,1593300,0
ENRC.L,20111019,649.50,666.00,645.00,649.00,1781000,0
ENRC.L,20111018,638.50,648.50,624.50,640.50,1846000,0
ENRC.L,20111017,677.00,689.50,640.00,651.50,1455800,0
ENRC.L,20111014,657.50,677.50,648.50,662.50,1267100,0
ENRC.L,20111013,664.00,677.00,643.50,653.00,4334800,0
ENRC.L,20111012,624.00,677.50,613.50,671.50,3080800,0
ENRC.L,20111011,635.00,638.50,617.00,625.00,1965300,0
ENRC.L,20111010,630.00,644.00,620.50,639.50,2267300,0
ENRC.L,20111007,618.50,633.50,607.00,629.00,2287300,0
ENRC.L,20111006,565.50,612.50,563.00,611.50,2609000,0
ENRC.L,20111005,539.00,559.50,528.50,557.50,1292400,0
ENRC.L,20111004,549.00,552.00,509.00,522.00,2792000,0
ENRC.L,20111003,560.00,569.00,548.00,551.50,1472300,0
ENRC.L,20110930,573.00,583.17,563.50,576.50,2185600,0
ENRC.L,20110929,576.50,587.50,567.50,576.50,1062500,0
ENRC.L,20110928,595.00,597.00,577.00,579.50,1234500,0
ENRC.L,20110927,573.50,599.15,570.00,599.00,1255000,0
ENRC.L,20110926,536.00,556.68,531.00,550.00,1822700,0
ENRC.L,20110923,575.50,581.99,533.00,554.00,3066300,0
ENRC.L,20110922,605.50,605.50,566.00,569.50,3782700,0
ENRC.L,20110921,650.50,656.50,629.50,631.00,1359500,0
ENRC.L,20110920,645.50,658.00,645.50,653.00,995700,0
ENRC.L,20110919,652.50,658.00,643.50,645.50,1294800,0
ENRC.L,20110916,672.50,680.62,657.50,667.50,3078100,0
ENRC.L,20110915,654.50,675.00,647.50,661.00,2358000,0
ENRC.L,20110914,625.00,660.00,622.50,646.00,1604200,0
ENRC.L,20110913,636.00,640.00,607.50,634.00,1261800,0
ENRC.L,20110912,626.00,635.62,608.00,622.50,1523400,0
ENRC.L,20110909,651.50,666.00,640.50,645.00,2487200,0
ENRC.L,20110908,664.50,672.50,640.50,659.50,1858400,0
ENRC.L,20110907,646.00,662.50,635.00,662.50,1235200,0
ENRC.L,20110906,620.00,638.00,609.50,630.50,1759400,0
ENRC.L,20110905,641.00,644.31,617.50,625.00,1756600,0
ENRC.L,20110902,664.50,671.00,647.50,658.50,1402500,0
ENRC.L,20110901,686.50,687.74,660.50,677.00,1294700,0
ENRC.L,20110831,660.50,689.50,656.50,682.00,2129500,0
ENRC.L,20110830,654.00,663.84,639.50,660.00,1078600,0
ENRC.L,20110826,615.00,625.00,602.50,623.00,2131200,0
ENRC.L,20110825,630.00,640.50,611.00,615.00,2115000,0
ENRC.L,20110824,612.50,632.50,595.00,618.17,1770500,0
ENRC.L,20110823,623.62,638.00,605.00,608.50,1996100,0
ENRC.L,20110822,606.00,632.48,604.00,613.50,45800,0
ENRC.L,20110819,622.50,629.00,592.50,614.50,3123700,0
ENRC.L,20110818,660.00,660.00,619.50,629.50,3661600,0
ENRC.L,20110817,620.00,664.50,620.00,655.00,1748300,0
ENRC.L,20110816,627.50,632.88,615.50,631.50,1115500,0
ENRC.L,20110815,638.50,648.00,624.00,633.50,1272600,0
ENRC.L,20110812,618.50,637.50,598.50,625.00,2551800,0
ENRC.L,20110811,613.00,621.51,585.00,617.00,3113900,0
ENRC.L,20110810,630.50,640.50,581.50,585.50,4093500,0
ENRC.L,20110809,592.50,615.50,543.50,613.00,4603700,0
ENRC.L,20110808,620.00,626.91,583.50,587.00,4890400,0
ENRC.L,20110805,624.00,665.81,600.00,633.00,3971200,0
ENRC.L,20110804,738.00,740.00,657.50,663.00,3179500,0
ENRC.L,20110803,719.00,737.00,707.00,720.50,2819400,0
ENRC.L,20110802,755.50,756.00,723.00,728.50,2437400,0
ENRC.L,20110801,786.50,795.00,754.00,757.00,1591700,0
ENRC.L,20110729,770.00,779.00,760.00,772.50,1255600,0
ENRC.L,20110728,778.00,785.00,770.50,780.50,1142700,0
ENRC.L,20110727,795.00,806.00,780.00,785.50,2110100,0
ENRC.L,20110726,785.50,798.50,776.00,791.50,2511300,0
ENRC.L,20110725,776.50,792.50,776.00,781.00,1298500,0
ENRC.L,20110722,789.50,791.50,772.50,786.00,1428000,0
ENRC.L,20110721,780.50,782.50,749.00,779.50,1640100,0
ENRC.L,20110720,770.00,780.50,765.50,775.50,1444600,0
ENRC.L,20110719,752.00,761.00,748.00,759.50,1489700,0
ENRC.L,20110718,756.50,761.50,743.00,743.00,1154300,0
ENRC.L,20110715,761.00,768.00,756.00,762.00,1013800,0
ENRC.L,20110714,775.00,782.50,766.15,768.50,725700,0
ENRC.L,20110713,769.50,794.50,768.95,784.50,1362000,0
ENRC.L,20110712,751.50,767.50,738.50,767.50,1671100,0
ENRC.L,20110711,785.00,792.00,763.50,767.00,1439500,0
ENRC.L,20110708,819.50,819.50,785.00,788.50,1921400,0
ENRC.L,20110707,804.50,820.00,799.50,815.00,1748200,0
ENRC.L,20110706,811.50,816.50,792.50,795.50,2186800,0
ENRC.L,20110705,808.50,818.00,805.00,814.50,1814600,0
ENRC.L,20110704,802.00,811.10,798.50,809.50,1325900,0
ENRC.L,20110701,783.50,809.00,777.50,800.00,4198900,0
ENRC.L,20110630,776.50,781.50,766.00,781.50,1668300,0
ENRC.L,20110629,743.00,770.00,740.00,770.00,3508100,0
ENRC.L,20110628,717.50,738.00,717.50,732.00,2206400,0
ENRC.L,20110627,707.00,725.00,707.00,716.50,1647100,0
ENRC.L,20110624,713.00,724.00,703.50,711.50,2146300,0
ENRC.L,20110623,725.50,730.00,693.00,695.50,2355400,0
ENRC.L,20110622,746.00,747.50,732.50,732.50,1319000,0
ENRC.L,20110621,732.50,744.50,732.00,743.50,1614200,0
ENRC.L,20110620,708.00,734.50,706.51,726.50,2036700,0
ENRC.L,20110617,723.00,757.00,707.00,716.00,4809500,0
ENRC.L,20110616,735.00,735.00,715.00,723.00,3840600,0
ENRC.L,20110615,760.00,767.00,742.00,744.00,3084500,0
ENRC.L,20110614,772.50,778.50,754.50,757.00,3971600,0
ENRC.L,20110613,774.50,799.00,762.51,776.50,4387500,0
ENRC.L,20110610,800.50,802.00,741.00,742.00,5345600,0
ENRC.L,20110609,797.00,805.50,795.00,802.00,2763200,0
ENRC.L,20110608,817.00,818.00,795.00,803.00,3076100,0
ENRC.L,20110607,816.50,827.00,815.00,819.50,2385600,0
ENRC.L,20110606,810.00,826.00,810.00,818.50,1281700,0
ENRC.L,20110603,819.00,824.50,801.00,815.00,1561800,0
ENRC.L,20110602,821.00,828.00,815.50,817.50,1336500,0
ENRC.L,20110601,851.50,854.50,827.00,832.50,2614100,0
ENRC.L,20110531,861.00,864.50,843.00,845.50,2715700,0
ENRC.L,20110527,848.00,861.00,848.00,855.50,1555600,0
ENRC.L,20110526,840.00,849.50,836.00,842.00,1923100,0
ENRC.L,20110525,820.00,833.50,809.00,832.00,1965900,0
ENRC.L,20110524,821.00,837.44,820.00,820.50,1688500,0
ENRC.L,20110523,820.00,826.50,811.50,815.50,2701300,0
ENRC.L,20110520,852.50,861.50,829.50,837.50,2256000,0
ENRC.L,20110519,851.50,866.50,837.50,845.50,2439200,0
ENRC.L,20110518,822.00,851.50,822.00,841.00,3483800,0
ENRC.L,20110517,830.00,839.50,806.50,806.50,3699100,0
ENRC.L,20110516,831.00,839.50,815.50,831.50,2449100,0
ENRC.L,20110513,844.50,860.50,833.00,835.50,1546000,0
ENRC.L,20110512,850.00,859.00,825.00,840.00,3583800,0
ENRC.L,20110511,886.50,887.50,860.00,862.00,2231200,0
ENRC.L,20110510,873.00,886.00,867.00,881.50,2109600,0
ENRC.L,20110509,881.00,892.00,865.00,868.00,991500,0
ENRC.L,20110506,872.00,885.00,849.50,882.50,2969900,0
ENRC.L,20110505,883.00,890.95,862.50,870.00,1868700,0
ENRC.L,20110504,892.50,899.00,871.50,877.50,2652000,0
ENRC.L,20110503,907.50,911.50,893.50,901.00,2440000,0
ENRC.L,20110428,926.50,926.50,910.50,911.50,1293800,0
ENRC.L,20110427,935.50,935.50,913.00,913.50,1414000,0
ENRC.L,20110426,932.50,943.50,926.50,933.50,1389600,0
ENRC.L,20110421,935.50,948.50,932.00,936.60,1069600,0
ENRC.L,20110420,910.00,924.50,910.00,923.00,1313900,0
ENRC.L,20110419,896.50,910.00,894.50,896.50,1390500,0
ENRC.L,20110418,919.00,919.00,886.97,892.00,3076900,0
ENRC.L,20110415,912.50,926.00,903.50,914.00,2503000,0
ENRC.L,20110414,927.00,928.00,902.00,909.00,2503600,0
ENRC.L,20110413,938.00,946.00,929.50,930.50,1457600,0
ENRC.L,20110412,957.00,960.50,925.00,929.50,2367800,0
ENRC.L,20110411,975.50,986.23,971.00,971.50,1506300,0
ENRC.L,20110408,965.50,977.50,965.50,974.06,966800,0
ENRC.L,20110407,971.50,974.00,952.50,955.00,1148800,0
ENRC.L,20110406,970.00,976.00,963.00,967.50,970900,0
ENRC.L,20110405,966.00,970.00,660.00,964.00,1260400,0
ENRC.L,20110404,958.50,981.00,955.50,965.00,1522400,0
ENRC.L,20110401,952.50,962.00,940.00,957.00,1659200,0
ENRC.L,20110331,944.50,953.50,936.50,936.50,1528600,0
ENRC.L,20110330,946.50,960.00,933.41,940.50,1624400,0
ENRC.L,20110329,936.50,946.50,926.50,943.50,1247900,0
ENRC.L,20110328,931.50,938.00,921.50,931.00,878000,0
ENRC.L,20110325,950.00,950.50,926.00,934.50,1081100,0
ENRC.L,20110324,932.00,946.50,928.00,941.50,1843600,0
ENRC.L,20110323,905.00,943.50,897.00,929.50,2306200,0
ENRC.L,20110322,913.50,922.00,885.50,898.50,1123900,0
ENRC.L,20110321,919.00,922.00,906.67,909.00,1268200,0
ENRC.L,20110318,902.00,914.00,890.00,903.00,3099400,0
ENRC.L,20110317,872.00,900.00,862.50,899.00,2670600,0
ENRC.L,20110316,885.00,889.00,850.50,860.00,3035400,0
ENRC.L,20110315,877.00,883.00,833.50,872.00,3643100,0
ENRC.L,20110314,908.00,933.50,898.00,904.00,1993500,0
ENRC.L,20110311,902.00,912.50,886.50,912.50,3031600,0
ENRC.L,20110310,925.00,925.00,893.00,902.50,2362600,0
ENRC.L,20110309,953.00,956.00,930.50,938.50,1759100,0
ENRC.L,20110308,957.00,962.50,929.50,945.50,1528400,0
ENRC.L,20110307,968.00,980.00,957.50,957.50,1340900,0
ENRC.L,20110304,970.00,992.00,968.50,974.00,2724900,0
ENRC.L,20110303,959.00,969.50,948.50,967.00,1834800,0
ENRC.L,20110302,935.50,959.50,930.50,947.50,182000,0
ENRC.L,20110301,983.50,987.00,937.00,948.50,1986500,0
ENRC.L,20110228,965.00,984.00,956.00,964.50,2391400,0
ENRC.L,20110225,968.50,968.50,938.00,957.00,1745096000,0
ENRC.L,20110224,940.00,941.50,920.50,928.00,1020127900,0
ENRC.L,20110223,971.50,972.50,937.00,942.50,2966500,0
ENRC.L,20110222,975.50,990.00,961.00,979.00,2144000,0
ENRC.L,20110221,1005.00,1007.00,984.00,985.50,2116200,0
ENRC.L,20110218,1005.00,1005.00,988.95,1000.00,2082500,0
ENRC.L,20110217,1010.00,1021.00,992.00,1000.00,2171400,0
ENRC.L,20110216,1006.00,1020.00,1001.00,1008.00,958800,0
ENRC.L,20110215,1017.00,1017.00,995.00,1005.00,1910600,0
ENRC.L,20110214,1012.00,1032.00,1012.00,1020.00,2240500,0
ENRC.L,20110211,1000.00,1016.00,981.50,1015.00,1725800,0
ENRC.L,20110210,1012.00,1017.00,984.50,998.50,2938800,0
ENRC.L,20110209,1030.00,1032.00,1005.00,1012.00,2212000,0
ENRC.L,20110208,1040.00,1051.00,1018.00,1029.00,2706600,0
ENRC.L,20110207,1051.00,1063.00,1035.00,1044.00,1822000,0
ENRC.L,20110204,1064.00,1082.00,1050.00,1051.00,2338600,0
ENRC.L,20110203,1071.00,1077.00,1052.00,1063.00,1560800,0
ENRC.L,20110202,1053.00,1082.00,1050.00,1076.00,1393200,0
ENRC.L,20110201,1021.00,1061.00,1021.00,1037.00,1517600,0
ENRC.L,20110131,1001.00,1021.00,990.00,1007.00,1335100,0
ENRC.L,20110128,1018.00,1018.00,999.50,1007.00,1202000,0
ENRC.L,20110127,1025.00,1048.00,1023.00,1027.00,1537400,0
ENRC.L,20110126,1004.00,1033.00,1004.00,1018.00,1790300,0
ENRC.L,20110125,1036.00,1036.00,1000.00,1002.00,1443800,0
ENRC.L,20110124,1030.00,1038.00,1010.00,1030.00,902800,0
ENRC.L,20110121,1032.00,1049.00,1014.00,1029.00,1323100,0
ENRC.L,20110120,1068.00,1077.00,1014.00,1026.00,1848000,0
ENRC.L,20110119,1109.00,1113.00,1066.00,1069.00,1250700,0
ENRC.L,20110118,1079.00,1107.00,1074.00,1101.00,1227300,0
ENRC.L,20110117,1092.00,1098.00,1065.00,1072.00,818000,0
ENRC.L,20110114,1110.00,1111.00,1075.00,1085.00,1591500,0
ENRC.L,20110113,1125.00,1125.00,1105.00,1110.00,1743600,0
ENRC.L,20110112,1089.00,1127.00,1083.00,1125.00,1795000,0
ENRC.L,20110111,1038.00,1079.00,1037.00,1078.00,1117500,0
ENRC.L,20110110,1057.00,1065.00,1020.00,1036.00,1692800,0
ENRC.L,20110107,1073.00,1083.00,1055.00,1063.00,1963400,0
ENRC.L,20110106,1075.00,1114.00,1070.00,1074.00,1764800,0
ENRC.L,20110105,1076.00,1082.00,1062.00,1079.00,1616800,0
ENRC.L,20110104,1068.00,1084.00,1052.00,1081.00,1746300,0
ENRC.L,20101231,1058.00,1064.00,1048.00,1048.00,224100,0
ENRC.L,20101230,1049.00,1059.00,1046.00,1053.00,388600,0
ENRC.L,20101229,1046.00,1054.00,1038.00,1053.00,626400,0
ENRC.L,20101224,1050.00,1050.00,1032.00,1045.00,93200,0
ENRC.L,20101223,1051.00,1055.00,1043.00,1054.00,715500,0
ENRC.L,20101222,1029.00,1051.00,1023.00,1051.00,1126800,0
ENRC.L,20101221,1003.00,1034.00,1003.00,1031.00,1462400,0
ENRC.L,20101220,985.50,1008.00,985.50,999.50,1006500,0
ENRC.L,20101217,1002.00,1004.00,982.00,992.50,2222500,0
ENRC.L,20101216,996.00,1006.00,975.00,986.50,2248200,0
ENRC.L,20101215,987.00,1002.00,975.00,997.50,1892000,0
ENRC.L,20101214,988.00,1002.00,978.00,988.00,1929100,0
ENRC.L,20101213,974.00,992.50,974.00,979.00,2125300,0
ENRC.L,20101210,938.00,968.50,932.50,965.00,2062000,0
ENRC.L,20101209,936.50,956.00,929.00,939.56,1324300,0
ENRC.L,20101208,936.50,943.50,926.50,931.00,1718500,0
ENRC.L,20101207,914.00,961.50,914.00,944.50,2012100,0
ENRC.L,20101206,930.00,939.50,908.50,914.00,2396000,0
ENRC.L,20101203,927.50,944.00,919.50,933.00,1868200,0
ENRC.L,20101202,911.00,929.00,901.50,929.00,1997700,0
ENRC.L,20101201,893.00,913.50,888.50,908.00,2347000,0
ENRC.L,20101130,890.00,898.00,867.50,878.50,1830700,0
ENRC.L,20101129,914.00,922.50,883.50,883.50,1812800,0
ENRC.L,20101126,910.00,919.00,895.50,909.50,1644700,0
ENRC.L,20101125,907.50,916.50,902.50,914.50,1152600,0
ENRC.L,20101124,881.50,910.50,871.50,904.00,2139300,0
ENRC.L,20101123,893.50,908.00,874.00,874.00,1498300,0
ENRC.L,20101122,921.50,923.00,892.50,893.95,1381400,0
ENRC.L,20101119,932.00,932.00,899.50,910.00,2065800,0
ENRC.L,20101118,917.00,937.50,915.50,927.00,1639400,0
ENRC.L,20101117,909.50,924.50,902.00,905.00,2415500,0
ENRC.L,20101116,953.00,958.50,918.00,919.50,1702200,0
ENRC.L,20101115,958.50,979.50,956.00,964.50,1494400,0
ENRC.L,20101112,967.50,979.00,940.00,966.00,1687200,0
ENRC.L,20101111,983.00,1000.00,973.50,990.00,2432400,0
ENRC.L,20101110,1002.00,1002.00,964.00,972.00,2269200,0
ENRC.L,20101109,983.00,1019.00,978.00,1009.00,2053800,0
ENRC.L,20101108,988.00,1016.00,981.50,986.00,2846000,0
ENRC.L,20101105,965.00,1003.00,956.50,991.50,5183400,0
ENRC.L,20101104,907.50,953.00,902.50,949.50,2737700,0
ENRC.L,20101103,897.00,902.50,883.50,888.00,1136700,0
ENRC.L,20101102,875.00,896.00,875.00,888.00,1818000,0
ENRC.L,20101101,877.50,890.50,873.00,879.50,887700,0
ENRC.L,20101029,872.50,875.00,853.50,870.50,1725300,0
ENRC.L,20101028,888.00,888.50,868.00,874.50,1331400,0
ENRC.L,20101027,898.50,898.50,872.00,877.50,2429600,0
ENRC.L,20101026,922.50,923.00,890.50,906.00,2086500,0
ENRC.L,20101025,916.50,938.00,916.50,925.50,2281700,0
ENRC.L,20101022,921.00,922.00,903.50,907.00,2300600,0
ENRC.L,20101021,926.50,941.00,922.00,927.00,2271400,0
ENRC.L,20101020,911.00,935.50,906.50,933.00,1388200,0
ENRC.L,20101019,934.50,939.50,904.50,913.00,1335800,0
ENRC.L,20101018,935.00,935.00,914.50,930.00,1044800,0
ENRC.L,20101015,947.00,961.00,937.00,942.50,2429900,0
ENRC.L,20101014,935.00,944.50,932.00,941.00,2054200,0
ENRC.L,20101013,924.00,936.50,922.50,930.00,3092100,0
ENRC.L,20101012,922.50,922.50,898.50,914.00,1422400,0
ENRC.L,20101011,923.50,933.00,905.50,926.00,1623700,0
ENRC.L,20101008,904.50,914.00,892.50,907.00,2777900,0
ENRC.L,20101007,928.50,932.00,903.00,908.00,1575400,0
ENRC.L,20101006,915.50,940.50,915.50,926.00,1827600,0
ENRC.L,20101005,910.00,913.50,896.00,910.50,2305300,0
ENRC.L,20101004,918.00,925.00,908.00,914.50,1087500,0
ENRC.L,20101001,927.00,935.00,914.50,922.00,1975100,0
ENRC.L,20100930,900.50,930.50,893.50,918.50,2399300,0
ENRC.L,20100929,904.50,914.00,896.50,904.00,1677800,0
ENRC.L,20100928,906.50,909.00,884.50,900.50,2146200,0
ENRC.L,20100927,906.00,913.50,898.50,907.00,1379500,0
ENRC.L,20100924,889.00,904.00,878.50,903.00,2309900,0
ENRC.L,20100923,903.50,910.00,885.00,897.50,2111600,0
ENRC.L,20100922,897.00,908.00,888.00,899.00,2659600,0
ENRC.L,20100921,917.00,917.00,889.00,889.50,2024700,0
ENRC.L,20100920,900.50,916.50,900.50,914.50,1241100,0
ENRC.L,20100917,905.00,920.50,894.00,901.50,3105600,0
ENRC.L,20100916,883.00,910.50,874.00,898.00,2806300,0
ENRC.L,20100915,888.50,888.50,857.50,866.00,2198800,0
ENRC.L,20100914,865.50,887.00,857.00,884.50,2838100,0
ENRC.L,20100913,852.50,862.50,845.00,860.00,2139900,0
ENRC.L,20100910,853.00,860.50,831.00,839.50,3030500,0
ENRC.L,20100909,855.00,867.00,848.50,854.00,3046900,0
ENRC.L,20100908,856.50,867.00,836.00,859.50,3020700,0
ENRC.L,20100907,876.00,876.00,848.00,856.00,1655100,0
ENRC.L,20100906,887.00,898.00,873.50,875.50,624500,0
ENRC.L,20100903,878.50,900.50,869.50,885.00,3207100,0
ENRC.L,20100902,877.00,890.00,866.00,879.50,1723600,0
ENRC.L,20100901,855.00,886.00,851.00,885.00,2147300,0
ENRC.L,20100831,840.00,850.50,828.50,848.00,2354700,0
ENRC.L,20100827,848.00,859.00,834.00,856.50,2012500,0
ENRC.L,20100826,849.50,857.00,841.00,852.00,2369400,0
ENRC.L,20100825,820.50,836.50,812.50,827.00,2610500,0
ENRC.L,20100824,839.50,840.00,801.00,830.50,2592000,0
ENRC.L,20100823,868.50,873.50,848.50,849.00,2016400,0
ENRC.L,20100820,870.00,893.50,841.50,868.50,4365200,0
ENRC.L,20100819,930.50,939.50,877.50,886.00,3070600,0
ENRC.L,20100818,969.50,994.50,917.50,926.50,1743900,0
ENRC.L,20100817,935.50,970.00,934.50,968.00,927000,0
ENRC.L,20100816,927.00,933.50,910.00,931.00,904700,0
ENRC.L,20100813,941.50,952.00,911.00,921.50,1374600,0
ENRC.L,20100812,925.50,939.00,907.50,931.00,1603600,0
ENRC.L,20100811,950.00,955.00,925.00,935.00,2971000,0
ENRC.L,20100810,975.00,976.00,947.50,965.50,1094300,0
ENRC.L,20100809,996.50,1012.00,975.00,982.00,1361000,0
ENRC.L,20100806,984.50,1013.00,979.00,987.50,2779500,0
ENRC.L,20100805,967.50,994.00,950.50,985.50,2075700,0
ENRC.L,20100804,943.50,968.00,929.00,962.50,2163200,0
ENRC.L,20100803,942.00,944.00,922.50,939.50,1162800,0
ENRC.L,20100802,918.50,943.00,918.00,940.00,1989100,0
ENRC.L,20100730,902.50,911.50,889.00,906.50,1876700,0
ENRC.L,20100729,908.00,928.50,895.00,900.50,1910600,0
ENRC.L,20100728,918.50,940.50,899.00,911.00,1345000,0
ENRC.L,20100727,919.50,929.50,910.50,918.00,1818100,0
ENRC.L,20100726,918.00,933.50,909.50,921.00,1427400,0
ENRC.L,20100723,924.50,937.00,904.50,913.50,1537400,0
ENRC.L,20100722,885.50,929.00,875.00,922.00,2639900,0
ENRC.L,20100721,875.00,904.00,866.00,890.50,2661000,0
ENRC.L,20100720,848.50,864.50,826.50,863.50,2252100,0
ENRC.L,20100719,842.50,852.00,830.00,838.50,1065600,0
ENRC.L,20100716,846.50,873.50,834.00,839.50,2122300,0
ENRC.L,20100715,875.50,876.00,834.50,842.50,2788500,0
ENRC.L,20100714,889.00,897.50,855.00,873.00,1900800,0
ENRC.L,20100713,854.00,890.00,847.50,883.50,1435100,0
ENRC.L,20100712,867.50,874.50,853.50,855.00,1063700,0
ENRC.L,20100709,880.00,899.50,857.50,869.00,3118800,0
ENRC.L,20100708,865.50,876.50,855.00,865.50,1753900,0
ENRC.L,20100707,850.00,860.50,833.50,852.00,2226400,0
ENRC.L,20100706,834.00,865.50,822.50,862.50,2033100,0
ENRC.L,20100705,1099.00,1099.00,817.50,818.00,947000,0
ENRC.L,20100702,823.50,858.00,817.00,841.50,2201100,0
ENRC.L,20100701,852.00,855.00,816.50,818.00,2777600,0
ENRC.L,20100630,894.00,894.00,845.00,861.00,3218000,0
ENRC.L,20100629,932.00,932.50,889.00,893.50,2074600,0
ENRC.L,20100628,936.00,957.50,929.50,948.00,1284000,0
ENRC.L,20100625,965.00,965.50,919.00,930.50,2395100,0
ENRC.L,20100624,1022.00,1022.00,964.50,973.00,1944000,0
ENRC.L,20100623,1010.00,1055.00,1004.00,1011.00,1658200,0
ENRC.L,20100622,1049.00,1051.00,1022.00,1030.00,1587400,0
ENRC.L,20100621,1069.00,1099.00,1058.00,1062.00,2786800,0
ENRC.L,20100618,1038.00,1059.00,1036.00,1047.00,2577600,0
ENRC.L,20100617,1061.00,1066.00,1037.00,1042.00,2157900,0
ENRC.L,20100616,1080.00,1080.00,1054.00,1066.00,1260900,0
ENRC.L,20100615,1047.00,1073.00,1045.00,1063.00,1111900,0
ENRC.L,20100614,1035.00,1065.00,1035.00,1061.00,953500,0
ENRC.L,20100611,1046.00,1057.00,1010.00,1028.00,1306500,0
ENRC.L,20100610,972.50,1040.00,968.50,1026.00,1617400,0
ENRC.L,20100609,973.50,994.50,959.00,982.00,1483900,0
ENRC.L,20100608,964.00,978.50,945.00,963.00,1746100,0
ENRC.L,20100607,962.50,983.50,950.50,961.00,1962100,0
ENRC.L,20100604,1031.00,1040.00,980.00,985.50,2225000,0
ENRC.L,20100603,1016.00,1049.00,1014.00,1031.00,1486100,0
ENRC.L,20100602,987.50,992.00,969.50,988.50,1372600,0
ENRC.L,20100601,1012.00,1013.00,972.50,998.00,2038800,0
ENRC.L,20100528,1011.00,1025.00,976.50,1004.00,2589900,0
ENRC.L,20100527,973.00,1007.00,968.00,999.00,2085000,0
ENRC.L,20100526,933.00,980.00,930.50,963.00,3597900,0
ENRC.L,20100525,935.00,935.00,890.00,905.50,5519500,0
ENRC.L,20100524,977.00,1003.00,953.00,975.00,2093200,0
ENRC.L,20100521,932.50,978.50,923.00,972.00,6061800,0
ENRC.L,20100520,995.50,1006.00,911.50,934.50,5392900,0
ENRC.L,20100519,1040.00,1040.00,993.00,993.00,3118700,0
ENRC.L,20100518,1057.00,1082.00,1052.00,1062.00,1669800,0
ENRC.L,20100517,1052.00,1091.00,1038.00,1046.00,3133200,0
ENRC.L,20100514,1123.00,1124.00,1052.00,1057.00,1873200,0
ENRC.L,20100513,1105.00,1151.00,1105.00,1137.00,2670300,0
ENRC.L,20100512,1048.00,1098.00,1035.00,1095.00,2977100,0
ENRC.L,20100511,1057.00,1083.00,1046.00,1057.00,1910200,0
ENRC.L,20100510,1072.00,1105.00,1068.00,1090.00,3573200,0
ENRC.L,20100507,998.00,1057.00,972.00,1006.00,4139500,0
ENRC.L,20100506,1058.00,1087.00,1027.00,1035.00,3077700,0
ENRC.L,20100505,1093.00,1109.00,1046.00,1077.00,5002300,0
ENRC.L,20100504,1200.00,1219.00,1083.00,1087.00,5424000,0
ENRC.L,20100430,1259.00,1276.00,1213.00,1262.00,2207300,0
ENRC.L,20100429,1208.00,1259.00,1206.00,1256.00,2105200,0
ENRC.L,20100428,1188.00,1226.00,1182.00,1201.00,2214600,0
ENRC.L,20100427,1251.00,1257.00,1208.00,1208.00,1668500,0
ENRC.L,20100426,1237.00,1264.00,1228.00,1257.00,1590900,0
ENRC.L,20100423,1203.00,1216.00,1181.00,1214.00,1055100,0
ENRC.L,20100422,1224.00,1236.00,1188.00,1193.00,2169800,0
ENRC.L,20100421,1217.00,1234.00,1210.00,1223.00,1775200,0
ENRC.L,20100420,1191.00,1226.00,1191.00,1220.00,1375500,0
ENRC.L,20100419,1197.00,1207.00,1181.00,1191.00,1193300,0
ENRC.L,20100416,1221.00,1244.00,1197.00,1206.00,1720800,0
ENRC.L,20100415,1246.00,1253.00,1227.00,1232.00,841400,0
ENRC.L,20100414,1209.00,1249.00,1207.00,1245.00,1164400,0
ENRC.L,20100413,1210.00,1220.00,1190.00,1197.00,1346600,0
ENRC.L,20100412,1241.00,1249.00,1211.00,1221.00,571900,0
ENRC.L,20100409,1224.00,1239.00,1222.00,1238.00,1099700,0
ENRC.L,20100408,1242.00,1242.00,1204.00,1210.00,1301200,0
ENRC.L,20100407,1269.00,1269.00,1245.00,1250.00,1520500,0
ENRC.L,20100406,1233.00,1267.00,1230.00,1266.00,1325600,0
ENRC.L,20100401,1191.00,1240.00,1190.00,1225.00,2128400,0
ENRC.L,20100331,1183.00,1193.00,1176.00,1192.00,2414900,0
ENRC.L,20100330,1195.00,1197.00,1172.00,1185.00,2105100,0
ENRC.L,20100329,1198.00,1211.00,1176.00,1186.00,1076900,0
ENRC.L,20100326,1176.00,1197.00,1169.00,1186.00,1705900,0
ENRC.L,20100325,1175.00,1201.00,1165.00,1186.00,2260000,0
ENRC.L,20100324,1190.00,1225.00,1155.00,1201.00,2286700,0
ENRC.L,20100323,1151.00,1200.00,1151.00,1194.00,1566700,0
ENRC.L,20100322,1158.00,1158.00,1120.00,1150.00,1215300,0
ENRC.L,20100319,1163.00,1197.00,1160.00,1160.00,2464500,0
ENRC.L,20100318,1154.00,1173.00,1151.00,1163.00,1479400,0
ENRC.L,20100317,1174.00,1193.00,1173.00,1177.00,1555900,0
ENRC.L,20100316,1148.00,1173.00,1133.00,1166.00,1251100,0
ENRC.L,20100315,1167.00,1178.00,1130.00,1133.00,1484900,0
ENRC.L,20100312,1128.00,1177.00,1119.00,1173.00,1838300,0
ENRC.L,20100311,1130.00,1139.00,1107.00,1122.00,1072500,0
ENRC.L,20100310,1109.00,1143.00,1108.00,1140.00,1339600,0
ENRC.L,20100309,1109.00,1114.00,1088.00,1110.00,1311600,0
ENRC.L,20100308,1115.00,1124.00,1109.00,1110.00,1232100,0
ENRC.L,20100305,1090.00,1117.00,1089.00,1115.00,1679500,0
ENRC.L,20100304,1098.00,1108.00,1079.00,1089.00,1965000,0
ENRC.L,20100303,1077.00,1117.00,1075.00,1110.00,2314800,0
ENRC.L,20100302,1062.00,1088.00,1058.00,1085.00,1505300,0
ENRC.L,20100301,1042.00,1070.00,1040.00,1066.00,1814500,0
ENRC.L,20100226,1007.00,1031.00,1005.00,1027.00,1541400,0
ENRC.L,20100225,1020.00,1037.00,991.50,999.50,1618600,0
ENRC.L,20100224,1022.00,1033.00,1016.00,1031.00,1233300,0
ENRC.L,20100223,1063.00,1077.00,1019.00,1025.00,3414000,0
ENRC.L,20100222,1043.00,1085.00,1042.00,1065.00,2587300,0
ENRC.L,20100219,1030.00,1036.00,1006.00,1034.00,2946200,0
ENRC.L,20100218,1003.00,1037.00,995.00,1037.00,2450500,0
ENRC.L,20100217,971.00,1015.00,971.00,1006.00,2826500,0
ENRC.L,20100216,943.00,968.50,943.00,966.50,2295700,0
ENRC.L,20100215,943.00,952.50,927.50,930.00,1202900,0
ENRC.L,20100212,947.50,952.00,909.00,938.00,2118600,0
ENRC.L,20100211,927.00,957.50,922.50,935.50,2463100,0
ENRC.L,20100210,939.50,957.00,907.00,920.00,1911800,0
ENRC.L,20100209,906.00,938.50,902.00,929.50,3065400,0
ENRC.L,20100208,895.50,923.00,879.50,907.00,2251200,0
ENRC.L,20100205,875.00,897.50,858.00,885.50,3577400,0
ENRC.L,20100204,949.00,953.00,878.00,885.00,3486400,0
ENRC.L,20100203,986.00,995.50,950.00,953.00,2193600,0
ENRC.L,20100202,941.50,983.00,931.00,977.00,1914500,0
ENRC.L,20100201,905.50,939.50,904.00,934.00,1689400,0
ENRC.L,20100129,894.50,918.00,883.00,909.00,1995000,0
ENRC.L,20100128,922.50,945.50,890.50,892.50,1576000,0
ENRC.L,20100127,916.50,928.50,901.50,911.00,1309500,0
ENRC.L,20100126,920.00,929.50,906.00,926.50,1786200,0
ENRC.L,20100125,935.50,965.00,926.50,932.50,1565800,0
ENRC.L,20100122,935.00,957.50,913.50,954.50,2096100,0
ENRC.L,20100121,970.00,982.00,932.00,938.50,2474900,0
ENRC.L,20100120,1025.00,1025.00,960.00,962.50,2636900,0
ENRC.L,20100119,1036.00,1036.00,1003.00,1027.00,1245800,0
ENRC.L,20100118,999.50,1032.00,992.00,1030.00,1829200,0
ENRC.L,20100115,1014.00,1029.00,981.00,991.50,2222300,0
ENRC.L,20100114,997.50,1015.00,991.00,1008.00,1214000,0
ENRC.L,20100113,987.50,1021.00,972.50,982.50,1825900,0
ENRC.L,20100112,1004.00,1011.00,968.00,991.00,1573000,0
ENRC.L,20100111,1051.00,1069.00,1005.00,1010.00,1897300,0
ENRC.L,20100108,990.00,1046.00,987.50,1034.00,3179900,0
ENRC.L,20100107,970.50,988.50,953.00,983.00,1647300,0
ENRC.L,20100106,976.50,981.50,960.00,972.82,1663600,0
ENRC.L,20100105,953.00,976.50,948.00,970.00,1807900,0
ENRC.L,20100104,910.50,960.00,910.50,960.00,1526100,0
ENRC.L,20091231,910.00,925.00,910.00,915.00,234500,0
ENRC.L,20091230,912.00,918.00,896.50,911.50,814200,0
ENRC.L,20091229,908.00,922.50,900.00,910.50,870900,0
ENRC.L,20091224,909.50,912.00,894.00,905.00,134800,0
ENRC.L,20091223,873.00,901.00,872.00,901.00,1235300,0
ENRC.L,20091222,863.00,877.00,858.50,868.00,775800,0
ENRC.L,20091221,860.50,875.50,858.00,865.50,876400,0
ENRC.L,20091218,876.50,894.50,860.00,860.00,2272400,0
ENRC.L,20091217,898.50,901.50,874.00,874.00,990200,0
ENRC.L,20091216,886.50,911.00,881.00,908.00,1038100,0
ENRC.L,20091215,895.50,901.50,869.50,891.00,988700,0
ENRC.L,20091214,879.00,900.00,873.00,891.50,849100,0
ENRC.L,20091211,878.00,899.00,867.00,873.50,1411900,0
ENRC.L,20091210,883.00,889.00,873.00,875.00,1407700,0
ENRC.L,20091209,888.50,891.50,859.00,880.00,1521200,0
ENRC.L,20091208,901.50,909.00,874.50,886.00,1514500,0
ENRC.L,20091207,922.00,922.50,886.00,901.50,2143900,0
ENRC.L,20091204,913.00,951.00,910.00,921.00,3413700,0
ENRC.L,20091203,924.00,930.00,913.50,915.00,2510700,0
ENRC.L,20091202,906.00,924.00,906.00,915.50,2867900,0
ENRC.L,20091201,888.50,913.50,884.50,898.46,5825900,0
ENRC.L,20091130,867.00,876.50,841.00,861.50,2186700,0
ENRC.L,20091127,814.00,860.00,801.00,845.50,1955900,0
ENRC.L,20091126,871.00,875.50,829.50,834.00,1801400,0
ENRC.L,20091125,882.00,893.50,869.00,881.00,1731700,0
ENRC.L,20091124,873.00,906.00,861.00,878.00,2178900,0
ENRC.L,20091123,875.00,903.00,875.00,883.00,2748800,0
ENRC.L,20091120,869.50,884.00,847.50,857.00,2044100,0
ENRC.L,20091119,894.00,896.50,865.00,868.50,2543300,0
ENRC.L,20091118,894.50,921.00,894.50,901.00,2220200,0
ENRC.L,20091117,909.00,910.00,884.50,890.00,1598000,0
ENRC.L,20091116,897.50,915.50,891.00,906.50,1848000,0
ENRC.L,20091113,900.00,903.00,872.50,883.00,1265000,0
ENRC.L,20091112,921.00,928.00,884.50,906.50,2694600,0
ENRC.L,20091111,925.50,935.00,916.00,922.50,1879500,0
ENRC.L,20091110,925.00,930.00,899.00,911.00,1911100,0
ENRC.L,20091109,929.50,930.00,916.50,924.00,1521700,0
ENRC.L,20091106,880.50,916.00,877.00,908.00,1778100,0
ENRC.L,20091105,884.00,897.00,863.50,890.00,1449200,0
ENRC.L,20091104,876.50,896.00,866.50,895.00,1456200,0
ENRC.L,20091103,871.00,872.50,831.00,856.00,1741000,0
ENRC.L,20091102,825.50,886.50,820.00,875.16,2247100,0
ENRC.L,20091030,892.00,900.50,822.00,833.50,2564100,0
ENRC.L,20091029,844.00,892.00,837.50,889.00,2042600,0
ENRC.L,20091028,900.00,900.00,844.50,851.00,2433000,0
ENRC.L,20091027,925.00,925.50,896.00,906.00,2259400,0
ENRC.L,20091026,941.00,944.00,910.50,923.00,2277400,0
ENRC.L,20091023,930.00,955.50,928.00,944.50,2445900,0
ENRC.L,20091022,917.00,931.50,910.00,920.50,2000600,0
ENRC.L,20091021,937.00,940.00,913.50,936.50,2405100,0
ENRC.L,20091020,950.50,955.00,922.00,929.00,3498700,0
ENRC.L,20091019,937.50,957.00,937.50,950.00,1454200,0
ENRC.L,20091016,950.00,954.00,912.00,935.00,2179600,0
ENRC.L,20091015,964.00,965.00,940.50,951.00,2527900,0
ENRC.L,20091014,947.00,964.00,942.00,964.00,4522500,0
ENRC.L,20091013,940.50,955.50,925.50,932.00,1668800,0
ENRC.L,20091012,930.00,957.00,929.50,946.00,1174700,0
ENRC.L,20091009,946.50,949.00,909.00,930.00,1455000,0
ENRC.L,20091008,918.00,944.50,916.00,942.50,2806800,0
ENRC.L,20091007,908.50,920.00,889.00,901.50,2111100,0
ENRC.L,20091006,856.00,912.50,851.00,903.50,3246700,0
ENRC.L,20091005,825.00,845.00,812.50,844.00,2132500,0
ENRC.L,20091002,826.50,830.50,781.00,806.00,4044000,0
ENRC.L,20091001,878.50,896.50,822.50,832.50,2673600,0
ENRC.L,20090930,865.50,889.50,859.50,876.50,2500100,0
ENRC.L,20090929,872.00,874.50,847.50,863.00,1293700,0
ENRC.L,20090928,856.00,872.00,823.50,868.50,2436700,0
ENRC.L,20090925,865.00,880.00,844.50,850.50,3186800,0
ENRC.L,20090924,885.00,918.50,870.00,877.00,2954800,0
ENRC.L,20090923,913.00,945.00,871.00,885.00,3407200,0
ENRC.L,20090922,882.00,930.00,869.50,912.50,3004400,0
ENRC.L,20090921,920.00,920.00,864.00,874.00,2104300,0
ENRC.L,20090918,886.50,916.00,885.00,892.00,3601200,0
ENRC.L,20090917,920.00,920.00,888.50,895.00,2253200,0
ENRC.L,20090916,870.50,920.00,869.00,916.50,2917300,0
ENRC.L,20090915,839.50,869.50,839.50,861.00,1001600,0
ENRC.L,20090914,854.50,855.00,812.00,843.50,1423800,0
ENRC.L,20090911,869.50,882.00,861.00,870.00,1974700,0
ENRC.L,20090910,882.50,889.00,832.00,865.50,1548800,0
ENRC.L,20090909,868.00,880.00,843.00,871.00,1661000,0
ENRC.L,20090908,855.50,881.00,853.00,873.00,1759200,0
ENRC.L,20090907,840.50,856.50,836.00,854.50,1387700,0
ENRC.L,20090904,797.50,833.00,797.50,826.00,1977700,0
ENRC.L,20090903,794.00,810.00,782.00,796.00,2400600,0
ENRC.L,20090902,805.00,805.00,776.00,782.50,1773900,0
ENRC.L,20090901,857.00,858.00,805.00,805.00,2647800,0
ENRC.L,20090828,837.50,875.00,832.00,865.00,1454300,0
ENRC.L,20090827,858.00,871.50,820.50,830.00,1161800,0
ENRC.L,20090826,873.00,882.00,848.50,859.50,1542900,0
ENRC.L,20090825,886.00,886.00,865.00,868.00,1438400,0
ENRC.L,20090824,862.00,901.50,859.00,890.35,1612000,0
ENRC.L,20090821,849.00,859.50,841.00,845.65,236600,0
ENRC.L,20090820,835.00,863.50,835.00,847.64,924800,0
ENRC.L,20090819,763.00,853.00,763.00,819.83,638100,0
ENRC.L,20090818,769.50,791.50,763.00,771.67,716400,0
ENRC.L,20090817,753.00,781.50,731.00,753.29,482100,0
ENRC.L,20090814,807.00,826.50,753.00,758.26,320000,0
ENRC.L,20090813,774.00,818.00,763.00,802.95,1252000,0
ENRC.L,20090812,786.00,793.00,752.50,757.76,1176400,0
ENRC.L,20090811,835.00,842.00,777.00,780.60,544700,0
ENRC.L,20090810,846.50,869.00,823.00,820.33,403700,0
ENRC.L,20090807,870.00,872.00,800.50,842.68,2062600,0
ENRC.L,20090806,901.00,914.00,863.50,873.46,562800,0
ENRC.L,20090805,893.00,915.50,891.00,891.34,283100,0
ENRC.L,20090804,920.00,943.00,890.00,897.79,407100,0
ENRC.L,20090803,870.50,937.50,867.50,918.65,371800,0
ENRC.L,20090731,885.00,904.50,861.50,857.57,552100,0
ENRC.L,20090730,831.50,895.50,825.00,885.88,303400,0
ENRC.L,20090729,800.00,850.00,780.00,817.85,901700,0
ENRC.L,20090728,867.00,875.00,802.50,796.99,552100,0
ENRC.L,20090727,858.00,871.00,840.00,855.59,356100,0
ENRC.L,20090724,850.00,867.00,827.50,835.23,360200,0
ENRC.L,20090723,785.00,865.00,785.00,854.10,149100,0
ENRC.L,20090722,807.00,807.00,767.50,784.58,283900,0
ENRC.L,20090721,795.00,812.00,795.00,794.51,198000,0
ENRC.L,20090720,774.50,805.50,764.50,796.99,152300,0
ENRC.L,20090717,723.50,767.50,720.00,756.77,257900,0
ENRC.L,20090716,739.50,745.50,711.50,715.55,412800,0
ENRC.L,20090715,730.00,756.00,723.00,738.89,399500,0
ENRC.L,20090714,704.50,725.00,689.50,712.57,294900,0
ENRC.L,20090713,651.50,687.50,632.00,680.30,103200,0
ENRC.L,20090710,653.00,662.00,646.00,647.83,385400,0
ENRC.L,20090709,654.50,675.50,647.50,655.47,115700,0
ENRC.L,20090708,645.00,657.00,633.50,642.56,195800,0
ENRC.L,20090707,651.50,683.00,641.50,652.49,1457700,0
ENRC.L,20090706,664.50,664.50,637.00,639.58,258900,0
ENRC.L,20090703,678.50,680.50,654.50,665.40,151200,0
ENRC.L,20090702,685.50,701.50,664.00,667.39,294500,0
ENRC.L,20090701,662.50,704.00,660.00,689.73,274500,0
ENRC.L,20090630,681.00,692.50,654.00,650.01,685200,0
ENRC.L,20090629,655.00,682.50,647.50,667.39,551100,0
ENRC.L,20090626,669.50,689.00,638.50,647.52,543900,0
ENRC.L,20090625,664.50,670.00,642.50,660.43,344900,0
ENRC.L,20090624,625.00,666.00,625.00,657.95,438700,0
ENRC.L,20090623,595.00,626.00,582.00,615.74,126200,0
ENRC.L,20090622,645.50,659.50,595.00,593.89,419500,0
ENRC.L,20090619,636.00,658.50,623.50,637.59,2689900,0
ENRC.L,20090618,628.50,646.00,613.00,628.16,542000,0
ENRC.L,20090617,647.00,664.00,606.00,619.22,253400,0
ENRC.L,20090616,689.00,694.50,663.00,667.39,938800,0
ENRC.L,20090615,728.50,731.00,682.00,678.31,203000,0
ENRC.L,20090612,732.00,748.00,716.00,731.44,199500,0
ENRC.L,20090611,729.50,747.00,710.00,731.94,223300,0
ENRC.L,20090610,693.00,745.00,693.00,724.99,334500,0
ENRC.L,20090609,656.00,683.50,655.50,670.86,106000,0
ENRC.L,20090608,679.00,679.00,640.50,649.01,199600,0
ENRC.L,20090605,651.00,702.50,650.00,677.81,246800,0
ENRC.L,20090604,667.00,676.00,623.50,631.63,97200,0
ENRC.L,20090603,687.50,687.50,637.00,656.46,378300,0
ENRC.L,20090602,676.00,690.00,665.00,674.34,210800,0
ENRC.L,20090601,670.00,692.50,665.50,681.79,215000,0
ENRC.L,20090529,624.50,655.50,608.50,644.54,3054700,0
ENRC.L,20090528,590.50,624.50,576.50,609.29,121600,0
ENRC.L,20090527,610.00,631.00,602.50,606.81,343700,0
ENRC.L,20090526,566.50,622.00,559.50,608.79,300300,0
ENRC.L,20090522,574.00,606.50,566.50,570.06,234600,0
ENRC.L,20090521,599.00,599.00,551.00,554.17,307900,0
ENRC.L,20090520,607.00,619.50,604.50,610.78,230400,0
ENRC.L,20090519,616.50,628.00,600.50,596.87,526000,0
ENRC.L,20090518,581.00,601.00,543.00,594.89,133300,0
ENRC.L,20090515,590.50,606.50,577.50,588.43,274800,0
ENRC.L,20090514,566.50,595.00,550.00,578.00,345600,0
ENRC.L,20090513,646.00,663.00,550.50,560.13,362800,0
ENRC.L,20090512,649.00,664.50,613.50,636.10,173400,0
ENRC.L,20090511,667.00,668.50,629.50,645.04,211500,0
ENRC.L,20090508,700.00,705.00,670.00,673.84,292400,0
ENRC.L,20090507,705.00,735.00,678.50,685.76,474500,0
ENRC.L,20090506,672.50,722.50,658.50,685.76,827900,0
ENRC.L,20090505,659.50,725.00,649.50,671.36,170800,0
ENRC.L,20090501,590.00,628.50,581.50,615.74,75500,0
ENRC.L,20090430,603.50,638.00,590.00,590.92,456900,0
ENRC.L,20090429,582.50,602.00,575.00,596.38,518800,0
ENRC.L,20090428,588.00,588.00,549.00,578.50,222900,0
ENRC.L,20090427,590.00,600.00,560.50,594.39,211300,0
ENRC.L,20090424,548.50,602.50,548.50,598.36,319300,0
ENRC.L,20090423,570.00,587.00,550.00,546.72,667300,0
ENRC.L,20090422,553.00,597.00,553.00,583.47,231400,0
ENRC.L,20090421,497.75,553.50,497.50,546.22,330300,0
ENRC.L,20090420,578.00,578.00,500.00,504.51,740300,0
ENRC.L,20090417,560.00,583.50,547.50,575.03,2844900,0
ENRC.L,20090416,541.50,561.00,529.50,553.67,3016900,0
ENRC.L,20090415,564.50,569.00,523.50,529.34,3178900,0
ENRC.L,20090414,529.00,565.00,519.00,549.70,2824000,0
ENRC.L,20090409,475.00,525.50,468.75,517.92,2441900,0
ENRC.L,20090408,457.75,482.00,442.25,467.77,2193400,0
ENRC.L,20090407,457.75,478.75,433.00,459.32,2510600,0
ENRC.L,20090406,491.75,501.50,452.75,456.84,2748000,0
ENRC.L,20090403,512.00,525.00,484.00,483.91,2130200,0
ENRC.L,20090402,466.25,516.00,466.25,510.47,3112200,0
ENRC.L,20090401,439.25,459.00,423.25,445.42,2101300,0
ENRC.L,20090331,421.50,456.75,417.75,429.28,2837900,0
ENRC.L,20090330,440.25,440.25,409.75,395.99,3985000,0
ENRC.L,20090327,473.00,490.75,432.50,422.62,4040400,0
ENRC.L,20090326,431.00,490.25,419.00,456.63,5165500,0
ENRC.L,20090325,425.00,447.50,403.00,390.52,2928300,0
ENRC.L,20090324,458.00,459.75,406.25,408.12,3909600,0
ENRC.L,20090323,429.25,441.75,413.00,415.01,3527200,0
ENRC.L,20090320,395.00,420.75,395.00,397.18,5189400,0
ENRC.L,20090319,379.75,411.50,379.75,379.58,3084100,0
ENRC.L,20090318,379.25,389.50,365.75,355.79,1344900,0
ENRC.L,20090317,411.25,413.25,371.75,356.74,2282100,0
ENRC.L,20090316,408.75,423.25,397.75,393.37,2536000,0
ENRC.L,20090313,410.50,425.25,402.00,387.42,2410400,0
ENRC.L,20090312,393.00,408.50,358.50,386.00,2182400,0
ENRC.L,20090311,412.25,418.75,386.75,375.30,3015000,0
ENRC.L,20090310,369.25,415.75,365.00,389.09,3072100,0
ENRC.L,20090309,374.75,385.75,358.75,349.85,1325500,0
ENRC.L,20090306,356.00,383.00,350.25,357.93,1800100,0
ENRC.L,20090305,364.50,374.25,348.50,334.86,2760300,0
ENRC.L,20090304,321.00,376.25,320.25,351.99,2327400,0
ENRC.L,20090303,317.75,328.50,302.25,300.38,1847200,0
ENRC.L,20090302,326.75,329.75,309.75,295.86,2362000,0
ENRC.L,20090227,340.25,350.00,314.25,317.03,2291100,0
ENRC.L,20090226,327.75,349.75,325.50,328.20,1795900,0
ENRC.L,20090225,328.00,339.00,308.75,306.56,1968000,0
ENRC.L,20090224,332.50,334.75,306.25,302.52,1642900,0
ENRC.L,20090223,348.00,365.00,331.50,317.98,718700,0
ENRC.L,20090220,355.00,355.00,331.75,317.03,1340800,0
ENRC.L,20090219,356.25,371.75,352.25,342.95,2088800,0
ENRC.L,20090218,352.75,365.00,335.75,337.72,1714600,0
ENRC.L,20090217,382.00,382.75,347.75,335.58,2047000,0
ENRC.L,20090216,378.75,393.50,376.25,368.16,1007100,0
ENRC.L,20090213,381.50,395.50,375.25,368.16,2036200,0
ENRC.L,20090212,373.75,379.25,362.50,355.79,2145000,0
ENRC.L,20090211,374.25,391.25,366.00,360.07,1799300,0
ENRC.L,20090210,406.50,407.00,373.00,361.26,2135000,0
ENRC.L,20090209,379.75,416.50,379.25,390.04,2100900,0
ENRC.L,20090206,388.00,396.00,374.00,361.74,1968600,0
ENRC.L,20090205,368.00,385.25,360.75,365.07,1843100,0
ENRC.L,20090204,345.00,381.50,345.00,359.36,4880300,0
ENRC.L,20090203,309.75,335.00,309.75,314.17,3447500,0
ENRC.L,20090202,315.50,323.75,302.00,293.48,1644600,0
ENRC.L,20090130,331.00,339.50,312.25,302.04,1610000,0
ENRC.L,20090129,343.00,343.00,321.50,318.22,1357000,0
ENRC.L,20090128,345.50,349.00,324.75,328.92,2286000,0
ENRC.L,20090127,324.50,340.00,308.75,322.26,2198200,0
ENRC.L,20090126,314.50,336.75,304.00,304.66,3416700,0
ENRC.L,20090123,307.50,323.75,295.00,303.95,2254600,0
ENRC.L,20090122,324.00,336.00,306.25,295.15,3382200,0
ENRC.L,20090121,297.50,336.50,295.00,300.14,4200000,0
ENRC.L,20090120,308.00,315.50,295.00,288.73,1976500,0
ENRC.L,20090119,336.00,336.00,300.00,292.77,3111600,0
ENRC.L,20090116,311.00,333.25,305.25,310.61,1555000,0
ENRC.L,20090115,314.50,320.00,299.75,285.63,3050900,0
ENRC.L,20090114,341.00,341.00,309.00,299.19,1998000,0
ENRC.L,20090113,320.00,343.00,316.75,320.36,1625600,0
ENRC.L,20090112,362.75,365.00,326.75,318.45,1856600,0
ENRC.L,20090109,380.50,388.00,360.25,349.13,1207000,0
ENRC.L,20090108,373.75,386.25,358.50,356.74,2792400,0
ENRC.L,20090107,395.00,402.00,366.00,359.36,1664200,0
ENRC.L,20090106,358.50,396.75,348.00,375.77,1995100,0
ENRC.L,20090105,362.75,378.50,351.00,337.96,587000,0
ENRC.L,20090102,334.75,375.00,334.25,344.85,518200,0
ENRC.L,20081231,357.00,357.00,330.00,313.94,213000,0
ENRC.L,20081230,332.50,342.50,331.50,322.73,476300,0
ENRC.L,20081229,305.00,330.00,305.00,307.51,1287800,0
ENRC.L,20081224,300.00,318.00,300.00,289.44,265600,0
ENRC.L,20081223,307.00,312.50,298.50,290.15,1490400,0
ENRC.L,20081222,318.50,319.25,300.00,294.91,2490100,0
ENRC.L,20081219,326.00,327.50,300.00,300.38,3568900,0
ENRC.L,20081218,330.00,334.50,313.75,312.03,1442000,0
ENRC.L,20081217,336.25,342.25,328.00,316.79,1573300,0
ENRC.L,20081216,321.50,338.50,314.00,312.03,4691400,0
ENRC.L,20081215,313.75,323.00,313.75,302.52,1710300,0
ENRC.L,20081212,293.00,311.00,291.00,285.40,2244200,0
ENRC.L,20081211,306.25,323.00,300.00,289.91,1919300,0
ENRC.L,20081210,307.75,319.75,305.25,297.76,2290300,0
ENRC.L,20081209,295.00,310.75,282.50,288.25,2204600,0
ENRC.L,20081208,270.00,304.50,265.50,286.35,2054500,0
ENRC.L,20081205,254.50,266.00,247.25,241.87,2022500,0
ENRC.L,20081204,236.25,265.25,234.25,247.82,4506200,0
ENRC.L,20081203,226.50,247.75,220.50,227.37,1844600,0
ENRC.L,20081202,232.50,250.75,221.25,216.43,1499700,0
ENRC.L,20081201,271.00,271.25,235.25,227.37,857500,0
ENRC.L,20081128,276.00,287.75,262.50,264.70,2144100,0
ENRC.L,20081127,262.50,287.25,258.00,264.70,1871400,0
ENRC.L,20081126,254.00,279.25,254.00,247.34,2945400,0
ENRC.L,20081125,250.75,264.00,227.50,246.63,3099100,0
ENRC.L,20081124,209.25,257.00,205.00,244.49,2525900,0
ENRC.L,20081121,193.00,212.75,187.10,191.93,5087800,0
ENRC.L,20081120,216.00,227.25,183.00,182.08,3978700,0
ENRC.L,20081119,244.25,250.50,223.00,212.86,2515200,0
ENRC.L,20081118,246.50,254.50,230.00,231.88,1869200,0
ENRC.L,20081117,260.00,266.00,246.75,235.93,1907200,0
ENRC.L,20081114,270.00,294.00,261.50,249.96,4620100,0
ENRC.L,20081113,254.25,287.50,247.75,244.49,3622900,0
ENRC.L,20081112,290.00,290.00,237.50,250.67,4117900,0
ENRC.L,20081111,307.00,314.50,279.00,269.22,1948600,0
ENRC.L,20081110,315.00,347.75,306.00,298.95,1851900,0
ENRC.L,20081107,292.50,310.50,287.50,288.25,2307800,0
ENRC.L,20081106,344.00,364.00,281.25,275.64,2447700,0
ENRC.L,20081105,413.25,413.25,355.00,341.52,2353900,0
ENRC.L,20081104,353.25,417.00,341.50,388.14,2956500,0
ENRC.L,20081103,313.00,350.50,313.00,332.25,2135300,0
ENRC.L,20081031,296.50,318.00,280.00,294.20,1748800,0
ENRC.L,20081030,303.00,323.00,285.75,280.64,2758500,0
ENRC.L,20081029,288.75,296.50,260.00,280.40,4748800,0
ENRC.L,20081028,312.25,320.75,266.50,256.86,3347500,0
ENRC.L,20081027,320.50,329.75,287.75,291.10,1542900,0
ENRC.L,20081024,373.75,379.00,303.75,312.98,2178500,0
ENRC.L,20081023,395.75,417.75,365.00,374.34,1388100,0
ENRC.L,20081022,411.75,435.25,396.50,383.86,3716100,0
ENRC.L,20081021,409.00,449.00,402.50,403.12,1837300,0
ENRC.L,20081020,397.00,412.25,369.50,382.67,1488100,0
ENRC.L,20081017,377.25,405.25,322.00,362.45,4737700,0
ENRC.L,20081016,370.25,421.50,348.00,344.14,2317700,0
ENRC.L,20081015,510.00,510.00,378.00,367.68,2327500,0
ENRC.L,20081014,536.50,576.50,500.50,491.36,1855100,0
ENRC.L,20081013,513.00,549.50,483.25,498.02,2323100,0
ENRC.L,20081010,470.00,535.00,425.00,450.93,3549100,0
ENRC.L,20081009,460.50,555.00,460.50,495.64,4251000,0
ENRC.L,20081008,420.00,493.75,382.50,428.09,2988100,0
ENRC.L,20081007,489.00,489.00,419.50,437.37,2585300,0
ENRC.L,20081006,470.75,506.00,392.25,404.31,2693000,0
ENRC.L,20081003,503.50,557.00,454.00,527.98,3197100,0
ENRC.L,20081002,525.00,550.00,494.25,474.23,3956900,0
ENRC.L,20081001,510.00,556.00,484.75,502.30,6382200,0
ENRC.L,20080930,455.00,513.00,398.00,480.42,4306400,0
ENRC.L,20080929,549.50,569.00,471.00,450.21,2601400,0
ENRC.L,20080926,583.50,583.50,533.00,531.79,3166100,0
ENRC.L,20080925,638.00,653.50,577.00,566.03,4672100,0
ENRC.L,20080924,604.50,659.50,600.00,604.09,5931900,0
ENRC.L,20080923,687.50,687.50,593.50,578.40,4518600,0
ENRC.L,20080922,685.00,721.00,671.50,653.08,3154500,0
ENRC.L,20080919,527.00,685.50,527.00,629.77,4479100,0
ENRC.L,20080918,548.00,568.50,496.50,494.21,5230400,0
ENRC.L,20080917,606.00,624.00,539.50,520.37,4358100,0
ENRC.L,20080916,661.00,661.00,568.00,564.61,5633600,0
ENRC.L,20080915,716.50,716.50,648.50,624.07,3147800,0
ENRC.L,20080912,681.00,725.00,664.00,686.85,5200600,0
ENRC.L,20080911,708.00,739.00,639.00,629.77,6152700,0
ENRC.L,20080910,760.00,779.50,686.00,667.35,3689500,0
ENRC.L,20080909,833.00,839.50,735.00,724.90,6644400,0
ENRC.L,20080908,837.50,865.00,825.50,793.88,1062900,0
ENRC.L,20080905,871.50,886.00,788.50,766.29,4095800,0
ENRC.L,20080904,921.00,933.00,853.00,829.55,2018200,0
ENRC.L,20080903,907.00,947.00,907.00,877.59,3847100,0
ENRC.L,20080902,967.50,970.00,915.50,871.41,2827600,0
ENRC.L,20080901,992.50,1008.00,953.00,910.85,1213800,0
ENRC.L,20080829,1022.00,1033.00,992.50,943.71,1670900,0
ENRC.L,20080828,1063.00,1063.00,989.00,958.74,2270800,0
ENRC.L,20080827,1007.00,1045.00,972.00,979.39,1674800,0
ENRC.L,20080826,1022.00,1040.00,983.00,939.96,2393500,0
ENRC.L,20080822,1072.00,1098.00,1023.00,970.00,2196600,0
ENRC.L,20080821,1055.00,1083.00,1050.00,997.24,2587100,0
ENRC.L,20080820,973.50,1031.00,968.00,964.37,3721100,0
ENRC.L,20080819,974.50,979.00,947.00,901.46,1663100,0
ENRC.L,20080818,987.00,1009.00,948.00,917.89,1722300,0
ENRC.L,20080815,1029.00,1042.00,964.50,909.91,2824800,0
ENRC.L,20080814,1004.00,1047.00,993.50,972.82,2619800,0
ENRC.L,20080813,1000.00,1015.00,980.00,929.63,2590400,0
ENRC.L,20080812,1050.00,1079.00,982.00,928.22,2467300,0
ENRC.L,20080811,1138.00,1138.00,1038.00,995.36,3916900,0
ENRC.L,20080808,1097.00,1156.00,1090.00,1055.46,7633500,0
ENRC.L,20080807,1048.00,1118.00,1021.00,1048.88,7914500,0
ENRC.L,20080806,990.00,1067.00,960.50,954.98,9308100,0
ENRC.L,20080805,1003.00,1003.00,900.00,892.07,7648000,0
ENRC.L,20080804,1060.00,1060.00,985.00,937.14,6821700,0
ENRC.L,20080801,1031.00,1075.00,1031.00,991.60,4619600,0
ENRC.L,20080731,987.50,1079.00,983.00,990.66,7733400,0
ENRC.L,20080730,956.00,989.50,949.00,927.28,3308800,0
ENRC.L,20080729,926.50,974.50,900.00,876.10,3506100,0
ENRC.L,20080728,895.00,933.50,877.50,863.90,2813100,0
ENRC.L,20080725,945.50,975.50,880.00,826.34,5500300,0
ENRC.L,20080724,1025.00,1032.00,938.50,891.13,5758300,0
ENRC.L,20080723,1098.00,1111.00,1000.00,953.10,3181700,0
ENRC.L,20080722,1060.00,1089.00,1043.00,984.09,1992100,0
ENRC.L,20080721,1035.00,1069.00,1022.00,1000.05,2381200,0
ENRC.L,20080718,1082.00,1085.00,999.00,972.82,3637200,0
ENRC.L,20080717,1131.00,1199.00,1091.00,1032.92,3453500,0
ENRC.L,20080716,1158.00,1180.00,1117.00,1053.58,2738000,0
ENRC.L,20080715,1235.00,1235.00,1151.00,1092.08,2917100,0
ENRC.L,20080714,1171.00,1241.00,1135.00,1153.11,4812600,0
ENRC.L,20080711,1072.00,1162.00,1035.00,1067.66,4862100,0
ENRC.L,20080710,1016.00,1088.00,979.50,983.15,5750800,0
ENRC.L,20080709,1042.00,1063.00,1012.00,964.37,3375600,0
ENRC.L,20080708,1076.00,1115.00,1008.00,967.19,3696000,0
ENRC.L,20080707,1100.00,1119.00,1083.00,1037.61,2277400,0
ENRC.L,20080704,1093.00,1100.00,1060.00,1021.65,2186600,0
ENRC.L,20080703,1040.00,1132.00,1025.00,1013.20,7601500,0
ENRC.L,20080702,1175.00,1226.00,1039.00,1000.05,8158800,0
ENRC.L,20080701,1318.00,1335.00,1165.00,1103.35,9094400,0
ENRC.L,20080630,1345.00,1384.00,1305.00,1251.71,1901300,0
ENRC.L,20080627,1295.00,1346.00,1274.00,1258.28,2475900,0
ENRC.L,20080626,1359.00,1359.00,1297.00,1217.91,2502600,0
ENRC.L,20080625,1430.00,1437.00,1335.00,1260.16,3135600,0
ENRC.L,20080624,1471.00,1511.00,1395.00,1325.89,2548600,0
ENRC.L,20080623,1453.00,1508.00,1453.00,1392.56,2441400,0
ENRC.L,20080620,1507.00,1520.00,1452.00,1363.45,4713900,0
ENRC.L,20080619,1467.00,1534.00,1467.00,1421.67,2083100,0
ENRC.L,20080618,1500.00,1532.00,1445.00,1375.66,2194900,0
ENRC.L,20080617,1431.00,1497.00,1395.00,1400.07,2216500,0
ENRC.L,20080616,1355.00,1422.00,1355.00,1318.38,3577200,0
ENRC.L,20080613,1350.00,1353.00,1295.00,1240.44,2567500,0
ENRC.L,20080612,1314.00,1380.00,1288.00,1277.06,1791200,0
ENRC.L,20080611,1360.00,1373.00,1296.00,1244.20,2733000,0
ENRC.L,20080610,1402.00,1421.00,1362.00,1279.88,3970300,0
ENRC.L,20080606,1360.00,1396.00,1345.00,1295.84,1675200,0
ENRC.L,20080605,1325.00,1376.00,1288.00,1265.80,1587800,0
ENRC.L,20080604,1390.00,1390.00,1282.00,1238.56,4253600,0
ENRC.L,20080603,1448.00,1475.00,1367.00,1283.64,2932700,0
ENRC.L,20080602,1452.00,1468.00,1404.00,1355.94,1553100,0
ENRC.L,20080530,1495.00,1495.00,1425.00,1370.03,1735700,0
ENRC.L,20080529,1412.00,1494.00,1412.00,1390.68,3074300,0
ENRC.L,20080528,1410.00,1471.00,1373.00,1324.01,2038800,0
ENRC.L,20080527,1400.00,1458.00,1383.00,1324.01,1994200,0
ENRC.L,20080523,1391.00,1415.00,1330.00,1300.54,2758200,0
ENRC.L,20080522,1429.00,1450.00,1387.00,1323.08,1960700,0
ENRC.L,20080521,1409.00,1445.00,1373.00,1342.79,2653600,0
ENRC.L,20080520,1531.00,1531.00,1378.00,1337.16,5090200,0
ENRC.L,20080519,1445.00,1550.00,1436.00,1441.39,2353600,0
ENRC.L,20080516,1485.00,1500.00,1432.00,1355.94,1581000,0
ENRC.L,20080515,1499.00,1518.00,1443.00,1367.21,1540900,0
ENRC.L,20080514,1396.00,1509.00,1363.00,1385.99,5172300,0
ENRC.L,20080513,1344.00,1400.00,1329.00,1293.03,3078100,0
ENRC.L,20080512,1304.00,1361.00,1293.00,1254.53,1649700,0
ENRC.L,20080509,1285.00,1325.00,1264.00,1227.30,2486900,0
ENRC.L,20080508,1200.00,1288.00,1195.00,1209.45,2486300,0
ENRC.L,20080507,1195.00,1216.00,1179.00,1141.84,1492400,0
ENRC.L,20080506,1208.00,1219.00,1192.00,1126.82,1100000,0
ENRC.L,20080502,1180.00,1219.00,1150.00,1126.82,2265000,0
ENRC.L,20080501,1184.00,1220.00,1149.00,1089.26,1453600,0
ENRC.L,20080430,1218.00,1243.00,1185.00,1126.82,2930000,0
ENRC.L,20080429,1286.00,1286.00,1222.00,1170.95,962400,0
ENRC.L,20080428,1310.00,1310.00,1256.00,1210.39,1354900,0
ENRC.L,20080425,1310.00,1315.00,1240.00,1220.72,2429900,0
ENRC.L,20080424,1410.00,1410.00,1300.00,1230.11,2888900,0
ENRC.L,20080423,1335.00,1420.00,1284.00,1333.40,3819700,0
ENRC.L,20080422,1206.00,1325.00,1193.00,1231.05,3156100,0
ENRC.L,20080421,1220.00,1230.00,1161.00,1132.45,2938000,0
ENRC.L,20080418,1289.00,1315.00,1165.00,1140.91,6642500,0
ENRC.L,20080417,1320.00,1331.00,1255.00,1194.43,3822400,0
ENRC.L,20080416,1285.00,1340.00,1210.00,1258.28,4693000,0
ENRC.L,20080415,1222.00,1260.00,1212.00,1183.16,2176400,0
ENRC.L,20080414,1164.00,1205.00,1141.00,1126.82,3731800,0
ENRC.L,20080411,1200.00,1201.00,1171.00,1121.19,3655900,0
ENRC.L,20080410,1078.00,1200.00,1078.00,1108.04,5952500,0
ENRC.L,20080409,1067.00,1132.00,1067.00,1038.55,3424600,0
ENRC.L,20080408,1092.00,1100.00,1040.00,1028.22,2628500,0
ENRC.L,20080407,1015.00,1100.00,1009.00,1032.92,5034600,0
ENRC.L,20080404,1027.00,1035.00,1001.00,948.41,4322800,0
ENRC.L,20080403,999.00,1018.00,991.00,941.83,3432200,0
ENRC.L,20080402,977.00,1002.00,977.00,938.08,2633500,0
ENRC.L,20080401,985.00,1019.00,980.50,931.51,3409200,0
ENRC.L,20080331,967.00,991.00,965.00,924.93,2640000,0
ENRC.L,20080328,961.50,989.00,952.00,915.54,1668600,0
ENRC.L,20080327,973.50,986.00,960.00,906.15,2756100,0
ENRC.L,20080326,975.00,982.00,956.50,910.85,5635600,0
ENRC.L,20080325,901.00,980.00,887.00,916.48,23974400,0
ENRC.L,20080320,925.00,925.00,865.00,831.03,3700100,0
ENRC.L,20080319,957.50,988.50,886.00,861.08,5520600,0
ENRC.L,20080318,905.00,962.50,905.00,881.27,6239600,0
ENRC.L,20080314,914.00,950.00,910.00,869.06,2266900,0
ENRC.L,20080313,931.00,951.50,878.00,835.73,4744000,0
ENRC.L,20080312,1008.00,1033.00,905.00,891.13,8372900,0
ENRC.L,20080311,995.00,1021.00,959.50,920.24,3445000,0
ENRC.L,20080310,1070.00,1070.00,995.00,945.59,2984300,0
ENRC.L,20080307,1079.00,1079.00,1002.00,991.60,5232100,0
ENRC.L,20080306,1140.00,1170.00,1053.00,1013.20,4880500,0
ENRC.L,20080305,1136.00,1143.00,1110.00,1054.52,3564900,0
ENRC.L,20080304,1100.00,1106.00,1050.00,1037.61,3001100,0
ENRC.L,20080303,1000.00,1085.00,997.00,1018.83,3886700,0
ENRC.L,20080229,990.00,1030.00,982.00,967.19,10484700,0
ENRC.L,20080228,1018.00,1021.00,986.50,938.08,5224400,0
ENRC.L,20080227,1035.00,1035.00,968.50,939.02,2586800,0
ENRC.L,20080226,995.00,1001.00,970.00,934.32,3116800,0
ENRC.L,20080225,995.00,1015.00,956.00,918.36,2250700,0
ENRC.L,20080222,980.00,1074.00,974.50,930.10,3188200,0
ENRC.L,20080221,965.00,999.50,947.50,920.24,4188300,0
ENRC.L,20080220,945.00,960.00,939.00,893.01,1621500,0
ENRC.L,20080219,949.00,969.50,935.00,899.58,2855300,0
ENRC.L,20080218,910.00,960.00,895.00,893.01,3081500,0
ENRC.L,20080215,850.00,899.00,840.00,840.42,4209400,0
ENRC.L,20080214,850.00,850.00,830.00,788.77,2000800,0
ENRC.L,20080213,845.00,845.00,820.00,788.77,2704700,0
ENRC.L,20080212,850.00,850.00,825.00,785.02,1848700,0
ENRC.L,20080211,820.00,875.00,820.00,798.16,1630400,0
ENRC.L,20080208,830.00,869.50,830.00,803.33,2122000,0
ENRC.L,20080207,837.00,860.00,837.00,793.47,2945600,0
ENRC.L,20080206,825.00,878.00,825.00,798.16,2857300,0
ENRC.L,20080205,833.00,847.00,830.00,785.96,1899400,0
ENRC.L,20080204,830.00,850.00,818.50,794.41,2280200,0
ENRC.L,20080201,780.00,850.00,780.00,779.38,4605500,0
ENRC.L,20080131,757.00,774.00,750.00,723.04,1499300,0
ENRC.L,20080130,777.00,790.00,754.00,714.59,2419300,0
ENRC.L,20080129,748.50,792.50,748.50,730.56,3665000,0
ENRC.L,20080128,750.00,758.00,695.00,692.06,5662800,0
ENRC.L,20080125,650.00,749.00,650.00,694.87,5553300,0
ENRC.L,20080124,628.00,650.00,618.00,599.56,1213900,0
ENRC.L,20080123,611.00,654.00,585.00,563.41,3687300,0
ENRC.L,20080122,569.00,620.00,545.00,568.11,2147100,0
ENRC.L,20080121,640.00,640.00,581.00,549.33,3426200,0
ENRC.L,20080118,665.00,665.00,619.00,600.97,1762300,0
ENRC.L,20080117,681.00,681.00,645.00,614.12,3870800,0
ENRC.L,20080116,700.00,715.00,645.00,619.75,4084500,0
ENRC.L,20080115,728.00,728.00,706.00,665.76,3271900,0
ENRC.L,20080114,715.00,720.00,700.00,670.93,2660400,0
ENRC.L,20080111,698.00,701.00,689.50,655.43,786100,0
ENRC.L,20080110,690.00,706.00,690.00,662.48,1780300,0
ENRC.L,20080109,680.00,695.00,680.00,650.74,1927600,0
ENRC.L,20080108,680.00,690.00,675.00,641.35,541000,0
ENRC.L,20080107,720.00,720.00,675.00,632.43,829000,0
ENRC.L,20080104,705.00,715.00,696.50,662.48,2060900,0
ENRC.L,20080103,665.00,700.00,665.00,654.50,8570200,0
ENRC.L,20080102,627.00,665.00,627.00,624.45,1177300,0
ENRC.L,20071231,640.00,640.00,630.00,600.97,892900,0
ENRC.L,20071228,654.50,654.50,635.00,606.14,451800,0
ENRC.L,20071227,630.00,660.00,630.00,604.73,798400,0
ENRC.L,20071224,630.00,643.00,630.00,600.97,213200,0
ENRC.L,20071221,610.00,640.00,600.50,596.28,1451100,0
ENRC.L,20071220,602.00,605.00,600.00,568.11,1212300,0
ENRC.L,20071219,600.00,604.00,600.00,564.35,1027600,0
ENRC.L,20071218,600.00,610.00,600.00,563.88,3651400,0
ENRC.L,20071217,609.00,610.00,597.50,563.41,6637900,0
ENRC.L,20071214,610.00,615.00,600.00,573.27,1639000,0
ENRC.L,20071213,619.50,619.50,601.00,573.74,3957400,0
ENRC.L,20071212,617.50,617.50,600.00,572.80,20203400,0
ENRC.L,20071211,630.00,630.00,605.00,570.92,3449300,0
ENRC.L,20071210,630.00,630.00,602.00,580.31,2617600,0
ENRC.L,20071207,541.00,634.00,541.00,591.58,38412400,0
