EXPN.L,20120824,995.00,1001.00,987.00,991.00,1027800,0
EXPN.L,20120823,1009.00,1010.00,993.00,994.50,970700,0
EXPN.L,20120822,1009.00,1009.00,993.50,998.00,1328300,0
EXPN.L,20120821,999.00,1013.00,995.50,1011.00,1085300,0
EXPN.L,20120820,999.00,1001.00,990.00,995.00,1051800,0
EXPN.L,20120817,989.00,999.00,986.00,996.50,3088600,0
EXPN.L,20120816,1005.00,1005.00,985.00,989.50,2568900,0
EXPN.L,20120815,993.00,1005.00,992.00,1002.00,4149100,0
EXPN.L,20120814,989.00,995.00,984.50,992.00,1640700,0
EXPN.L,20120813,978.00,983.00,976.50,983.00,4402700,0
EXPN.L,20120810,979.00,982.00,972.50,978.50,1058900,0
EXPN.L,20120809,982.50,986.00,972.00,978.50,1326300,0
EXPN.L,20120808,970.50,977.50,964.00,977.50,1264300,0
EXPN.L,20120807,971.50,976.50,959.50,976.00,2650800,0
EXPN.L,20120806,966.00,977.00,959.00,971.50,703900,0
EXPN.L,20120803,950.00,972.44,949.50,968.00,1561800,0
EXPN.L,20120802,960.00,964.50,944.50,944.50,1844700,0
EXPN.L,20120801,952.50,964.00,948.87,961.00,1522500,0
EXPN.L,20120731,965.50,967.50,949.00,949.00,2419000,0
EXPN.L,20120727,968.00,970.58,958.50,963.00,2261200,0
EXPN.L,20120726,940.00,962.50,933.50,962.50,1742700,0
EXPN.L,20120725,933.50,943.50,932.00,937.00,6827900,0
EXPN.L,20120724,933.50,940.50,930.50,934.00,945900,0
EXPN.L,20120723,949.50,951.50,928.50,932.50,1413700,0
EXPN.L,20120720,964.50,971.50,956.00,961.00,2198700,0
EXPN.L,20120719,949.50,969.50,948.00,965.50,1534300,0
EXPN.L,20120718,935.50,949.00,927.50,949.00,4911000,0
EXPN.L,20120717,936.00,939.00,926.00,931.50,1783600,0
EXPN.L,20120716,928.50,940.00,925.00,932.00,1436600,0
EXPN.L,20120713,935.00,965.00,918.50,932.00,3518400,0
EXPN.L,20120712,952.50,958.00,938.00,951.00,2778000,0
EXPN.L,20120711,970.50,974.00,949.50,957.50,1571500,0
EXPN.L,20120710,961.50,985.50,961.50,973.50,3121600,0
EXPN.L,20120709,944.00,957.50,940.00,956.00,2430500,0
EXPN.L,20120706,954.50,955.50,939.00,943.00,2121200,0
EXPN.L,20120705,928.50,954.50,925.50,954.00,3858000,0
EXPN.L,20120704,921.50,930.50,919.50,926.00,1710200,0
EXPN.L,20120703,919.50,923.50,914.00,923.50,2464300,0
EXPN.L,20120702,914.50,928.93,904.50,916.00,2259100,0
EXPN.L,20120629,910.00,915.50,899.00,900.50,2735300,0
EXPN.L,20120628,903.50,906.50,890.50,899.00,1432800,0
EXPN.L,20120627,904.00,905.00,895.50,901.00,2244800,0
EXPN.L,20120626,910.00,910.00,895.00,899.50,1556400,0
EXPN.L,20120625,912.50,915.00,903.00,906.50,2019000,0
EXPN.L,20120622,919.00,921.50,905.50,911.50,1654000,0
EXPN.L,20120621,930.00,935.50,920.50,923.50,1805600,0
EXPN.L,20120620,928.50,934.00,915.00,934.00,2122600,0
EXPN.L,20120619,938.00,942.00,918.50,938.00,2023500,0
EXPN.L,20120618,938.00,941.50,919.00,933.50,1816800,0
EXPN.L,20120615,941.50,941.50,920.70,925.00,4864200,0
EXPN.L,20120614,933.50,939.26,918.50,936.50,1856000,0
EXPN.L,20120613,946.50,952.00,928.50,938.50,2042400,0
EXPN.L,20120612,934.00,946.00,926.00,941.50,8827600,0
EXPN.L,20120611,957.50,957.50,935.50,938.50,2116300,0
EXPN.L,20120608,931.50,941.00,925.50,938.00,2110800,0
EXPN.L,20120607,933.00,937.50,922.00,934.50,1972900,0
EXPN.L,20120606,940.00,940.00,901.00,924.50,2661900,0
EXPN.L,20120601,908.50,908.50,884.00,896.00,3280100,0
EXPN.L,20120531,902.00,909.00,897.50,905.00,2414800,0
EXPN.L,20120530,912.00,914.00,896.50,897.00,1856400,0
EXPN.L,20120529,910.00,920.50,908.00,919.00,1238500,0
EXPN.L,20120528,905.00,918.50,903.50,907.00,945900,0
EXPN.L,20120525,899.50,911.29,897.00,903.00,1737300,0
EXPN.L,20120524,891.00,902.00,882.50,899.50,1472100,0
EXPN.L,20120523,891.00,900.00,887.50,888.00,4597400,0
EXPN.L,20120522,882.50,901.50,882.50,899.00,1668200,0
EXPN.L,20120521,866.00,884.00,865.50,880.00,1509800,0
EXPN.L,20120518,875.00,877.00,859.00,870.00,2055000,0
EXPN.L,20120517,888.50,891.50,873.50,882.00,1607100,0
EXPN.L,20120516,885.00,891.78,872.50,890.00,3649900,0
EXPN.L,20120514,923.50,932.50,912.50,921.00,1547700,0
EXPN.L,20120511,922.00,930.00,910.50,928.50,3672800,0
EXPN.L,20120510,960.00,960.00,910.00,910.00,5361100,0
EXPN.L,20120509,945.50,954.50,934.86,942.25,2057200,0
EXPN.L,20120508,971.50,972.00,947.50,947.50,2267500,0
EXPN.L,20120504,994.00,994.00,967.00,971.00,1846100,0
EXPN.L,20120503,999.00,1004.00,990.50,995.00,2152800,0
EXPN.L,20120502,998.00,1005.00,991.00,997.50,3531800,0
EXPN.L,20120501,977.50,993.78,971.00,991.00,723700,0
EXPN.L,20120430,982.50,989.00,972.50,972.50,2454900,0
EXPN.L,20120427,979.00,986.50,975.00,980.50,1781500,0
EXPN.L,20120426,980.00,991.50,973.00,981.00,1458700,0
EXPN.L,20120425,974.50,981.00,969.00,972.50,1773400,0
EXPN.L,20120424,961.50,973.69,960.50,969.50,1317600,0
EXPN.L,20120423,995.00,995.00,956.50,965.00,1406500,0
EXPN.L,20120420,995.00,999.00,989.50,998.00,1289400,0
EXPN.L,20120419,989.50,999.00,984.50,996.50,1938500,0
EXPN.L,20120418,982.00,984.50,973.50,984.50,1404600,0
EXPN.L,20120417,974.50,983.00,965.50,982.00,2133600,0
EXPN.L,20120416,973.00,984.50,973.00,975.00,1416300,0
EXPN.L,20120413,995.00,995.00,977.50,978.00,1611400,0
EXPN.L,20120412,964.50,995.50,964.50,993.50,2161500,0
EXPN.L,20120411,955.00,970.50,954.00,965.00,16000200,0
EXPN.L,20120410,959.50,966.50,950.00,957.50,2246400,0
EXPN.L,20120405,970.00,975.00,961.00,968.00,2166800,0
EXPN.L,20120404,990.50,995.00,969.00,971.50,2319600,0
EXPN.L,20120403,999.50,1002.00,992.57,995.50,1863500,0
EXPN.L,20120402,976.00,996.50,971.50,996.50,2399400,0
EXPN.L,20120330,979.00,982.86,968.00,974.50,2434200,0
EXPN.L,20120329,987.50,988.50,972.00,977.00,1622100,0
EXPN.L,20120328,989.50,994.50,981.50,990.50,2626000,0
EXPN.L,20120327,998.00,1003.00,987.00,992.00,1401800,0
EXPN.L,20120326,991.00,1002.00,988.00,995.50,1181100,0
EXPN.L,20120323,985.50,995.50,981.50,990.00,1486400,0
EXPN.L,20120322,987.00,989.48,982.00,985.00,2779700,0
EXPN.L,20120321,981.00,990.00,981.00,988.00,1348700,0
EXPN.L,20120320,980.50,983.00,979.50,980.50,3894300,0
EXPN.L,20120319,984.50,984.50,978.00,982.50,21440600,0
EXPN.L,20120316,976.50,990.00,973.50,983.00,3160700,0
EXPN.L,20120315,975.00,979.00,973.50,976.50,1424900,0
EXPN.L,20120314,975.00,979.00,971.50,973.50,1708700,0
EXPN.L,20120313,969.50,975.50,965.50,975.00,1941900,0
EXPN.L,20120312,964.50,973.50,959.50,965.00,1491400,0
EXPN.L,20120309,947.50,973.50,943.50,968.00,1834600,0
EXPN.L,20120308,931.50,953.50,931.00,949.50,2153500,0
EXPN.L,20120307,910.00,931.50,908.50,929.50,2228000,0
EXPN.L,20120306,926.00,927.00,907.00,910.50,2128800,0
EXPN.L,20120305,930.00,938.50,917.00,931.00,1687400,0
EXPN.L,20120302,955.00,958.50,930.50,932.50,1721400,0
EXPN.L,20120301,944.00,956.50,939.00,955.50,1628400,0
EXPN.L,20120229,938.00,947.50,933.50,945.50,2626000,0
EXPN.L,20120228,945.00,945.50,937.50,940.50,1684900,0
EXPN.L,20120227,940.50,944.00,934.00,942.00,1770100,0
EXPN.L,20120224,954.00,959.00,942.50,945.50,1761000,0
EXPN.L,20120223,946.50,961.00,946.00,953.50,1495200,0
EXPN.L,20120222,941.00,955.00,939.40,949.00,1841800,0
EXPN.L,20120221,959.50,959.50,938.00,942.00,1694700,0
EXPN.L,20120220,950.50,964.00,946.50,960.00,6569700,0
EXPN.L,20120217,950.50,959.00,933.00,945.50,2609100,0
EXPN.L,20120216,943.50,955.50,938.50,951.50,1267100,0
EXPN.L,20120215,944.50,953.07,938.50,950.50,1860700,0
EXPN.L,20120214,925.50,939.50,921.00,939.50,1794500,0
EXPN.L,20120213,925.50,930.00,919.50,929.50,1299900,0
EXPN.L,20120210,913.00,922.00,907.00,921.00,1779400,0
EXPN.L,20120209,918.00,924.50,912.00,914.50,1312100,0
EXPN.L,20120208,917.50,921.00,909.00,916.50,3336900,0
EXPN.L,20120207,906.00,922.84,903.00,916.00,3032100,0
EXPN.L,20120206,905.00,906.00,898.50,906.00,1199900,0
EXPN.L,20120203,882.00,906.50,879.00,903.50,1646700,0
EXPN.L,20120202,878.00,883.50,872.00,882.50,2425900,0
EXPN.L,20120201,860.00,874.00,860.00,874.00,2388000,0
EXPN.L,20120131,864.00,869.00,850.50,859.50,2126100,0
EXPN.L,20120130,872.50,874.00,853.50,858.50,1969700,0
EXPN.L,20120127,878.50,878.50,871.50,875.00,1379900,0
EXPN.L,20120126,881.00,885.00,873.72,880.00,1505700,0
EXPN.L,20120125,881.50,890.00,869.50,876.50,1423300,0
EXPN.L,20120124,880.50,885.00,874.00,879.50,1353300,0
EXPN.L,20120123,889.50,891.50,881.50,886.50,1366600,0
EXPN.L,20120120,909.00,909.00,890.00,890.50,1941600,0
EXPN.L,20120119,896.00,911.50,893.50,902.50,2340400,0
EXPN.L,20120118,875.50,897.00,875.50,892.00,2834000,0
EXPN.L,20120117,878.00,879.50,855.00,875.50,32284300,0
EXPN.L,20120116,867.50,877.50,867.50,875.50,1479000,0
EXPN.L,20120113,864.00,872.00,857.00,872.00,2787400,0
EXPN.L,20120112,868.00,876.00,858.50,862.50,1652200,0
EXPN.L,20120111,875.00,875.50,860.50,865.50,1436700,0
EXPN.L,20120110,870.50,879.00,868.00,876.50,2186200,0
EXPN.L,20120109,857.00,870.00,854.00,864.50,1882000,0
EXPN.L,20120106,861.00,865.50,848.50,853.00,1618500,0
EXPN.L,20120105,866.00,877.50,850.00,854.00,3395100,0
EXPN.L,20120104,884.50,891.00,865.50,866.50,2971800,0
EXPN.L,20120103,889.00,895.00,864.00,880.00,1859800,0
EXPN.L,20111230,860.50,875.50,857.50,875.50,572700,0
EXPN.L,20111229,844.50,859.50,838.50,859.50,1130800,0
EXPN.L,20111228,838.50,856.00,826.50,847.00,1487300,0
EXPN.L,20111223,844.50,846.50,834.50,839.50,836500,0
EXPN.L,20111222,838.00,851.00,835.20,840.00,1154200,0
EXPN.L,20111221,849.50,859.50,837.50,838.50,1563000,0
EXPN.L,20111220,832.00,843.50,830.00,842.50,1373800,0
EXPN.L,20111219,821.00,838.00,819.00,835.00,1479600,0
EXPN.L,20111216,827.50,837.50,823.50,829.50,2468900,0
EXPN.L,20111215,820.00,827.00,814.80,823.00,1481800,0
EXPN.L,20111214,825.00,827.50,807.00,816.00,2066800,0
EXPN.L,20111213,813.50,830.50,808.50,827.50,1793100,0
EXPN.L,20111212,815.00,820.50,805.50,809.00,1406000,0
EXPN.L,20111209,804.50,818.00,797.00,816.00,2684000,0
EXPN.L,20111208,838.00,838.50,809.00,809.50,2882300,0
EXPN.L,20111207,850.00,850.50,827.00,833.50,1741300,0
EXPN.L,20111206,839.50,848.00,838.00,841.50,1068200,0
EXPN.L,20111205,846.50,851.50,838.50,844.00,1426900,0
EXPN.L,20111202,850.50,857.74,835.50,839.50,1485700,0
EXPN.L,20111201,848.50,853.00,842.00,844.00,2744200,0
EXPN.L,20111130,813.00,854.00,810.00,844.00,3809800,0
EXPN.L,20111129,804.00,818.00,797.50,817.50,1749000,0
EXPN.L,20111128,781.50,800.50,780.00,800.50,2144600,0
EXPN.L,20111125,774.00,780.50,763.50,777.50,861700,0
EXPN.L,20111124,777.50,781.14,771.00,776.00,1103900,0
EXPN.L,20111123,794.50,791.39,774.00,774.00,1738500,0
EXPN.L,20111122,782.00,803.50,775.50,799.00,2145300,0
EXPN.L,20111121,790.50,791.00,774.00,781.00,2694100,0
EXPN.L,20111118,800.00,806.00,794.00,794.50,2213700,0
EXPN.L,20111117,815.50,816.03,799.65,805.50,2769900,0
EXPN.L,20111116,828.00,829.06,814.50,820.50,3097300,0
EXPN.L,20111115,824.50,829.37,819.56,828.50,2517700,0
EXPN.L,20111114,834.00,836.00,825.50,828.50,1965300,0
EXPN.L,20111111,823.00,832.00,820.00,829.50,3036400,0
EXPN.L,20111110,760.00,842.50,760.00,826.00,3867100,0
EXPN.L,20111109,803.50,807.00,780.00,784.00,2145300,0
EXPN.L,20111108,790.50,803.50,787.63,795.00,1355100,0
EXPN.L,20111107,795.50,799.85,787.00,790.50,1277000,0
EXPN.L,20111104,801.00,806.00,790.50,799.50,1104600,0
EXPN.L,20111103,769.00,804.50,769.00,796.50,2104500,0
EXPN.L,20111102,793.00,797.00,771.00,779.50,2600700,0
EXPN.L,20111101,789.00,790.50,772.00,784.00,2042700,0
EXPN.L,20111031,819.00,820.00,808.00,810.50,1897400,0
EXPN.L,20111028,814.50,824.00,809.00,824.00,1086400,0
EXPN.L,20111027,800.00,811.00,792.00,808.50,1307500,0
EXPN.L,20111026,781.50,787.00,771.50,781.00,1958800,0
EXPN.L,20111025,781.50,792.00,778.00,780.50,1902100,0
EXPN.L,20111024,773.50,787.00,771.50,785.50,1602000,0
EXPN.L,20111021,758.00,775.50,749.00,773.50,2183100,0
EXPN.L,20111020,746.00,759.50,736.50,749.00,1289900,0
EXPN.L,20111019,754.50,760.00,748.50,757.00,1367500,0
EXPN.L,20111018,739.00,752.50,738.50,750.00,1175000,0
EXPN.L,20111017,760.50,760.50,740.50,744.50,1275300,0
EXPN.L,20111014,747.50,760.50,747.23,756.00,992300,0
EXPN.L,20111013,754.50,756.50,740.50,744.00,1532000,0
EXPN.L,20111012,737.50,760.50,724.50,757.50,1955800,0
EXPN.L,20111011,745.50,747.50,736.50,740.00,1668600,0
EXPN.L,20111010,750.00,754.00,735.00,743.50,1641800,0
EXPN.L,20111007,739.00,750.00,732.50,748.50,1491800,0
EXPN.L,20111006,719.50,735.00,714.00,735.00,2224500,0
EXPN.L,20111005,710.50,725.50,708.00,715.00,2451000,0
EXPN.L,20111004,701.00,703.27,686.00,700.00,2838300,0
EXPN.L,20111003,713.50,718.50,705.50,707.00,2072200,0
EXPN.L,20110930,733.00,733.00,715.50,725.00,1669900,0
EXPN.L,20110929,739.00,740.00,725.50,733.00,1399900,0
EXPN.L,20110928,736.00,745.00,736.00,740.50,1835200,0
EXPN.L,20110927,727.00,735.00,718.00,735.00,2372700,0
EXPN.L,20110926,683.50,710.50,683.50,704.50,1354000,0
EXPN.L,20110923,697.00,705.00,680.00,695.00,1590100,0
EXPN.L,20110922,704.00,706.50,683.50,693.50,4951700,0
EXPN.L,20110921,712.00,726.50,711.50,720.00,1302800,0
EXPN.L,20110920,695.50,714.07,695.50,714.00,1619300,0
EXPN.L,20110919,702.00,702.00,684.50,695.00,1787400,0
EXPN.L,20110916,728.00,728.50,708.00,711.50,3233600,0
EXPN.L,20110915,710.00,724.00,709.50,721.00,1932800,0
EXPN.L,20110914,683.50,705.00,683.50,703.00,1715000,0
EXPN.L,20110913,695.00,698.50,677.00,687.00,1903800,0
EXPN.L,20110912,680.50,690.00,676.00,686.00,1862100,0
EXPN.L,20110909,710.00,715.00,693.50,695.00,2183100,0
EXPN.L,20110908,708.00,714.50,701.00,713.50,2143400,0
EXPN.L,20110907,699.00,707.00,696.50,705.00,1943200,0
EXPN.L,20110906,680.50,693.00,679.00,685.50,2925700,0
EXPN.L,20110905,695.50,698.50,682.00,684.00,3037100,0
EXPN.L,20110902,699.00,707.00,683.00,704.50,3565200,0
EXPN.L,20110901,703.00,705.57,689.50,705.50,3352600,0
EXPN.L,20110831,684.50,708.50,679.50,703.50,3750300,0
EXPN.L,20110830,678.00,679.00,667.00,679.00,823800,0
EXPN.L,20110826,671.50,673.50,657.00,668.50,2165100,0
EXPN.L,20110825,677.00,681.00,663.00,672.50,3343300,0
EXPN.L,20110824,672.00,672.00,663.00,672.00,2669800,0
EXPN.L,20110823,674.00,678.00,663.00,670.50,1415400,0
EXPN.L,20110822,661.00,672.50,658.50,668.00,64200,0
EXPN.L,20110819,678.00,678.00,652.00,665.00,2572100,0
EXPN.L,20110818,701.00,705.50,666.00,679.00,2622500,0
EXPN.L,20110817,716.00,720.00,708.00,710.00,1895800,0
EXPN.L,20110816,723.00,723.80,708.00,718.50,1314800,0
EXPN.L,20110815,732.50,732.50,719.50,726.00,1407800,0
EXPN.L,20110812,706.00,728.50,695.50,728.50,1992900,0
EXPN.L,20110811,720.00,721.00,687.50,703.50,4525100,0
EXPN.L,20110810,726.00,735.00,691.50,699.50,3826000,0
EXPN.L,20110809,695.50,716.50,655.50,715.00,5171300,0
EXPN.L,20110808,722.00,730.00,694.50,695.00,4027800,0
EXPN.L,20110805,719.50,741.00,704.50,728.50,4721100,0
EXPN.L,20110804,781.00,781.00,733.50,735.50,4180300,0
EXPN.L,20110803,781.00,782.50,767.00,773.50,2597000,0
EXPN.L,20110802,786.50,792.00,780.50,788.50,2497100,0
EXPN.L,20110801,808.50,815.50,786.58,788.00,1888400,0
EXPN.L,20110729,804.00,809.00,789.00,802.50,2434200,0
EXPN.L,20110728,805.50,812.00,802.00,806.00,1912400,0
EXPN.L,20110727,812.00,821.00,807.00,811.50,2562100,0
EXPN.L,20110726,825.50,825.50,814.00,815.00,2283200,0
EXPN.L,20110725,815.00,829.50,814.50,826.00,2281900,0
EXPN.L,20110722,819.00,825.50,812.00,819.50,1591900,0
EXPN.L,20110721,815.50,821.00,811.00,816.00,1976000,0
EXPN.L,20110720,813.50,818.50,807.50,815.00,1462400,0
EXPN.L,20110719,806.00,813.00,801.00,811.00,2401700,0
EXPN.L,20110718,800.50,807.00,793.50,802.00,2872900,0
EXPN.L,20110715,805.00,805.00,794.50,803.50,4129600,0
EXPN.L,20110714,816.00,816.50,806.50,811.00,3411300,0
EXPN.L,20110713,806.00,820.50,802.50,820.00,2518100,0
EXPN.L,20110712,794.00,809.50,780.50,806.50,5982200,0
EXPN.L,20110711,822.50,824.00,799.50,803.50,3737000,0
EXPN.L,20110708,836.50,841.50,823.50,824.00,2066500,0
EXPN.L,20110707,826.00,834.50,822.50,833.50,1531400,0
EXPN.L,20110706,815.00,825.50,812.00,823.00,2200500,0
EXPN.L,20110705,807.50,813.50,802.50,811.00,2207100,0
EXPN.L,20110704,804.50,813.50,801.45,806.00,1154800,0
EXPN.L,20110701,795.00,801.50,789.00,801.50,2596500,0
EXPN.L,20110630,784.50,793.50,781.50,793.50,2059600,0
EXPN.L,20110629,767.00,784.00,767.00,783.00,2519200,0
EXPN.L,20110628,754.00,764.50,754.00,764.25,2268900,0
EXPN.L,20110627,757.00,761.00,749.50,752.00,1756400,0
EXPN.L,20110624,759.00,760.09,748.00,758.00,5878800,0
EXPN.L,20110623,757.00,757.00,749.50,752.50,3967400,0
EXPN.L,20110622,760.50,768.00,759.91,761.00,2839500,0
EXPN.L,20110621,778.50,778.50,771.50,775.00,2843600,0
EXPN.L,20110620,775.50,777.00,767.50,775.00,2001300,0
EXPN.L,20110617,775.50,783.50,774.00,780.00,3040700,0
EXPN.L,20110616,783.00,784.50,772.50,779.50,2231900,0
EXPN.L,20110615,801.50,801.50,760.00,785.00,8172300,0
EXPN.L,20110614,789.00,808.00,788.50,800.50,3111300,0
EXPN.L,20110613,783.50,789.00,782.00,785.00,1284200,0
EXPN.L,20110610,803.50,803.50,781.00,783.00,2943600,0
EXPN.L,20110609,779.50,806.50,779.50,802.50,1967000,0
EXPN.L,20110608,784.50,787.00,777.50,779.00,1594800,0
EXPN.L,20110607,785.00,788.00,783.00,786.50,1504500,0
EXPN.L,20110606,789.00,794.00,783.50,785.50,1425300,0
EXPN.L,20110603,790.00,794.50,784.50,792.00,4547400,0
EXPN.L,20110602,792.50,800.00,789.50,790.50,2362100,0
EXPN.L,20110601,803.00,803.00,792.50,794.50,2242100,0
EXPN.L,20110531,791.50,807.00,791.50,800.00,3583000,0
EXPN.L,20110527,769.00,777.00,766.50,776.00,1862000,0
EXPN.L,20110526,777.00,777.00,764.50,765.50,2305800,0
EXPN.L,20110525,770.00,778.50,766.00,775.50,1900900,0
EXPN.L,20110524,767.50,775.50,765.51,774.00,3813400,0
EXPN.L,20110523,784.50,785.50,767.00,767.00,2533000,0
EXPN.L,20110520,800.50,806.00,789.50,791.00,3006900,0
EXPN.L,20110519,800.00,806.00,796.00,798.00,2308000,0
EXPN.L,20110518,798.50,803.50,794.00,796.00,3961500,0
EXPN.L,20110517,806.00,812.50,797.00,797.00,2024700,0
EXPN.L,20110516,809.50,818.00,805.00,810.00,1186400,0
EXPN.L,20110513,817.00,825.00,813.00,814.50,822100,0
EXPN.L,20110512,812.00,815.00,805.00,815.00,1510300,0
EXPN.L,20110511,823.00,823.00,814.00,816.50,2380200,0
EXPN.L,20110510,810.00,820.03,808.50,817.00,1885700,0
EXPN.L,20110509,805.00,814.00,804.00,809.50,1956900,0
EXPN.L,20110506,807.50,813.00,802.50,809.50,2689600,0
EXPN.L,20110505,807.00,812.50,805.00,807.00,2142300,0
EXPN.L,20110504,814.50,814.50,802.00,808.00,2899700,0
EXPN.L,20110503,812.50,815.50,808.50,813.50,1847400,0
EXPN.L,20110428,813.00,814.00,804.50,806.50,1894400,0
EXPN.L,20110427,809.50,820.49,807.03,810.00,1266900,0
EXPN.L,20110426,801.50,809.00,796.50,808.00,921600,0
EXPN.L,20110421,796.50,802.50,795.50,801.00,973400,0
EXPN.L,20110420,788.50,806.75,788.50,797.00,1397700,0
EXPN.L,20110419,777.00,786.41,776.50,781.00,1086000,0
EXPN.L,20110418,785.00,786.50,770.50,773.50,1660700,0
EXPN.L,20110415,783.00,789.50,779.50,783.50,1558400,0
EXPN.L,20110414,778.50,786.00,774.50,783.00,1836000,0
EXPN.L,20110413,770.00,780.50,768.00,778.50,1871000,0
EXPN.L,20110412,772.00,772.00,766.00,768.50,1134700,0
EXPN.L,20110411,775.00,778.00,770.00,773.00,1490100,0
EXPN.L,20110408,776.00,787.50,774.50,776.00,2234400,0
EXPN.L,20110407,775.50,778.00,769.50,770.00,1650300,0
EXPN.L,20110406,784.00,784.50,773.50,775.50,1061200,0
EXPN.L,20110405,775.50,783.50,772.00,781.50,1473700,0
EXPN.L,20110404,774.50,782.50,774.00,776.50,1406000,0
EXPN.L,20110401,774.50,779.00,774.00,777.00,1843100,0
EXPN.L,20110331,777.00,779.50,772.00,772.00,2774500,0
EXPN.L,20110330,781.50,783.50,775.00,777.50,1838400,0
EXPN.L,20110329,776.00,779.00,765.50,776.00,1387000,0
EXPN.L,20110328,773.50,779.00,769.00,776.50,1423300,0
EXPN.L,20110325,784.00,785.00,771.00,772.00,2181500,0
EXPN.L,20110324,776.50,784.50,772.50,781.50,2430400,0
EXPN.L,20110323,756.00,778.00,754.00,778.00,2350400,0
EXPN.L,20110322,760.00,762.50,755.50,758.50,1981800,0
EXPN.L,20110321,753.00,762.50,750.00,759.50,1741300,0
EXPN.L,20110318,741.50,755.50,740.50,746.00,4836400,0
EXPN.L,20110317,733.00,743.50,726.00,741.00,2756300,0
EXPN.L,20110316,731.50,740.50,724.00,729.00,3195900,0
EXPN.L,20110315,734.00,739.50,719.00,731.00,3997300,0
EXPN.L,20110314,736.50,746.50,731.50,744.00,1716600,0
EXPN.L,20110311,759.50,759.50,738.50,740.00,2476000,0
EXPN.L,20110310,773.50,781.00,761.50,764.00,1927100,0
EXPN.L,20110309,773.00,783.00,772.50,777.50,1107900,0
EXPN.L,20110308,783.00,785.50,762.66,772.50,1807600,0
EXPN.L,20110307,773.00,784.00,767.50,780.00,1727600,0
EXPN.L,20110304,778.00,782.50,774.00,774.00,1337400,0
EXPN.L,20110303,769.00,783.50,765.75,777.00,1502400,0
EXPN.L,20110302,773.00,773.00,762.50,766.50,1654400,0
EXPN.L,20110301,783.00,788.00,772.00,777.00,1377800,0
EXPN.L,20110228,768.50,784.00,767.50,780.00,214300,0
EXPN.L,20110225,761.00,774.00,757.00,770.50,215928000,0
EXPN.L,20110224,754.00,768.00,751.00,755.50,239929000,0
EXPN.L,20110223,768.00,771.50,758.50,760.00,2578600,0
EXPN.L,20110222,771.50,775.50,754.50,771.50,4514900,0
EXPN.L,20110221,789.00,789.00,772.00,772.00,1223900,0
EXPN.L,20110218,784.00,788.00,779.00,787.00,3289100,0
EXPN.L,20110217,795.00,798.00,782.00,785.50,1382500,0
EXPN.L,20110216,801.00,801.00,793.00,796.50,1501900,0
EXPN.L,20110215,802.50,804.00,796.00,797.00,1899700,0
EXPN.L,20110214,801.50,801.50,796.50,800.00,1416500,0
EXPN.L,20110211,800.00,805.50,791.50,803.50,1221400,0
EXPN.L,20110210,798.50,810.00,790.00,796.50,1996700,0
EXPN.L,20110209,793.50,800.50,792.50,798.00,1728800,0
EXPN.L,20110208,790.00,795.00,786.50,791.50,1592000,0
EXPN.L,20110207,780.50,796.50,780.50,790.50,2286200,0
EXPN.L,20110204,779.00,784.50,777.50,781.50,1824400,0
EXPN.L,20110203,778.00,781.00,766.00,774.50,2816100,0
EXPN.L,20110202,781.50,791.00,769.00,778.00,1989800,0
EXPN.L,20110201,777.50,784.50,775.00,782.00,1351800,0
EXPN.L,20110131,771.00,776.50,760.00,775.00,1963800,0
EXPN.L,20110128,777.50,780.50,771.50,775.00,1911100,0
EXPN.L,20110127,784.50,786.50,770.00,780.00,2168000,0
EXPN.L,20110126,777.00,790.00,775.50,782.50,2472000,0
EXPN.L,20110125,775.00,778.00,767.00,773.00,1696100,0
EXPN.L,20110124,762.00,780.50,759.50,774.00,1940400,0
EXPN.L,20110121,762.50,764.50,752.00,761.50,1942700,0
EXPN.L,20110120,772.50,776.00,747.50,757.50,2465200,0
EXPN.L,20110119,780.00,782.00,770.00,773.50,1843000,0
EXPN.L,20110118,775.50,780.00,751.50,779.00,2629300,0
EXPN.L,20110117,776.00,780.00,770.50,775.50,1209400,0
EXPN.L,20110114,776.50,783.00,767.00,775.00,2067900,0
EXPN.L,20110113,779.00,782.00,770.00,775.50,1466800,0
EXPN.L,20110112,788.00,790.00,776.50,780.50,1954400,0
EXPN.L,20110111,775.00,796.00,775.00,786.50,2904300,0
EXPN.L,20110110,777.00,780.50,770.50,774.00,1453200,0
EXPN.L,20110107,782.50,785.00,772.00,775.50,2482200,0
EXPN.L,20110106,796.00,796.00,784.00,784.50,1669700,0
EXPN.L,20110105,800.00,800.00,792.50,795.00,1747600,0
EXPN.L,20110104,795.00,802.50,782.00,800.00,2175500,0
EXPN.L,20101231,803.00,807.50,791.50,798.00,554500,0
EXPN.L,20101230,806.00,808.00,795.00,802.50,863200,0
EXPN.L,20101229,815.00,820.00,804.00,807.00,1038200,0
EXPN.L,20101224,813.00,815.00,810.50,815.00,131200,0
EXPN.L,20101223,817.00,819.00,809.00,819.00,1126800,0
EXPN.L,20101222,813.50,815.00,807.00,812.50,1731200,0
EXPN.L,20101221,816.00,818.00,810.50,813.00,1157800,0
EXPN.L,20101220,816.50,819.50,810.50,813.00,1305000,0
EXPN.L,20101217,812.00,821.00,807.00,819.69,2294000,0
EXPN.L,20101216,815.00,818.50,803.50,807.50,2539900,0
EXPN.L,20101215,789.50,816.50,787.50,812.50,3221600,0
EXPN.L,20101214,787.00,791.50,783.00,791.50,1026500,0
EXPN.L,20101213,776.50,787.00,776.50,785.00,1337400,0
EXPN.L,20101210,779.00,788.00,774.00,776.50,1589400,0
EXPN.L,20101209,787.50,787.50,774.00,775.00,1275400,0
EXPN.L,20101208,782.50,786.50,781.00,783.50,1263300,0
EXPN.L,20101207,788.50,793.00,782.00,786.00,1416700,0
EXPN.L,20101206,784.00,790.00,782.50,782.50,1362700,0
EXPN.L,20101203,789.50,801.50,784.50,785.00,1991300,0
EXPN.L,20101202,754.00,790.00,752.50,789.00,3242800,0
EXPN.L,20101201,739.00,752.00,733.50,748.00,2992800,0
EXPN.L,20101130,745.00,748.00,734.00,734.50,3573100,0
EXPN.L,20101129,754.50,755.00,743.50,744.00,2230100,0
EXPN.L,20101126,747.00,755.50,745.00,751.00,1139400,0
EXPN.L,20101125,746.00,752.50,742.00,751.00,1103800,0
EXPN.L,20101124,731.50,747.50,724.00,742.50,2129300,0
EXPN.L,20101123,734.00,736.00,724.50,725.50,2532000,0
EXPN.L,20101122,746.50,756.50,732.50,735.00,1482200,0
EXPN.L,20101119,748.00,748.00,735.50,742.50,2194200,0
EXPN.L,20101118,750.00,752.00,739.50,744.50,2567300,0
EXPN.L,20101117,710.50,758.00,706.00,748.00,4479700,0
EXPN.L,20101116,719.00,720.00,702.50,703.50,2167300,0
EXPN.L,20101115,718.00,720.00,710.50,719.50,1475800,0
EXPN.L,20101112,712.00,722.00,707.50,717.50,1223000,0
EXPN.L,20101111,723.50,723.50,714.00,716.00,1558900,0
EXPN.L,20101110,736.50,736.50,721.50,725.00,2673900,0
EXPN.L,20101109,735.00,737.50,732.00,733.96,2603400,0
EXPN.L,20101108,736.00,741.50,734.50,737.00,1842000,0
EXPN.L,20101105,732.50,740.00,729.00,737.50,2545300,0
EXPN.L,20101104,735.50,737.50,717.00,733.00,4342800,0
EXPN.L,20101103,743.50,763.50,734.50,740.00,3009800,0
EXPN.L,20101102,741.50,745.50,734.00,742.00,2300000,0
EXPN.L,20101101,728.00,739.00,726.00,739.00,1495700,0
EXPN.L,20101029,725.50,728.50,721.00,725.50,1958600,0
EXPN.L,20101028,721.50,728.50,721.00,726.00,1635000,0
EXPN.L,20101027,721.50,726.50,718.00,720.50,1996100,0
EXPN.L,20101026,727.00,728.50,721.50,724.00,1869500,0
EXPN.L,20101025,725.00,729.50,724.50,726.00,1078800,0
EXPN.L,20101022,721.00,725.50,718.00,724.00,1114100,0
EXPN.L,20101021,712.00,724.50,707.00,723.00,2213500,0
EXPN.L,20101020,712.50,714.50,707.00,712.50,1146000,0
EXPN.L,20101019,708.00,726.00,706.00,712.00,2572500,0
EXPN.L,20101018,704.00,713.00,701.50,709.00,1877900,0
EXPN.L,20101015,706.00,710.00,701.00,707.50,3045600,0
EXPN.L,20101014,699.00,709.00,699.00,702.00,1465400,0
EXPN.L,20101013,684.00,700.50,684.00,700.00,2411600,0
EXPN.L,20101012,677.50,682.50,675.00,680.50,1550200,0
EXPN.L,20101011,675.00,684.50,671.00,684.50,1366300,0
EXPN.L,20101008,680.50,681.50,666.50,671.50,1785900,0
EXPN.L,20101007,688.00,688.00,677.50,680.50,1819100,0
EXPN.L,20101006,685.00,690.50,682.50,685.00,1719700,0
EXPN.L,20101005,679.50,683.00,672.50,682.50,3058500,0
EXPN.L,20101004,672.50,678.00,670.50,676.00,2386200,0
EXPN.L,20101001,695.50,695.50,671.50,674.00,2984200,0
EXPN.L,20100930,692.00,698.50,687.50,693.00,2719800,0
EXPN.L,20100929,683.50,697.00,683.50,692.00,1649100,0
EXPN.L,20100928,682.00,686.00,674.50,685.00,1425400,0
EXPN.L,20100927,678.00,686.50,677.50,681.50,1360100,0
EXPN.L,20100924,671.50,680.50,671.50,678.50,1256200,0
EXPN.L,20100923,672.50,678.00,668.00,674.00,1922100,0
EXPN.L,20100922,671.50,672.50,662.00,669.00,2529300,0
EXPN.L,20100921,671.50,673.50,668.00,668.50,1477200,0
EXPN.L,20100920,665.50,674.00,665.50,671.50,1946700,0
EXPN.L,20100917,678.00,683.00,663.00,663.00,2960000,0
EXPN.L,20100916,676.50,680.00,672.00,673.50,1276700,0
EXPN.L,20100915,670.00,677.00,669.50,674.00,1933500,0
EXPN.L,20100914,665.00,676.50,663.00,668.50,3368600,0
EXPN.L,20100913,662.50,667.00,659.00,664.50,1300300,0
EXPN.L,20100910,662.00,667.00,659.00,659.50,2393700,0
EXPN.L,20100909,654.00,662.00,649.00,662.00,2154200,0
EXPN.L,20100908,646.50,657.50,637.50,654.00,2123100,0
EXPN.L,20100907,651.50,654.00,646.00,649.00,1183200,0
EXPN.L,20100906,650.50,652.50,648.00,651.00,474800,0
EXPN.L,20100903,646.50,651.50,640.50,650.00,1773600,0
EXPN.L,20100902,642.50,646.00,641.00,644.00,1330700,0
EXPN.L,20100901,624.50,644.50,620.50,644.50,2130300,0
EXPN.L,20100831,620.00,626.00,615.00,621.50,2174400,0
EXPN.L,20100827,613.00,628.00,613.00,626.00,1428000,0
EXPN.L,20100826,610.00,621.00,608.50,616.50,1286100,0
EXPN.L,20100825,614.50,617.50,603.50,606.00,2015000,0
EXPN.L,20100824,619.50,624.00,612.50,616.50,1550500,0
EXPN.L,20100823,624.00,629.50,617.50,622.50,1885800,0
EXPN.L,20100820,627.50,628.00,619.50,622.00,1361400,0
EXPN.L,20100819,638.50,641.50,622.50,624.50,1987600,0
EXPN.L,20100818,636.00,641.00,631.50,637.00,1621500,0
EXPN.L,20100817,620.00,635.00,616.50,634.00,1242000,0
EXPN.L,20100816,620.00,621.50,613.50,619.50,812800,0
EXPN.L,20100813,617.00,624.00,613.00,617.50,1045800,0
EXPN.L,20100812,624.00,624.00,613.00,617.50,1375500,0
EXPN.L,20100811,633.50,636.50,621.50,621.50,1924800,0
EXPN.L,20100810,631.50,638.50,627.50,634.00,4593000,0
EXPN.L,20100809,630.50,634.00,625.00,631.50,2370300,0
EXPN.L,20100806,631.50,635.50,617.00,623.50,2827300,0
EXPN.L,20100805,635.50,636.50,626.50,628.50,1475200,0
EXPN.L,20100804,633.00,639.00,625.00,634.00,1624600,0
EXPN.L,20100803,637.00,638.00,629.00,634.00,1391600,0
EXPN.L,20100802,630.50,644.50,630.00,637.00,1790800,0
EXPN.L,20100730,634.50,635.00,621.50,627.50,1829700,0
EXPN.L,20100729,634.00,642.50,632.00,635.00,1303900,0
EXPN.L,20100728,641.50,644.00,632.00,634.00,1728100,0
EXPN.L,20100727,650.00,650.00,634.00,637.00,2424900,0
EXPN.L,20100726,657.50,657.50,643.00,647.00,3218300,0
EXPN.L,20100723,649.50,654.00,644.00,653.00,2638300,0
EXPN.L,20100722,646.50,650.00,641.50,649.00,2217700,0
EXPN.L,20100721,638.50,647.50,638.50,646.50,2810200,0
EXPN.L,20100720,651.50,651.50,630.00,636.00,3277100,0
EXPN.L,20100719,649.00,652.50,641.50,648.50,1656500,0
EXPN.L,20100716,652.00,656.00,644.50,649.00,4532700,0
EXPN.L,20100715,646.00,654.50,633.50,649.00,5767800,0
EXPN.L,20100714,636.00,636.00,625.00,633.50,1348100,0
EXPN.L,20100713,614.50,632.00,612.00,632.00,3196600,0
EXPN.L,20100712,603.00,613.50,601.00,613.00,2541500,0
EXPN.L,20100709,601.50,606.50,598.50,605.00,3873800,0
EXPN.L,20100708,595.50,599.50,592.00,597.00,1583900,0
EXPN.L,20100707,582.50,590.00,582.00,589.00,1767400,0
EXPN.L,20100706,583.50,590.50,583.00,587.50,2133900,0
EXPN.L,20100705,580.50,585.50,578.00,582.50,1325600,0
EXPN.L,20100702,588.00,588.50,577.50,578.00,1771000,0
EXPN.L,20100701,581.00,589.50,578.50,584.00,2769300,0
EXPN.L,20100630,602.00,602.50,584.00,586.00,4744000,0
EXPN.L,20100629,610.00,611.50,601.50,602.00,1941500,0
EXPN.L,20100628,609.00,616.00,608.00,614.50,1573400,0
EXPN.L,20100625,618.00,618.00,610.00,610.50,1556700,0
EXPN.L,20100624,616.50,618.50,610.50,614.50,1863200,0
EXPN.L,20100623,617.00,624.50,613.50,617.94,2342100,0
EXPN.L,20100622,633.50,640.00,628.50,630.00,2557600,0
EXPN.L,20100621,641.50,647.00,635.50,636.50,1632400,0
EXPN.L,20100618,644.00,644.00,633.50,635.50,2814300,0
EXPN.L,20100617,639.00,646.00,636.50,641.00,2256400,0
EXPN.L,20100616,633.00,639.00,631.50,639.00,2358200,0
EXPN.L,20100615,622.00,631.50,621.00,627.50,2164400,0
EXPN.L,20100614,626.00,627.00,621.50,624.50,2760300,0
EXPN.L,20100611,624.00,625.50,616.50,622.00,2342000,0
EXPN.L,20100610,608.50,624.00,607.50,621.00,2803600,0
EXPN.L,20100609,612.00,617.50,604.00,610.50,2913100,0
EXPN.L,20100608,614.50,619.50,607.50,609.50,3533400,0
EXPN.L,20100607,609.50,617.00,607.50,615.00,4314300,0
EXPN.L,20100604,636.00,639.50,617.00,621.00,2863100,0
EXPN.L,20100603,640.00,643.50,635.00,636.00,1726900,0
EXPN.L,20100602,628.50,632.50,622.50,630.00,4434700,0
EXPN.L,20100601,618.50,634.50,616.50,631.50,3827400,0
EXPN.L,20100528,610.50,626.00,608.00,618.50,4231800,0
EXPN.L,20100527,597.00,606.00,593.50,606.00,2723100,0
EXPN.L,20100526,594.00,600.00,588.50,594.00,3742800,0
EXPN.L,20100525,587.50,592.00,582.50,584.00,3932000,0
EXPN.L,20100524,595.00,602.00,593.00,598.40,3260200,0
EXPN.L,20100521,591.00,597.00,588.00,592.00,4982100,0
EXPN.L,20100520,605.00,609.00,591.50,594.00,5743100,0
EXPN.L,20100519,605.50,614.50,596.00,606.00,5120500,0
EXPN.L,20100518,597.00,613.00,591.50,609.00,3374600,0
EXPN.L,20100517,571.50,595.50,565.50,591.00,3543100,0
EXPN.L,20100514,598.50,599.00,574.50,575.50,5517300,0
EXPN.L,20100513,606.50,609.50,594.50,598.00,1703200,0
EXPN.L,20100512,583.00,604.50,582.50,602.00,3629300,0
EXPN.L,20100511,581.00,585.50,576.00,584.50,3830400,0
EXPN.L,20100510,572.00,589.00,565.00,586.50,5816900,0
EXPN.L,20100507,582.50,589.50,566.50,572.00,6115300,0
EXPN.L,20100506,595.00,609.00,592.50,600.00,4014900,0
EXPN.L,20100505,605.00,607.00,599.00,600.50,3196200,0
EXPN.L,20100504,612.50,622.50,606.50,608.00,2899300,0
EXPN.L,20100430,613.00,616.00,605.00,607.50,2582200,0
EXPN.L,20100429,599.00,613.00,599.00,610.50,2109000,0
EXPN.L,20100428,603.00,604.00,595.00,599.00,3625500,0
EXPN.L,20100427,620.50,622.50,607.00,607.00,3362300,0
EXPN.L,20100426,629.00,631.00,619.00,622.00,3159700,0
EXPN.L,20100423,615.00,625.50,612.50,624.50,4836400,0
EXPN.L,20100422,616.00,619.00,609.50,612.50,2060200,0
EXPN.L,20100421,622.50,623.00,616.50,618.50,3374300,0
EXPN.L,20100420,615.00,623.50,615.00,621.00,3403500,0
EXPN.L,20100419,614.00,618.50,610.50,614.00,2140500,0
EXPN.L,20100416,613.50,620.00,613.50,614.50,3971500,0
EXPN.L,20100415,635.00,640.50,612.00,616.50,6721300,0
EXPN.L,20100414,634.00,638.00,629.00,635.00,2648100,0
EXPN.L,20100413,633.00,634.50,627.50,629.50,2337300,0
EXPN.L,20100412,635.00,635.00,624.50,631.00,2652800,0
EXPN.L,20100409,634.00,640.50,630.00,636.00,2246700,0
EXPN.L,20100408,638.00,638.50,618.50,631.00,3279000,0
EXPN.L,20100407,646.50,649.00,637.00,640.00,2486700,0
EXPN.L,20100406,651.50,657.50,645.50,647.50,1957000,0
EXPN.L,20100401,649.00,654.50,646.00,652.00,1803600,0
EXPN.L,20100331,650.00,654.00,644.50,648.50,3246900,0
EXPN.L,20100330,664.00,664.00,652.00,653.00,2135600,0
EXPN.L,20100329,662.50,664.00,657.50,661.00,7411200,0
EXPN.L,20100326,649.00,664.50,648.00,660.00,8415100,0
EXPN.L,20100325,646.50,654.50,641.00,651.00,1327100,0
EXPN.L,20100324,651.50,656.50,645.50,647.50,2026100,0
EXPN.L,20100323,649.00,654.50,648.00,650.00,1619500,0
EXPN.L,20100322,647.50,650.50,643.50,646.50,1817200,0
EXPN.L,20100319,641.00,656.00,641.00,651.50,5238100,0
EXPN.L,20100318,627.00,648.50,627.00,642.00,3089600,0
EXPN.L,20100317,631.00,631.50,625.50,628.00,1272700,0
EXPN.L,20100316,628.00,629.00,624.00,628.00,2948900,0
EXPN.L,20100315,631.50,632.00,624.50,625.00,1553500,0
EXPN.L,20100312,628.50,635.50,628.50,630.00,1556000,0
EXPN.L,20100311,635.50,638.50,628.00,628.50,1954800,0
EXPN.L,20100310,637.00,643.00,634.50,636.50,2104400,0
EXPN.L,20100309,632.50,637.00,628.00,635.50,2034600,0
EXPN.L,20100308,633.00,638.00,629.50,632.00,1756300,0
EXPN.L,20100305,618.00,632.00,615.00,631.50,2060800,0
EXPN.L,20100304,617.50,621.00,614.50,617.00,2822900,0
EXPN.L,20100303,622.00,629.00,615.00,619.00,6224700,0
EXPN.L,20100302,614.00,627.50,613.50,624.50,6844200,0
EXPN.L,20100301,611.50,619.50,611.50,615.00,3227000,0
EXPN.L,20100226,613.50,616.50,600.00,607.00,3646000,0
EXPN.L,20100225,619.50,623.50,610.50,611.00,1493000,0
EXPN.L,20100224,626.50,627.50,618.50,621.50,1651600,0
EXPN.L,20100223,622.00,626.50,621.00,624.00,1983200,0
EXPN.L,20100222,619.00,622.50,617.50,618.50,1029400,0
EXPN.L,20100219,610.50,619.00,609.50,618.50,2851200,0
EXPN.L,20100218,607.50,613.00,604.50,612.50,1659800,0
EXPN.L,20100217,604.00,607.00,599.00,605.50,2957400,0
EXPN.L,20100216,604.00,605.00,594.50,600.00,2855700,0
EXPN.L,20100215,603.00,608.00,598.00,600.00,1004600,0
EXPN.L,20100212,613.50,618.00,601.50,602.50,4101100,0
EXPN.L,20100211,599.50,612.00,599.50,611.00,2978000,0
EXPN.L,20100210,598.00,602.00,595.50,600.00,3238800,0
EXPN.L,20100209,601.00,605.00,594.00,596.50,3631200,0
EXPN.L,20100208,594.50,604.50,593.00,603.00,1985300,0
EXPN.L,20100205,599.00,601.00,588.50,594.00,2311100,0
EXPN.L,20100204,608.00,610.00,597.50,601.00,4062200,0
EXPN.L,20100203,612.00,615.50,606.00,606.50,1968800,0
EXPN.L,20100202,592.00,613.50,591.50,612.50,2822500,0
EXPN.L,20100201,596.00,599.00,589.50,591.50,1957300,0
EXPN.L,20100129,588.00,601.50,587.50,598.50,3658500,0
EXPN.L,20100128,603.00,603.50,586.50,586.50,3030800,0
EXPN.L,20100127,605.00,605.50,597.50,599.00,2569200,0
EXPN.L,20100126,605.00,609.00,597.50,608.00,2183700,0
EXPN.L,20100125,601.00,609.00,597.00,606.50,1984500,0
EXPN.L,20100122,606.50,607.50,598.00,602.00,4024300,0
EXPN.L,20100121,617.50,625.00,607.50,608.00,1933000,0
EXPN.L,20100120,618.00,619.50,605.50,615.00,3173500,0
EXPN.L,20100119,608.50,618.50,602.50,617.00,3086400,0
EXPN.L,20100118,607.00,611.00,606.50,608.50,1350400,0
EXPN.L,20100115,603.00,612.00,600.50,603.50,5394600,0
EXPN.L,20100114,597.00,599.00,592.00,598.50,3120800,0
EXPN.L,20100113,597.00,598.00,591.50,595.00,1924700,0
EXPN.L,20100112,599.50,604.50,595.50,598.00,2153000,0
EXPN.L,20100111,602.50,605.00,598.50,600.50,1770000,0
EXPN.L,20100108,602.50,603.50,595.00,599.00,2236200,0
EXPN.L,20100107,603.50,607.50,600.50,601.00,2552800,0
EXPN.L,20100106,609.00,613.00,603.50,605.00,1534800,0
EXPN.L,20100105,616.50,616.50,605.00,609.00,1607500,0
EXPN.L,20100104,612.50,618.50,612.00,618.50,1079600,0
EXPN.L,20091231,612.00,616.50,609.00,615.00,343000,0
EXPN.L,20091230,617.50,620.50,609.50,613.00,611000,0
EXPN.L,20091229,606.00,621.50,605.50,619.00,1120000,0
EXPN.L,20091224,613.50,620.50,612.00,614.00,300700,0
EXPN.L,20091223,620.00,621.50,612.00,619.00,847100,0
EXPN.L,20091222,614.50,621.50,614.00,616.50,1442100,0
EXPN.L,20091221,614.50,619.50,606.50,615.00,1500300,0
EXPN.L,20091218,622.50,623.50,611.50,611.50,4226300,0
EXPN.L,20091217,619.50,639.00,619.00,622.50,7963800,0
EXPN.L,20091216,617.00,623.50,617.00,623.00,4842400,0
EXPN.L,20091215,620.50,622.00,610.50,614.50,1476800,0
EXPN.L,20091214,625.50,626.50,614.50,617.50,1559900,0
EXPN.L,20091211,602.50,626.50,600.00,619.50,3637900,0
EXPN.L,20091210,597.50,601.00,595.50,601.00,2394900,0
EXPN.L,20091209,600.50,610.00,598.00,598.00,2862100,0
EXPN.L,20091208,596.50,601.50,595.00,597.50,2471000,0
EXPN.L,20091207,601.50,601.50,594.50,599.00,2009100,0
EXPN.L,20091204,589.50,603.50,582.50,602.00,2224400,0
EXPN.L,20091203,593.00,597.00,588.50,591.00,2096200,0
EXPN.L,20091202,590.00,595.50,587.50,590.00,1718400,0
EXPN.L,20091201,578.00,589.50,574.00,589.00,1856600,0
EXPN.L,20091130,577.50,581.00,571.00,573.00,2277600,0
EXPN.L,20091127,564.00,580.50,559.00,577.50,1540300,0
EXPN.L,20091126,585.00,587.00,569.50,569.50,1522100,0
EXPN.L,20091125,587.00,587.50,581.00,587.50,2680900,0
EXPN.L,20091124,584.50,593.00,581.00,583.00,1807800,0
EXPN.L,20091123,576.50,588.50,576.50,586.00,2231900,0
EXPN.L,20091120,575.00,577.50,565.50,573.50,3538300,0
EXPN.L,20091119,592.00,592.00,569.50,573.00,3129700,0
EXPN.L,20091118,599.00,604.00,575.50,589.00,4941900,0
EXPN.L,20091117,585.50,594.00,583.00,589.00,2502800,0
EXPN.L,20091116,594.50,598.00,588.50,590.00,3479400,0
EXPN.L,20091113,591.00,595.50,585.00,593.50,3154000,0
EXPN.L,20091112,587.50,591.50,585.00,588.00,2532000,0
EXPN.L,20091111,588.50,591.50,582.00,588.00,5699600,0
EXPN.L,20091110,585.00,592.00,584.50,587.00,1924600,0
EXPN.L,20091109,585.00,592.50,582.00,587.00,3189100,0
EXPN.L,20091106,578.00,586.50,573.00,583.00,2139100,0
EXPN.L,20091105,564.50,579.50,561.00,575.50,1816400,0
EXPN.L,20091104,574.00,574.50,564.00,569.00,2768700,0
EXPN.L,20091103,569.00,570.00,564.00,567.50,2511400,0
EXPN.L,20091102,558.50,576.00,553.50,574.00,3058200,0
EXPN.L,20091030,559.50,571.50,555.00,559.00,3027200,0
EXPN.L,20091029,551.50,560.50,551.50,559.50,2650300,0
EXPN.L,20091028,560.00,560.50,550.00,553.50,1683200,0
EXPN.L,20091027,565.50,568.00,559.50,563.00,1978000,0
EXPN.L,20091026,574.50,577.50,562.50,566.00,2600500,0
EXPN.L,20091023,567.50,575.50,566.00,574.00,1970200,0
EXPN.L,20091022,570.00,575.00,560.50,563.00,2828600,0
EXPN.L,20091021,570.00,572.00,559.00,564.00,2516000,0
EXPN.L,20091020,570.00,576.00,564.00,569.50,1548600,0
EXPN.L,20091019,570.00,578.00,564.00,570.50,1935500,0
EXPN.L,20091016,556.50,573.50,554.00,570.00,5154000,0
EXPN.L,20091015,545.00,557.50,542.50,553.50,9033200,0
EXPN.L,20091014,536.00,546.00,530.50,541.50,6718700,0
EXPN.L,20091013,539.50,540.00,527.00,529.50,3870300,0
EXPN.L,20091012,527.00,541.00,527.00,537.00,3518300,0
EXPN.L,20091009,527.00,534.50,527.00,528.00,1520000,0
EXPN.L,20091008,526.50,534.50,526.00,530.00,2195500,0
EXPN.L,20091007,525.50,531.50,520.00,521.00,2080200,0
EXPN.L,20091006,524.50,531.00,523.00,525.50,1902600,0
EXPN.L,20091005,524.50,526.50,516.50,523.00,2232400,0
EXPN.L,20091002,525.00,530.00,517.50,523.00,2130800,0
EXPN.L,20091001,529.00,539.50,522.50,524.50,3106300,0
EXPN.L,20090930,529.50,531.00,521.50,526.50,3310500,0
EXPN.L,20090929,525.00,531.00,521.50,527.50,1209100,0
EXPN.L,20090928,521.00,528.50,516.50,527.00,1791300,0
EXPN.L,20090925,523.50,526.00,518.50,520.00,2140900,0
EXPN.L,20090924,526.00,527.50,520.00,522.50,3510700,0
EXPN.L,20090923,518.00,527.50,518.00,525.00,3039700,0
EXPN.L,20090922,515.50,520.50,512.50,516.50,2892500,0
EXPN.L,20090921,512.00,517.00,509.50,514.00,2589400,0
EXPN.L,20090918,516.50,519.00,510.50,512.00,5529800,0
EXPN.L,20090917,514.00,520.50,509.50,518.00,2771600,0
EXPN.L,20090916,504.50,511.50,500.50,509.50,2273500,0
EXPN.L,20090915,505.50,508.50,499.00,504.00,1804300,0
EXPN.L,20090914,499.60,507.50,495.00,505.50,1282100,0
EXPN.L,20090911,497.90,505.00,497.80,502.00,2271700,0
EXPN.L,20090910,497.70,502.00,489.00,496.70,3669500,0
EXPN.L,20090909,502.00,503.00,493.60,495.50,5349400,0
EXPN.L,20090908,506.50,511.00,504.50,506.00,1754600,0
EXPN.L,20090907,501.00,508.50,498.50,505.00,2519900,0
EXPN.L,20090904,501.50,505.00,494.50,498.90,4079300,0
EXPN.L,20090903,515.00,517.00,494.80,499.30,3550300,0
EXPN.L,20090902,508.00,516.00,505.00,515.00,2180200,0
EXPN.L,20090901,522.50,524.50,509.50,510.50,2548200,0
EXPN.L,20090831,517.50,517.50,517.50,517.50,000,0
EXPN.L,20090828,518.00,524.00,517.50,517.50,2619500,0
EXPN.L,20090827,518.00,523.00,512.50,515.00,8161500,0
EXPN.L,20090826,522.00,527.50,518.00,518.50,2916800,0
EXPN.L,20090825,526.00,530.00,523.50,525.00,1932100,0
EXPN.L,20090824,530.00,533.50,526.50,530.00,2458400,0
EXPN.L,20090821,525.00,535.00,524.00,528.00,3057000,0
EXPN.L,20090820,521.00,530.50,521.00,525.00,1504500,0
EXPN.L,20090819,515.50,522.00,514.00,518.50,1444300,0
EXPN.L,20090818,515.00,518.50,512.50,517.50,475500,0
EXPN.L,20090817,520.50,524.00,512.00,515.50,657900,0
EXPN.L,20090814,520.00,525.50,516.00,521.00,673400,0
EXPN.L,20090813,517.00,525.50,514.50,521.00,573400,0
EXPN.L,20090812,515.00,519.50,510.00,516.50,836100,0
EXPN.L,20090811,515.00,520.50,510.00,514.50,542500,0
EXPN.L,20090810,509.50,518.50,507.50,516.00,722700,0
EXPN.L,20090807,496.70,515.50,495.00,512.50,1361400,0
EXPN.L,20090806,500.50,501.50,493.30,499.50,489100,0
EXPN.L,20090805,491.70,501.50,491.70,500.00,999100,0
EXPN.L,20090804,489.20,495.90,488.60,494.20,472300,0
EXPN.L,20090803,495.20,498.20,488.60,491.60,763600,0
EXPN.L,20090731,486.00,501.00,484.00,494.00,891300,0
EXPN.L,20090730,483.00,490.00,480.25,488.50,778200,0
EXPN.L,20090729,478.25,486.25,475.75,483.07,933400,0
EXPN.L,20090728,480.00,480.25,476.00,477.25,572900,0
EXPN.L,20090727,473.50,480.25,471.25,478.50,1545100,0
EXPN.L,20090724,473.00,477.50,463.25,467.50,940100,0
EXPN.L,20090723,471.75,477.75,469.50,476.73,468800,0
EXPN.L,20090722,467.50,475.00,459.00,471.39,534300,0
EXPN.L,20090721,454.25,468.25,454.25,465.50,809500,0
EXPN.L,20090720,458.25,461.00,450.50,454.00,485400,0
EXPN.L,20090717,452.00,459.00,452.00,456.75,1145300,0
EXPN.L,20090716,449.25,455.75,446.00,451.00,1574800,0
EXPN.L,20090715,449.75,451.00,442.75,447.05,768400,0
EXPN.L,20090714,447.00,450.25,443.00,445.75,427300,0
EXPN.L,20090713,446.00,451.75,437.50,447.50,653900,0
EXPN.L,20090710,449.75,454.25,447.25,450.19,873900,0
EXPN.L,20090709,453.75,457.00,448.75,450.33,408700,0
EXPN.L,20090708,446.50,456.00,446.00,449.76,1228000,0
EXPN.L,20090707,455.00,460.50,448.50,450.61,763200,0
EXPN.L,20090706,451.50,455.50,448.00,452.25,905300,0
EXPN.L,20090703,453.75,455.00,447.75,451.82,334100,0
EXPN.L,20090702,455.75,461.25,445.50,453.31,1982700,0
EXPN.L,20090701,457.50,464.50,451.00,456.23,822500,0
EXPN.L,20090630,451.75,456.25,448.00,454.02,2509200,0
EXPN.L,20090629,436.00,450.75,435.75,450.25,1006600,0
EXPN.L,20090626,442.00,445.00,434.00,436.75,1717000,0
EXPN.L,20090625,445.75,449.25,439.25,440.25,3014700,0
EXPN.L,20090624,450.00,453.50,442.00,444.81,1357900,0
EXPN.L,20090623,455.75,468.00,455.75,458.75,562000,0
EXPN.L,20090622,468.50,469.75,456.75,459.29,746400,0
EXPN.L,20090619,461.75,471.75,460.25,470.00,2628100,0
EXPN.L,20090618,466.25,468.00,460.00,462.75,615400,0
EXPN.L,20090617,464.75,468.75,457.75,463.50,468800,0
EXPN.L,20090616,465.50,473.25,464.00,466.00,427100,0
EXPN.L,20090615,468.75,469.00,463.00,463.50,659300,0
EXPN.L,20090612,474.25,475.75,466.75,472.50,1507800,0
EXPN.L,20090611,475.00,478.75,471.25,475.75,805000,0
EXPN.L,20090610,480.00,480.00,473.00,475.00,1442600,0
EXPN.L,20090609,479.00,479.25,471.25,478.50,849700,0
EXPN.L,20090608,473.00,473.00,463.75,468.00,807300,0
EXPN.L,20090605,473.75,479.75,469.50,475.00,1680200,0
EXPN.L,20090604,465.25,478.25,462.75,473.00,1206200,0
EXPN.L,20090603,468.50,469.25,459.75,465.50,827000,0
EXPN.L,20090602,463.50,472.00,459.25,468.25,1171100,0
EXPN.L,20090601,462.25,466.25,453.75,465.00,1257900,0
EXPN.L,20090529,457.50,460.50,453.50,454.75,2274500,0
EXPN.L,20090528,458.25,461.00,444.25,453.25,1584000,0
EXPN.L,20090527,471.25,474.25,463.00,465.25,812300,0
EXPN.L,20090526,469.00,472.75,457.00,471.00,374700,0
EXPN.L,20090525,470.50,470.50,470.50,470.50,000,0
EXPN.L,20090522,480.00,480.00,467.50,470.50,459800,0
EXPN.L,20090521,487.00,489.25,472.25,479.25,439400,0
EXPN.L,20090520,490.25,505.50,485.00,493.00,2971000,0
EXPN.L,20090519,497.00,514.50,479.00,486.00,1259900,0
EXPN.L,20090518,481.00,492.25,478.25,489.75,2060300,0
EXPN.L,20090515,472.50,490.75,471.50,483.00,2466400,0
EXPN.L,20090514,453.75,468.25,446.75,465.25,853500,0
EXPN.L,20090513,473.75,474.00,449.00,453.00,1022300,0
EXPN.L,20090512,461.50,471.75,461.50,469.00,574400,0
EXPN.L,20090511,467.50,470.25,460.75,464.00,429200,0
EXPN.L,20090508,471.00,475.25,465.75,467.75,671700,0
EXPN.L,20090507,469.25,473.50,465.00,468.50,834100,0
EXPN.L,20090506,461.00,474.00,460.75,469.00,849100,0
EXPN.L,20090505,461.75,481.75,434.25,460.50,1054500,0
EXPN.L,20090504,444.00,444.00,444.00,444.00,000,0
EXPN.L,20090501,447.75,451.00,441.75,444.00,327300,0
EXPN.L,20090430,455.75,457.25,447.75,450.00,1151900,0
EXPN.L,20090429,442.50,451.25,439.25,450.00,728600,0
EXPN.L,20090428,441.00,441.25,435.00,438.50,680100,0
EXPN.L,20090427,438.25,446.25,435.50,443.50,505500,0
EXPN.L,20090424,433.00,444.75,432.50,442.50,1007500,0
EXPN.L,20090423,437.50,443.25,430.25,433.00,1320400,0
EXPN.L,20090422,435.50,441.25,431.00,436.75,1780900,0
EXPN.L,20090421,435.00,441.75,430.50,433.25,1274800,0
EXPN.L,20090420,443.50,444.50,431.75,433.25,819400,0
EXPN.L,20090417,444.00,449.25,435.50,442.25,5281300,0
EXPN.L,20090416,467.00,468.00,439.75,442.25,10022600,0
EXPN.L,20090415,474.25,481.25,466.75,466.75,4678600,0
EXPN.L,20090414,488.00,488.50,473.00,480.25,4069700,0
EXPN.L,20090413,480.00,480.00,480.00,480.00,000,0
EXPN.L,20090410,480.00,480.00,480.00,480.00,000,0
EXPN.L,20090409,469.75,481.00,461.50,480.00,5554700,0
EXPN.L,20090408,452.25,463.50,449.75,462.50,3516400,0
EXPN.L,20090407,482.00,485.00,453.25,454.75,6073200,0
EXPN.L,20090406,488.00,501.50,473.00,479.50,8477100,0
EXPN.L,20090403,476.50,482.75,470.00,480.00,2938800,0
EXPN.L,20090402,455.00,480.25,450.75,474.00,8634700,0
EXPN.L,20090401,436.25,446.75,432.00,445.00,5012800,0
EXPN.L,20090331,427.00,437.00,426.25,436.75,3562500,0
EXPN.L,20090330,432.75,434.25,421.25,424.75,2549800,0
EXPN.L,20090327,433.50,442.00,429.25,435.00,3168100,0
EXPN.L,20090326,438.25,438.25,424.00,432.50,2444400,0
EXPN.L,20090325,439.00,445.25,433.00,438.50,3576400,0
EXPN.L,20090324,446.75,446.75,435.50,439.50,2755200,0
EXPN.L,20090323,449.75,449.75,429.75,440.50,5397900,0
EXPN.L,20090320,430.00,445.00,425.00,442.25,9210900,0
EXPN.L,20090319,438.00,446.25,430.00,434.75,6563100,0
EXPN.L,20090318,428.25,435.50,424.75,430.25,3733200,0
EXPN.L,20090317,428.00,428.75,415.00,422.25,3047300,0
EXPN.L,20090316,422.25,437.50,420.75,427.50,4298600,0
EXPN.L,20090313,419.00,421.25,407.00,414.00,4563900,0
EXPN.L,20090312,399.00,418.00,393.75,412.00,6860300,0
EXPN.L,20090311,388.25,401.75,377.00,399.25,7156100,0
EXPN.L,20090310,381.00,391.50,372.50,388.00,5343700,0
EXPN.L,20090309,381.75,381.75,371.75,379.00,5345600,0
EXPN.L,20090306,385.50,388.00,373.25,378.00,5567000,0
EXPN.L,20090305,395.00,395.00,383.75,384.25,5040100,0
EXPN.L,20090304,405.75,405.75,383.25,396.75,8001600,0
EXPN.L,20090303,414.25,414.75,393.25,397.25,6067400,0
EXPN.L,20090302,407.25,425.00,407.25,412.00,5745700,0
EXPN.L,20090227,415.75,421.50,403.25,416.75,4281800,0
EXPN.L,20090226,420.75,432.50,416.25,421.75,3780700,0
EXPN.L,20090225,433.25,435.75,408.25,419.00,4802900,0
EXPN.L,20090224,404.75,429.50,392.75,426.25,5645200,0
EXPN.L,20090223,419.25,425.25,403.00,407.50,2407800,0
EXPN.L,20090220,418.50,423.00,405.00,414.00,3982000,0
EXPN.L,20090219,424.75,426.00,414.25,423.50,2995100,0
EXPN.L,20090218,420.75,423.00,409.75,421.25,2440900,0
EXPN.L,20090217,427.25,427.25,411.50,418.50,3526200,0
EXPN.L,20090216,430.50,434.25,425.75,429.75,2047400,0
EXPN.L,20090213,448.00,451.00,430.50,433.00,3900100,0
EXPN.L,20090212,443.00,445.00,434.00,439.75,4370600,0
EXPN.L,20090211,433.00,444.75,430.75,443.00,2441900,0
EXPN.L,20090210,449.00,455.00,434.25,436.25,3428800,0
EXPN.L,20090209,450.75,456.75,445.25,450.25,3642000,0
EXPN.L,20090206,456.25,457.25,445.25,453.25,5563500,0
EXPN.L,20090205,444.50,451.75,439.25,451.75,3712600,0
EXPN.L,20090204,446.00,453.00,440.50,449.50,3926300,0
EXPN.L,20090203,432.75,447.75,429.50,441.75,4752600,0
EXPN.L,20090202,427.50,434.00,423.25,431.50,3131700,0
EXPN.L,20090130,421.00,434.50,416.75,432.25,5299900,0
EXPN.L,20090129,431.50,434.75,416.00,422.25,3003200,0
EXPN.L,20090128,425.00,434.25,424.25,432.75,4619500,0
EXPN.L,20090127,410.75,425.00,408.50,419.50,3374100,0
EXPN.L,20090126,397.25,406.00,384.25,402.00,3374400,0
EXPN.L,20090123,400.50,406.00,393.25,401.50,5708600,0
EXPN.L,20090122,409.00,414.00,400.25,405.25,2539600,0
EXPN.L,20090121,400.50,408.50,391.50,401.00,5994200,0
EXPN.L,20090120,412.00,419.00,405.00,408.25,4269200,0
EXPN.L,20090119,417.50,425.50,408.25,415.00,3984300,0
EXPN.L,20090116,427.50,427.50,405.00,411.00,4285100,0
EXPN.L,20090115,405.00,427.75,401.50,418.25,11187800,0
EXPN.L,20090114,416.25,427.00,404.00,411.50,5728400,0
EXPN.L,20090113,411.00,415.00,399.25,408.50,3398200,0
EXPN.L,20090112,407.75,418.50,405.50,412.50,3143000,0
EXPN.L,20090109,428.75,429.00,404.50,410.75,4739600,0
EXPN.L,20090108,424.75,428.75,416.00,424.25,2307500,0
EXPN.L,20090107,434.00,434.75,417.50,425.00,4470000,0
EXPN.L,20090106,433.00,441.50,426.00,429.50,6643300,0
EXPN.L,20090105,440.00,440.00,426.50,433.25,5920000,0
EXPN.L,20090102,431.00,437.75,425.25,435.75,2374200,0
EXPN.L,20090101,432.00,432.00,432.00,432.00,000,0
EXPN.L,20081231,434.50,434.50,424.00,432.00,552900,0
EXPN.L,20081230,425.00,436.50,422.75,431.75,3002200,0
EXPN.L,20081229,419.75,427.75,418.50,424.00,2434900,0
EXPN.L,20081226,415.75,415.75,415.75,415.75,000,0
EXPN.L,20081225,415.75,415.75,415.75,415.75,000,0
EXPN.L,20081224,417.25,430.00,409.50,415.75,511700,0
EXPN.L,20081223,418.75,429.25,417.75,422.00,1797600,0
EXPN.L,20081222,434.00,434.00,417.75,418.00,3251600,0
EXPN.L,20081219,416.25,439.00,401.25,439.00,7609500,0
EXPN.L,20081218,420.50,426.75,414.00,418.50,3731200,0
EXPN.L,20081217,429.00,431.50,410.00,424.50,4431400,0
EXPN.L,20081216,410.75,426.75,407.75,418.25,8463400,0
EXPN.L,20081215,406.00,410.25,397.50,407.00,4742900,0
EXPN.L,20081212,370.75,404.00,370.75,396.50,4068900,0
EXPN.L,20081211,407.00,407.00,383.25,387.25,3736600,0
EXPN.L,20081210,418.50,421.50,404.00,407.50,3064100,0
EXPN.L,20081209,409.25,421.00,405.75,413.25,3468000,0
EXPN.L,20081208,409.50,425.00,409.50,416.75,4089500,0
EXPN.L,20081205,401.75,408.50,382.00,385.00,4049800,0
EXPN.L,20081204,405.00,437.75,399.50,401.50,7876200,0
EXPN.L,20081203,396.00,404.75,382.50,403.75,3719400,0
EXPN.L,20081202,362.75,394.75,362.50,394.75,7923300,0
EXPN.L,20081201,395.25,396.25,370.00,373.75,3586800,0
EXPN.L,20081128,381.50,394.25,380.00,393.25,3422200,0
EXPN.L,20081127,384.50,389.75,377.50,383.75,2493400,0
EXPN.L,20081126,365.00,379.50,363.50,377.00,4253900,0
EXPN.L,20081125,347.50,381.00,342.75,373.50,6970400,0
EXPN.L,20081124,345.25,351.25,335.50,348.25,6301500,0
EXPN.L,20081121,315.75,340.00,315.75,334.00,4456700,0
EXPN.L,20081120,317.75,335.50,314.50,317.50,5358400,0
EXPN.L,20081119,320.00,349.25,317.75,329.25,8561800,0
EXPN.L,20081118,311.75,320.00,301.00,306.50,5135800,0
EXPN.L,20081117,328.00,338.00,310.00,314.75,3811600,0
EXPN.L,20081114,339.75,344.75,328.50,330.25,4456400,0
EXPN.L,20081113,320.25,330.25,314.25,323.75,5208700,0
EXPN.L,20081112,335.25,344.50,323.25,326.50,1826000,0
EXPN.L,20081111,341.75,346.00,330.25,331.25,1472100,0
EXPN.L,20081110,354.25,357.50,347.00,349.25,2471200,0
EXPN.L,20081107,338.75,352.50,336.25,342.25,4505000,0
EXPN.L,20081106,367.25,368.00,335.00,337.50,4503700,0
EXPN.L,20081105,377.50,384.75,363.00,370.75,4277500,0
EXPN.L,20081104,357.00,385.25,347.75,373.25,4569300,0
EXPN.L,20081103,341.25,356.75,335.00,354.50,4033700,0
EXPN.L,20081031,341.25,348.50,331.75,341.50,3975200,0
EXPN.L,20081030,323.75,344.25,322.00,338.25,4804900,0
EXPN.L,20081029,315.25,321.75,310.00,318.25,4929000,0
EXPN.L,20081028,293.50,308.00,279.00,295.00,6568700,0
EXPN.L,20081027,279.75,290.00,275.75,284.75,5453500,0
EXPN.L,20081024,288.50,291.75,274.00,286.75,6121800,0
EXPN.L,20081023,297.00,302.00,284.75,301.25,9086400,0
EXPN.L,20081022,298.75,307.00,293.00,299.00,5617400,0
EXPN.L,20081021,315.00,320.50,299.75,306.25,4680600,0
EXPN.L,20081020,305.00,309.50,289.25,307.00,4868500,0
EXPN.L,20081017,308.00,309.25,284.75,296.25,6122300,0
EXPN.L,20081016,276.25,303.25,250.00,291.75,7583800,0
EXPN.L,20081015,329.25,339.00,296.75,300.50,21269800,0
EXPN.L,20081014,340.00,340.00,318.50,330.00,3301000,0
EXPN.L,20081013,300.00,316.75,288.00,311.50,8816100,0
EXPN.L,20081010,285.00,291.50,269.00,274.75,8571900,0
EXPN.L,20081009,303.00,307.00,291.00,300.00,7575300,0
EXPN.L,20081008,309.00,327.25,290.25,295.00,6303600,0
EXPN.L,20081007,317.75,334.75,312.75,320.00,4017900,0
EXPN.L,20081006,336.00,336.00,308.00,312.25,9084300,0
EXPN.L,20081003,358.75,359.25,336.25,344.50,5673100,0
EXPN.L,20081002,375.25,377.75,354.00,355.25,2791700,0
EXPN.L,20081001,370.75,377.00,362.00,370.25,5446700,0
EXPN.L,20080930,343.25,370.00,343.25,367.50,6546100,0
EXPN.L,20080929,380.00,384.00,352.00,353.25,8205300,0
EXPN.L,20080926,388.75,391.50,381.25,383.50,2471100,0
EXPN.L,20080925,388.50,403.75,388.50,393.50,9320200,0
EXPN.L,20080924,389.00,396.75,379.00,379.75,5521200,0
EXPN.L,20080923,398.00,398.00,379.00,384.75,7981200,0
EXPN.L,20080922,412.75,423.25,394.50,400.00,7210400,0
EXPN.L,20080919,407.25,432.00,395.00,413.00,9219300,0
EXPN.L,20080918,401.00,409.50,390.00,395.00,8483700,0
EXPN.L,20080917,393.75,410.50,393.75,399.00,6798400,0
EXPN.L,20080916,419.00,419.25,380.00,399.25,19097300,0
EXPN.L,20080915,433.25,433.25,421.50,421.50,5318400,0
EXPN.L,20080912,428.00,439.50,421.50,439.25,3957300,0
EXPN.L,20080911,429.75,433.25,419.75,424.25,5531100,0
EXPN.L,20080910,440.00,449.50,429.25,430.25,5510600,0
EXPN.L,20080909,429.25,468.00,428.00,443.00,11813400,0
EXPN.L,20080908,407.75,448.75,407.75,431.25,2380900,0
EXPN.L,20080905,404.00,404.25,387.75,392.25,3622300,0
EXPN.L,20080904,412.50,416.50,404.75,407.75,1281200,0
EXPN.L,20080903,422.25,425.50,412.00,412.00,3197000,0
EXPN.L,20080902,413.00,428.50,412.00,424.50,3543900,0
EXPN.L,20080901,410.75,413.25,402.75,410.25,1934300,0
EXPN.L,20080829,405.25,417.25,405.25,414.25,3915800,0
EXPN.L,20080828,404.75,408.50,400.00,405.75,3309000,0
EXPN.L,20080827,401.50,408.75,395.50,406.00,2729600,0
EXPN.L,20080826,396.00,403.00,391.00,399.00,2392600,0
EXPN.L,20080825,402.25,402.25,402.25,402.25,000,0
EXPN.L,20080822,394.75,403.25,391.75,402.25,2289900,0
EXPN.L,20080821,397.50,398.75,389.75,393.75,4479800,0
EXPN.L,20080820,398.00,404.25,396.00,402.50,3333400,0
EXPN.L,20080819,401.00,401.00,395.25,399.00,2747100,0
EXPN.L,20080818,411.25,413.00,398.75,403.50,3828600,0
EXPN.L,20080815,410.00,416.75,405.50,414.75,7028600,0
EXPN.L,20080814,392.25,410.25,390.75,406.00,5085200,0
EXPN.L,20080813,407.75,408.25,393.00,393.50,3992500,0
EXPN.L,20080812,406.50,410.50,401.75,408.00,3183200,0
EXPN.L,20080811,415.00,415.00,401.50,409.25,5720900,0
EXPN.L,20080808,417.75,424.75,408.25,414.25,4251600,0
EXPN.L,20080807,416.25,420.25,412.25,414.00,4815800,0
EXPN.L,20080806,413.00,425.50,406.25,420.50,4819700,0
EXPN.L,20080805,395.00,412.50,394.00,411.75,5267000,0
EXPN.L,20080804,394.75,400.00,387.75,395.50,1991300,0
EXPN.L,20080801,392.75,398.75,389.00,393.75,2732500,0
EXPN.L,20080731,395.25,396.25,379.75,393.00,5325200,0
EXPN.L,20080730,397.00,400.25,390.00,395.25,1935100,0
EXPN.L,20080729,383.00,397.75,378.25,394.00,3443900,0
EXPN.L,20080728,394.25,395.00,382.25,384.00,3030700,0
EXPN.L,20080725,397.00,402.00,389.75,396.75,4549100,0
EXPN.L,20080724,412.00,414.50,397.50,399.00,3308900,0
EXPN.L,20080723,407.25,414.75,402.50,408.75,6756500,0
EXPN.L,20080722,392.50,402.00,385.25,400.50,6371100,0
EXPN.L,20080721,406.00,406.25,387.00,398.50,5640400,0
EXPN.L,20080718,400.00,413.75,392.50,405.00,8861700,0
EXPN.L,20080717,391.00,404.50,389.25,400.25,6435000,0
EXPN.L,20080716,379.50,390.00,372.50,385.00,6680800,0
EXPN.L,20080715,375.00,379.00,366.75,375.25,5924900,0
EXPN.L,20080714,378.00,383.50,373.75,375.50,8104200,0
EXPN.L,20080711,406.00,406.00,371.75,371.75,8988000,0
EXPN.L,20080710,361.00,393.25,355.00,389.75,12505700,0
EXPN.L,20080709,353.00,361.50,350.00,361.25,7705000,0
EXPN.L,20080708,341.50,350.50,336.50,347.50,6975900,0
EXPN.L,20080707,353.00,358.00,349.00,350.00,5481800,0
EXPN.L,20080704,358.75,358.75,346.50,348.00,1901100,0
EXPN.L,20080703,347.50,357.75,338.50,356.00,6814400,0
EXPN.L,20080702,364.25,370.00,353.00,353.25,6898300,0
EXPN.L,20080701,369.50,375.25,352.00,362.00,8574300,0
EXPN.L,20080630,366.75,374.75,363.50,373.75,6982500,0
EXPN.L,20080627,355.50,368.50,352.75,365.25,6049700,0
EXPN.L,20080626,363.50,366.50,356.00,356.50,4653700,0
EXPN.L,20080625,362.25,371.00,360.50,367.00,5886400,0
EXPN.L,20080624,375.00,377.50,367.00,373.50,5255100,0
EXPN.L,20080623,374.25,380.00,373.25,375.75,4284100,0
EXPN.L,20080620,388.25,393.25,372.75,372.75,10345200,0
EXPN.L,20080619,386.25,395.00,386.00,388.50,5240900,0
EXPN.L,20080618,403.00,403.00,394.50,396.00,4579600,0
EXPN.L,20080617,403.25,406.25,396.50,402.75,4451700,0
EXPN.L,20080616,396.25,409.50,396.25,400.50,4245300,0
EXPN.L,20080613,386.50,398.75,384.50,398.25,3808300,0
EXPN.L,20080612,385.75,392.00,382.25,389.25,4593200,0
EXPN.L,20080611,385.00,396.75,380.75,383.50,8300600,0
EXPN.L,20080610,382.50,388.25,378.50,387.25,4429000,0
EXPN.L,20080609,387.50,392.25,376.75,384.00,5025100,0
EXPN.L,20080606,403.50,403.50,387.00,387.50,4600500,0
EXPN.L,20080605,385.00,400.25,383.00,399.75,6121100,0
EXPN.L,20080604,380.50,385.25,378.50,383.00,5761700,0
EXPN.L,20080603,390.00,392.75,384.50,387.00,4307700,0
EXPN.L,20080602,407.50,407.50,385.00,390.50,5403600,0
EXPN.L,20080530,406.00,415.00,404.00,405.75,4296600,0
EXPN.L,20080529,406.25,411.50,399.50,402.25,2975300,0
EXPN.L,20080528,405.75,410.75,402.00,406.50,3572000,0
EXPN.L,20080527,399.00,405.50,395.75,403.00,3332800,0
EXPN.L,20080526,398.75,398.75,398.75,398.75,000,0
EXPN.L,20080523,395.00,400.75,392.00,398.75,3111700,0
EXPN.L,20080522,392.50,398.25,392.50,395.25,2694800,0
EXPN.L,20080521,410.00,417.25,388.00,397.00,6750300,0
EXPN.L,20080520,420.50,426.50,398.75,398.75,4471900,0
EXPN.L,20080519,410.00,422.25,407.00,421.00,4039200,0
EXPN.L,20080516,407.00,416.00,402.00,409.50,3014900,0
EXPN.L,20080515,401.00,408.25,401.00,402.75,3292100,0
EXPN.L,20080514,418.00,423.00,401.25,403.25,6472100,0
EXPN.L,20080513,422.75,425.75,413.00,417.50,3978300,0
EXPN.L,20080512,424.00,424.00,414.25,417.75,2785200,0
EXPN.L,20080509,406.75,424.00,406.00,421.25,4635500,0
EXPN.L,20080508,401.00,408.25,398.50,407.00,3704000,0
EXPN.L,20080507,397.50,413.00,397.50,407.00,5095500,0
EXPN.L,20080506,401.75,406.25,392.25,398.50,3667400,0
EXPN.L,20080505,401.75,401.75,401.75,401.75,000,0
EXPN.L,20080502,389.50,404.00,385.50,401.75,9742600,0
EXPN.L,20080501,384.25,385.00,374.00,384.00,1661500,0
EXPN.L,20080430,377.25,385.75,376.25,380.50,3920900,0
EXPN.L,20080429,393.00,394.50,375.75,379.25,4460400,0
EXPN.L,20080428,389.00,393.75,386.50,392.00,4850500,0
EXPN.L,20080425,383.25,387.00,382.25,386.00,4408100,0
EXPN.L,20080424,390.00,390.00,376.00,382.75,3581000,0
EXPN.L,20080423,388.00,390.75,379.50,390.25,5563400,0
EXPN.L,20080422,380.50,389.25,379.75,382.25,3531100,0
EXPN.L,20080421,397.50,405.50,382.50,384.00,5466600,0
EXPN.L,20080418,384.25,395.50,378.50,395.00,5715500,0
EXPN.L,20080417,385.00,393.25,379.25,380.50,8923400,0
EXPN.L,20080416,370.00,399.00,370.00,395.25,13678000,0
EXPN.L,20080415,352.00,371.25,352.00,356.00,6293400,0
EXPN.L,20080414,347.00,355.50,347.00,352.00,4988900,0
EXPN.L,20080411,361.50,362.00,348.25,355.00,5960100,0
EXPN.L,20080410,362.00,365.75,350.50,358.00,6155800,0
EXPN.L,20080409,358.00,373.25,358.00,363.75,4143100,0
EXPN.L,20080408,360.00,363.75,354.25,361.00,2167200,0
EXPN.L,20080407,366.00,366.50,361.00,364.25,2306600,0
EXPN.L,20080404,369.00,369.00,360.50,364.75,3950100,0
EXPN.L,20080403,378.00,379.25,363.75,366.25,3377300,0
EXPN.L,20080402,383.00,384.00,372.00,379.50,5776700,0
EXPN.L,20080401,364.25,388.50,364.25,383.00,7649800,0
EXPN.L,20080331,360.00,371.50,359.25,367.00,2774300,0
EXPN.L,20080328,373.50,374.00,362.50,364.50,5493600,0
EXPN.L,20080327,376.75,381.00,369.50,375.00,3936800,0
EXPN.L,20080326,382.00,384.75,370.50,379.25,6100900,0
EXPN.L,20080325,379.50,397.00,367.50,381.00,8509400,0
EXPN.L,20080324,367.50,367.50,367.50,367.50,000,0
EXPN.L,20080321,367.50,367.50,367.50,367.50,000,0
EXPN.L,20080320,374.75,376.00,362.75,367.50,7949000,0
EXPN.L,20080319,367.00,385.00,365.50,381.75,9848900,0
EXPN.L,20080318,362.25,367.75,358.25,360.25,7976000,0
EXPN.L,20080317,380.00,380.00,380.00,380.00,000,0
EXPN.L,20080314,389.75,392.00,377.50,380.00,4312200,0
EXPN.L,20080313,391.25,395.50,381.00,386.75,6971000,0
EXPN.L,20080312,420.00,420.00,397.75,400.00,6602300,0
EXPN.L,20080311,408.75,418.25,404.75,412.25,5789700,0
EXPN.L,20080310,407.75,412.00,404.00,405.00,3590600,0
EXPN.L,20080307,402.00,412.00,402.00,407.50,3708000,0
EXPN.L,20080306,424.00,424.00,406.25,408.75,5196300,0
EXPN.L,20080305,426.25,427.75,415.50,420.00,4095000,0
EXPN.L,20080304,417.75,428.25,412.00,418.00,4092600,0
EXPN.L,20080303,420.00,421.50,412.25,415.25,4151600,0
EXPN.L,20080229,424.00,433.50,423.50,426.00,5632800,0
EXPN.L,20080228,438.25,443.50,424.75,425.50,3185600,0
EXPN.L,20080227,450.00,450.00,434.00,442.00,5085500,0
EXPN.L,20080226,447.50,450.00,441.75,446.75,4971800,0
EXPN.L,20080225,427.50,444.50,427.50,443.25,3600300,0
EXPN.L,20080222,438.50,438.75,423.50,425.00,3797200,0
EXPN.L,20080221,445.00,450.00,438.25,439.25,5587500,0
EXPN.L,20080220,450.75,454.25,436.00,440.25,4975900,0
EXPN.L,20080219,451.25,458.00,442.00,453.75,6178700,0
EXPN.L,20080218,451.75,472.50,443.25,455.00,5354700,0
EXPN.L,20080215,447.75,456.75,438.00,443.00,3578300,0
EXPN.L,20080214,460.00,463.00,443.75,445.50,5010300,0
EXPN.L,20080213,432.75,466.75,430.75,453.75,9651700,0
EXPN.L,20080212,424.00,436.75,420.75,435.50,5149700,0
EXPN.L,20080211,418.00,424.50,414.00,417.50,1937600,0
EXPN.L,20080208,421.50,426.75,411.00,423.50,4556700,0
EXPN.L,20080207,423.00,425.25,411.00,418.25,7879500,0
EXPN.L,20080206,415.00,426.50,411.00,422.50,6010600,0
EXPN.L,20080205,435.00,439.25,413.50,416.00,5803600,0
EXPN.L,20080204,445.00,445.00,432.00,438.75,5158000,0
EXPN.L,20080201,448.00,462.00,435.50,444.00,11330400,0
EXPN.L,20080131,426.50,443.25,421.75,440.25,11073800,0
EXPN.L,20080130,410.00,439.50,407.00,432.50,10155500,0
EXPN.L,20080129,404.00,417.75,401.00,409.00,10992400,0
EXPN.L,20080128,391.00,404.25,387.00,399.50,6414200,0
EXPN.L,20080125,422.25,422.25,395.00,399.00,6625300,0
EXPN.L,20080124,398.00,416.50,396.75,411.25,8860400,0
EXPN.L,20080123,386.75,397.50,369.75,388.50,11919400,0
EXPN.L,20080122,350.00,380.50,340.75,377.50,12656000,0
EXPN.L,20080121,367.00,381.75,354.75,363.75,8806900,0
EXPN.L,20080118,360.25,382.25,358.25,372.75,12009500,0
EXPN.L,20080117,353.75,378.00,353.75,360.00,9863900,0
EXPN.L,20080116,350.00,372.25,350.00,362.75,17301200,0
EXPN.L,20080115,365.00,382.50,347.25,375.00,14371600,0
EXPN.L,20080114,361.00,370.75,351.75,366.00,8101100,0
EXPN.L,20080111,365.00,372.00,356.50,359.75,9240600,0
EXPN.L,20080110,375.00,378.75,361.00,361.75,4719400,0
EXPN.L,20080109,394.75,395.75,369.50,372.75,9755600,0
EXPN.L,20080108,397.00,403.50,393.75,396.50,10346800,0
EXPN.L,20080107,395.25,399.75,391.00,392.25,5677800,0
EXPN.L,20080104,403.75,407.50,394.00,395.25,5832700,0
EXPN.L,20080103,401.25,408.25,393.00,402.75,5429600,0
EXPN.L,20080102,391.00,410.75,387.50,404.75,4749200,0
EXPN.L,20080101,397.00,397.00,397.00,397.00,000,0
EXPN.L,20071231,401.75,402.00,393.75,397.00,379700,0
EXPN.L,20071228,402.25,409.00,399.50,400.25,2282600,0
EXPN.L,20071227,400.00,410.00,396.50,403.50,2655100,0
EXPN.L,20071226,402.50,402.50,402.50,402.50,000,0
EXPN.L,20071225,402.50,402.50,402.50,402.50,000,0
EXPN.L,20071224,387.25,402.50,387.25,402.50,668800,0
EXPN.L,20071221,394.00,399.75,391.00,395.00,5048100,0
EXPN.L,20071220,396.00,397.25,387.25,388.50,4937500,0
EXPN.L,20071219,392.25,402.25,391.75,394.75,4687300,0
EXPN.L,20071218,383.00,396.00,383.00,392.25,4500700,0
EXPN.L,20071217,384.00,390.00,376.00,385.25,5808700,0
EXPN.L,20071214,387.50,394.50,376.50,387.50,8516200,0
EXPN.L,20071213,396.25,403.75,383.50,387.50,10682800,0
EXPN.L,20071212,397.25,403.00,391.50,396.00,8949000,0
EXPN.L,20071211,412.50,416.25,396.25,399.50,5969900,0
EXPN.L,20071210,415.75,416.50,409.50,410.75,4731600,0
EXPN.L,20071207,414.75,422.75,411.00,413.00,4040800,0
EXPN.L,20071206,431.50,434.00,410.75,413.00,10351400,0
EXPN.L,20071205,419.00,428.75,419.00,427.00,3915700,0
EXPN.L,20071204,423.75,428.75,403.50,418.50,5249400,0
EXPN.L,20071203,424.00,432.00,416.25,426.00,5571000,0
EXPN.L,20071130,424.50,433.25,411.75,425.00,6710700,0
EXPN.L,20071129,430.75,435.00,417.00,425.50,3256700,0
EXPN.L,20071128,410.75,428.25,406.00,427.75,4181900,0
EXPN.L,20071127,414.25,418.25,401.50,410.50,6201800,0
EXPN.L,20071126,431.25,436.75,415.75,418.75,4155700,0
EXPN.L,20071123,413.50,427.00,410.00,425.00,4402400,0
EXPN.L,20071122,420.75,420.75,410.00,414.25,5411400,0
EXPN.L,20071121,427.50,428.00,411.25,417.25,5383300,0
EXPN.L,20071120,419.50,432.00,419.00,430.75,5828000,0
EXPN.L,20071119,420.50,424.50,415.00,415.00,9253800,0
EXPN.L,20071116,427.00,437.00,408.00,418.00,13746100,0
EXPN.L,20071115,462.50,465.00,384.75,429.50,32405800,0
EXPN.L,20071114,473.25,479.75,470.00,474.75,5262000,0
EXPN.L,20071113,462.50,471.75,462.25,471.00,5615700,0
EXPN.L,20071112,450.25,467.00,450.25,466.00,4174000,0
EXPN.L,20071109,457.25,463.25,449.75,451.00,5767300,0
EXPN.L,20071108,441.00,454.25,433.00,451.75,7894500,0
EXPN.L,20071107,474.00,474.00,448.00,450.00,5159300,0
EXPN.L,20071106,469.75,471.00,466.00,468.25,5737800,0
EXPN.L,20071105,486.00,486.00,461.50,464.50,5729400,0
EXPN.L,20071102,488.25,495.00,479.50,485.00,8687900,0
EXPN.L,20071101,502.00,509.00,488.25,495.50,6340500,0
EXPN.L,20071031,496.75,505.00,493.50,504.50,5128200,0
EXPN.L,20071030,501.00,503.50,493.50,493.50,5350700,0
EXPN.L,20071029,503.50,503.50,492.50,499.75,3486200,0
EXPN.L,20071026,483.50,499.00,480.50,497.00,6427000,0
EXPN.L,20071025,483.00,485.50,474.00,481.75,4213300,0
EXPN.L,20071024,481.75,481.75,471.75,476.00,4746900,0
EXPN.L,20071023,471.50,481.50,471.50,478.75,11468700,0
EXPN.L,20071022,469.00,470.25,453.50,464.25,7325500,0
EXPN.L,20071019,480.00,487.75,474.50,475.00,5350700,0
EXPN.L,20071018,494.75,494.75,479.50,480.00,10625700,0
EXPN.L,20071017,475.75,490.00,473.00,489.75,12120200,0
EXPN.L,20071016,482.25,485.50,472.00,476.50,32169800,0
EXPN.L,20071015,497.00,500.00,487.00,489.00,11997100,0
EXPN.L,20071012,501.00,505.00,493.75,498.00,21890500,0
EXPN.L,20071011,503.00,508.50,498.00,508.50,21588900,0
EXPN.L,20071010,529.50,529.50,498.00,505.00,44075600,0
EXPN.L,20071009,542.50,550.00,538.50,543.00,4236700,0
EXPN.L,20071008,548.00,552.00,543.50,545.00,5150800,0
EXPN.L,20071005,541.50,553.50,530.50,549.00,15818800,0
EXPN.L,20071004,524.50,542.00,522.50,541.50,5963100,0
EXPN.L,20071003,526.00,529.50,523.50,527.00,17811000,0
EXPN.L,20071002,520.00,529.00,516.50,525.50,12363900,0
EXPN.L,20071001,512.00,520.00,510.50,517.50,21552700,0
EXPN.L,20070928,526.50,529.50,514.00,517.00,4043000,0
EXPN.L,20070927,520.00,526.00,515.50,524.00,9016200,0
EXPN.L,20070926,527.00,530.00,514.00,515.00,22032400,0
EXPN.L,20070925,536.00,544.50,523.00,526.00,12303000,0
EXPN.L,20070924,528.00,543.00,526.50,535.50,4150000,0
EXPN.L,20070921,523.50,532.50,520.00,529.00,6196300,0
EXPN.L,20070920,528.50,533.00,522.50,523.00,5549800,0
EXPN.L,20070919,530.00,548.50,529.50,536.50,8757500,0
EXPN.L,20070918,507.00,519.00,506.50,515.50,5763000,0
EXPN.L,20070917,524.50,524.50,508.00,511.00,9649500,0
EXPN.L,20070914,530.50,534.50,515.00,524.50,6268000,0
EXPN.L,20070913,521.50,543.50,519.00,536.50,5814500,0
EXPN.L,20070912,526.00,528.50,519.00,525.00,4352500,0
EXPN.L,20070911,509.00,526.00,503.50,524.00,6925300,0
EXPN.L,20070910,509.50,515.00,503.00,505.00,8657500,0
EXPN.L,20070907,512.50,516.00,504.00,506.50,5572900,0
EXPN.L,20070906,521.00,521.00,507.50,514.50,4374900,0
EXPN.L,20070905,518.00,522.50,513.00,515.50,6431600,0
EXPN.L,20070904,522.00,522.00,511.00,520.00,5072400,0
EXPN.L,20070903,528.00,531.00,516.50,520.00,10277400,0
EXPN.L,20070831,514.50,524.00,512.50,523.00,10564000,0
EXPN.L,20070830,513.00,515.50,501.50,509.50,8321800,0
EXPN.L,20070829,509.00,517.00,502.50,510.50,12785900,0
EXPN.L,20070828,530.00,533.50,503.00,511.00,7767700,0
EXPN.L,20070827,533.00,533.00,533.00,533.00,000,0
EXPN.L,20070824,536.00,539.00,523.50,533.00,3369100,0
EXPN.L,20070823,528.00,539.50,528.00,535.50,8623700,0
EXPN.L,20070822,492.50,528.50,491.25,525.50,14333000,0
EXPN.L,20070821,504.50,504.50,487.50,492.50,11671600,0
EXPN.L,20070820,500.00,514.00,499.50,505.00,6139600,0
EXPN.L,20070817,484.00,520.50,476.00,500.00,22941300,0
EXPN.L,20070816,503.50,508.00,476.00,483.25,29995200,0
EXPN.L,20070815,532.00,532.00,512.00,513.50,17399900,0
EXPN.L,20070814,550.00,553.00,532.50,534.50,10071200,0
EXPN.L,20070813,546.50,561.50,542.00,555.00,10541300,0
EXPN.L,20070810,564.50,570.00,536.00,545.00,14811200,0
EXPN.L,20070809,571.50,585.50,561.50,568.00,9733900,0
EXPN.L,20070808,569.50,580.50,567.50,576.00,9825600,0
EXPN.L,20070807,552.00,565.00,551.00,565.00,10266800,0
EXPN.L,20070806,535.00,546.50,532.50,544.50,9995900,0
EXPN.L,20070803,552.50,552.50,536.00,539.00,9658500,0
EXPN.L,20070802,561.00,564.50,547.00,549.00,7214700,0
EXPN.L,20070801,563.00,568.00,549.50,559.00,9069700,0
EXPN.L,20070731,554.00,573.50,549.50,570.00,19508600,0
EXPN.L,20070730,550.00,553.50,535.00,548.50,23582800,0
EXPN.L,20070727,562.50,573.00,549.00,551.00,12102700,0
EXPN.L,20070726,580.00,584.00,567.00,570.00,22118300,0
EXPN.L,20070725,580.00,587.00,574.50,580.00,12070300,0
EXPN.L,20070724,587.50,592.50,575.00,578.50,10503000,0
EXPN.L,20070723,590.00,596.00,585.50,590.50,4641800,0
EXPN.L,20070720,600.50,602.00,589.50,590.00,3375200,0
EXPN.L,20070719,591.00,601.50,591.00,597.50,8783400,0
EXPN.L,20070718,606.00,613.00,582.00,591.00,19832800,0
EXPN.L,20070717,626.00,626.00,606.50,610.00,8765800,0
EXPN.L,20070716,629.50,637.00,623.50,625.50,4319400,0
EXPN.L,20070713,623.00,633.00,618.00,630.00,12420300,0
EXPN.L,20070712,621.00,625.00,610.00,616.00,11107000,0
EXPN.L,20070711,621.00,636.00,616.50,620.50,8378900,0
EXPN.L,20070710,631.00,639.00,622.50,625.50,8133100,0
EXPN.L,20070709,627.50,632.00,623.00,631.00,5505000,0
EXPN.L,20070706,629.50,630.50,617.50,623.50,4532100,0
EXPN.L,20070705,632.00,637.50,623.00,633.50,5732800,0
EXPN.L,20070704,630.50,638.50,615.00,633.50,3672500,0
EXPN.L,20070703,628.00,637.50,622.50,632.50,6545100,0
EXPN.L,20070702,625.50,629.50,619.00,624.00,8691600,0
EXPN.L,20070629,626.00,637.50,619.00,629.50,9740600,0
EXPN.L,20070628,615.00,626.50,614.00,626.50,12028800,0
EXPN.L,20070627,600.00,609.00,596.00,606.00,11498600,0
EXPN.L,20070626,591.00,608.00,585.00,600.00,11778800,0
EXPN.L,20070625,587.50,590.00,585.00,589.00,7235000,0
EXPN.L,20070622,600.50,600.50,590.00,590.50,5212800,0
EXPN.L,20070621,598.50,600.00,592.50,597.00,8779300,0
EXPN.L,20070620,608.00,611.00,595.50,599.50,8353300,0
EXPN.L,20070619,617.50,624.00,604.00,604.00,10273900,0
EXPN.L,20070618,620.00,623.50,612.00,620.50,5776600,0
EXPN.L,20070615,615.00,621.00,610.50,617.00,5267200,0
EXPN.L,20070614,619.00,623.50,607.00,611.00,7797600,0
EXPN.L,20070613,605.50,616.50,604.50,616.00,9132800,0
EXPN.L,20070612,604.50,607.50,599.00,602.00,9374300,0
EXPN.L,20070611,597.50,602.50,597.00,601.50,11086900,0
EXPN.L,20070608,595.00,601.00,587.00,596.50,18409300,0
EXPN.L,20070607,604.50,614.00,592.00,600.00,6032900,0
EXPN.L,20070606,622.00,622.00,604.50,605.50,8676700,0
EXPN.L,20070605,623.00,630.00,619.50,619.50,4887300,0
EXPN.L,20070604,626.50,628.50,621.00,623.00,5973500,0
EXPN.L,20070601,628.50,628.50,628.50,628.50,000,0
EXPN.L,20070531,632.50,636.50,625.50,628.50,4658400,0
EXPN.L,20070530,622.50,627.00,620.00,625.50,4751400,0
EXPN.L,20070529,628.00,635.50,620.00,630.00,4860300,0
EXPN.L,20070528,628.00,628.00,628.00,628.00,000,0
EXPN.L,20070525,610.00,630.00,606.00,628.00,16291200,0
EXPN.L,20070524,602.50,615.50,602.50,610.50,14688600,0
EXPN.L,20070523,593.00,602.00,586.50,599.00,18260900,0
EXPN.L,20070522,605.00,606.00,585.50,585.50,18694000,0
EXPN.L,20070521,612.50,612.50,600.50,603.50,4699500,0
EXPN.L,20070518,597.50,610.00,594.00,609.50,9506500,0
EXPN.L,20070517,586.00,602.00,585.00,598.50,14995000,0
EXPN.L,20070516,577.50,582.00,573.50,576.00,12351400,0
EXPN.L,20070515,581.00,585.00,577.50,581.00,9152400,0
EXPN.L,20070514,578.00,585.50,578.00,585.00,3538600,0
EXPN.L,20070511,580.50,583.00,570.50,578.00,9871700,0
EXPN.L,20070510,590.00,590.00,581.00,583.00,5543200,0
EXPN.L,20070509,590.00,595.00,583.50,586.50,6868000,0
EXPN.L,20070508,592.00,592.00,587.00,591.00,3099100,0
EXPN.L,20070507,592.00,592.00,592.00,592.00,000,0
EXPN.L,20070504,576.50,595.00,576.00,592.00,7855900,0
EXPN.L,20070503,575.00,581.00,571.00,577.00,7424400,0
EXPN.L,20070502,574.00,578.00,568.50,576.50,9153400,0
EXPN.L,20070501,565.00,580.50,560.50,570.00,8435100,0
EXPN.L,20070430,571.00,573.00,566.50,568.50,7132800,0
EXPN.L,20070427,569.50,573.00,565.00,570.00,14339000,0
EXPN.L,20070426,582.00,582.00,567.00,567.50,13617700,0
EXPN.L,20070425,580.00,584.50,576.00,577.00,5316100,0
EXPN.L,20070424,581.00,584.00,576.50,578.00,4001200,0
EXPN.L,20070423,588.00,591.00,579.50,581.50,8499100,0
EXPN.L,20070420,593.00,593.00,587.00,588.50,9140800,0
EXPN.L,20070419,585.00,593.50,583.00,589.00,9149000,0
EXPN.L,20070418,589.50,594.50,589.50,593.00,2523000,0
EXPN.L,20070417,591.50,595.00,585.00,594.00,15358300,0
EXPN.L,20070416,590.00,603.50,583.50,602.00,6963900,0
EXPN.L,20070413,594.00,597.50,588.50,589.00,5848600,0
EXPN.L,20070412,603.00,605.00,593.00,596.00,4309900,0
EXPN.L,20070411,613.50,619.50,603.50,605.00,4021500,0
EXPN.L,20070410,612.00,619.00,610.50,615.00,2624500,0
EXPN.L,20070409,612.00,612.00,612.00,612.00,000,0
EXPN.L,20070406,612.00,612.00,612.00,612.00,000,0
EXPN.L,20070405,610.50,615.50,608.00,612.00,1870500,0
EXPN.L,20070404,617.50,620.00,606.50,610.00,5705800,0
EXPN.L,20070403,605.50,618.00,605.50,614.00,5560200,0
EXPN.L,20070402,587.00,606.00,584.00,604.50,11147900,0
EXPN.L,20070330,582.00,589.00,582.00,585.50,5396800,0
EXPN.L,20070329,588.50,590.00,580.00,582.00,7466400,0
EXPN.L,20070328,585.00,586.50,578.50,584.50,7305300,0
EXPN.L,20070327,595.00,600.00,582.00,583.50,10392600,0
EXPN.L,20070326,602.50,606.00,593.00,595.00,2230800,0
EXPN.L,20070323,602.00,604.50,593.50,600.50,4154200,0
EXPN.L,20070322,607.00,612.00,599.00,600.50,7903700,0
EXPN.L,20070321,586.50,605.00,586.50,603.50,6159100,0
EXPN.L,20070320,586.50,594.00,583.50,590.00,8549000,0
EXPN.L,20070319,579.50,590.00,579.50,588.00,3962900,0
EXPN.L,20070316,585.00,589.00,577.50,578.50,6113300,0
EXPN.L,20070315,578.00,590.00,574.00,585.00,5068000,0
EXPN.L,20070314,571.50,577.00,561.50,570.00,7909400,0
EXPN.L,20070313,582.50,590.00,579.50,582.00,6698100,0
EXPN.L,20070312,595.50,596.00,587.00,587.50,3777900,0
EXPN.L,20070309,592.00,600.00,583.00,591.50,6660200,0
EXPN.L,20070308,584.50,598.00,580.00,593.50,9765000,0
EXPN.L,20070307,577.50,583.00,577.50,581.00,5560100,0
EXPN.L,20070306,575.50,583.00,570.50,580.00,7361100,0
EXPN.L,20070305,580.00,582.50,568.00,572.50,11540400,0
EXPN.L,20070302,593.00,598.00,581.50,585.00,10036600,0
EXPN.L,20070301,592.00,611.00,587.50,593.00,13535400,0
EXPN.L,20070228,596.50,606.00,587.00,595.50,13008300,0
EXPN.L,20070227,631.00,631.00,603.00,604.00,10473800,0
EXPN.L,20070226,623.00,637.00,623.00,631.50,7218500,0
EXPN.L,20070223,621.50,623.50,611.00,622.50,6604600,0
EXPN.L,20070222,615.50,621.00,610.00,618.50,5974400,0
EXPN.L,20070221,618.00,620.50,609.00,611.50,8862900,0
EXPN.L,20070220,624.00,624.00,608.50,612.00,7259700,0
EXPN.L,20070219,610.50,625.50,610.50,622.00,8501600,0
EXPN.L,20070216,600.00,612.50,600.00,612.00,11842100,0
EXPN.L,20070215,603.50,605.00,597.00,602.00,7840100,0
EXPN.L,20070214,601.00,605.00,596.50,600.00,3365100,0
EXPN.L,20070213,609.50,609.50,600.00,602.00,4135500,0
EXPN.L,20070212,599.50,602.50,594.50,596.50,2526800,0
EXPN.L,20070209,597.50,606.00,597.50,603.00,3594500,0
EXPN.L,20070208,605.00,607.00,595.50,597.50,5546100,0
EXPN.L,20070207,605.00,605.00,598.50,600.00,5771500,0
EXPN.L,20070206,601.00,606.50,598.00,605.00,3793900,0
EXPN.L,20070205,604.00,608.50,597.00,599.00,4754100,0
EXPN.L,20070202,595.00,608.00,592.00,604.00,13088600,0
EXPN.L,20070201,578.00,597.50,578.00,591.00,19622200,0
EXPN.L,20070131,574.00,580.50,574.00,577.50,7101200,0
EXPN.L,20070130,577.00,581.50,571.50,576.00,8776300,0
EXPN.L,20070129,576.00,576.50,570.50,576.50,7347700,0
EXPN.L,20070126,580.00,581.00,574.00,575.00,11105400,0
EXPN.L,20070125,591.50,596.00,580.50,581.00,18595000,0
EXPN.L,20070124,587.50,599.00,585.50,596.00,10117300,0
EXPN.L,20070123,586.00,590.00,581.00,587.50,8575900,0
EXPN.L,20070122,585.00,592.50,584.00,587.00,4257000,0
EXPN.L,20070119,592.00,592.00,584.00,586.00,10834000,0
EXPN.L,20070118,583.00,590.50,583.00,590.00,6114700,0
EXPN.L,20070117,587.00,588.50,579.00,585.00,4894400,0
EXPN.L,20070116,591.00,593.50,586.00,586.00,10221000,0
EXPN.L,20070115,586.50,593.00,583.00,590.50,4847300,0
EXPN.L,20070112,588.50,591.00,583.00,586.00,10022500,0
EXPN.L,20070111,580.00,591.50,574.50,587.50,8479600,0
EXPN.L,20070110,594.00,600.00,578.50,580.00,26080300,0
EXPN.L,20070109,593.00,598.00,590.00,594.00,7117600,0
EXPN.L,20070108,588.00,593.00,585.00,587.50,4951000,0
EXPN.L,20070105,585.50,594.00,585.50,589.00,3406400,0
EXPN.L,20070104,594.00,595.50,582.00,589.00,4867600,0
EXPN.L,20070103,598.00,599.00,593.50,596.00,7310300,0
EXPN.L,20070102,603.00,603.00,596.00,592.50,6386700,0
EXPN.L,20070101,599.50,599.50,599.50,593.99,000,0
EXPN.L,20061229,595.00,605.50,594.00,593.99,2337300,0
EXPN.L,20061228,600.00,600.00,593.50,591.01,839800,0
EXPN.L,20061227,600.00,605.00,595.50,594.48,1183200,0
EXPN.L,20061226,597.00,597.00,597.00,591.51,000,0
EXPN.L,20061225,597.00,597.00,597.00,591.51,000,0
EXPN.L,20061222,593.00,597.50,584.00,591.51,752500,0
EXPN.L,20061221,592.00,596.00,590.00,585.56,2553800,0
EXPN.L,20061220,591.00,606.00,591.00,587.55,8312800,0
EXPN.L,20061219,585.50,589.00,584.00,582.10,5435200,0
EXPN.L,20061218,590.00,592.00,584.00,582.10,5563000,0
EXPN.L,20061215,588.50,592.50,585.50,582.10,8508500,0
EXPN.L,20061214,580.00,592.00,580.00,580.61,7290300,0
EXPN.L,20061213,577.50,594.00,576.50,576.65,14724900,0
EXPN.L,20061212,583.00,583.00,574.00,574.67,9540800,0
EXPN.L,20061211,583.50,588.50,578.00,574.17,6803000,0
EXPN.L,20061208,582.00,586.00,577.00,574.67,5417100,0
EXPN.L,20061207,570.00,585.50,570.00,579.12,11859500,0
EXPN.L,20061206,570.00,577.00,568.00,569.71,5049700,0
EXPN.L,20061205,574.00,578.00,570.00,566.74,4597500,0
EXPN.L,20061204,578.50,584.00,574.00,568.72,4236900,0
EXPN.L,20061201,593.50,604.00,578.00,574.67,8732700,0
EXPN.L,20061130,575.00,590.50,575.00,581.60,11828000,0
EXPN.L,20061129,570.00,584.00,570.00,571.69,14394900,0
EXPN.L,20061128,585.50,589.00,563.50,560.79,19607700,0
EXPN.L,20061127,598.50,604.00,585.50,580.61,5702500,0
EXPN.L,20061124,614.50,616.50,590.50,594.98,12173500,0
EXPN.L,20061123,616.50,623.00,609.50,607.36,7967500,0
EXPN.L,20061122,617.50,623.00,611.50,605.88,11534800,0
EXPN.L,20061121,599.00,624.50,598.00,613.80,19748700,0
EXPN.L,20061120,598.50,610.00,590.50,594.48,6838700,0
EXPN.L,20061117,605.00,609.00,600.00,596.96,9471000,0
EXPN.L,20061116,608.50,612.00,595.00,598.44,5336900,0
EXPN.L,20061115,620.00,620.00,606.00,605.38,8718200,0
EXPN.L,20061114,597.00,628.00,595.00,609.34,19329000,0
EXPN.L,20061113,588.00,602.00,588.00,593.99,6016600,0
EXPN.L,20061110,582.00,592.00,575.00,580.61,2926900,0
EXPN.L,20061109,585.00,587.50,580.50,576.15,6705800,0
EXPN.L,20061108,590.00,595.00,582.50,581.60,5842200,0
EXPN.L,20061107,575.50,594.00,575.50,585.56,5501000,0
EXPN.L,20061106,572.00,577.00,571.50,571.69,6618200,0
EXPN.L,20061103,573.50,582.00,569.00,572.68,9571000,0
EXPN.L,20061102,570.00,575.00,562.00,559.80,9953700,0
EXPN.L,20061101,572.50,579.50,571.00,567.23,6640200,0
EXPN.L,20061031,572.00,577.50,567.00,571.69,7122100,0
EXPN.L,20061030,572.00,575.00,565.50,566.24,4696700,0
EXPN.L,20061027,585.00,585.00,570.00,568.23,8272600,0
EXPN.L,20061026,590.00,590.00,583.50,578.13,4053700,0
EXPN.L,20061025,590.00,590.00,583.50,584.57,5044200,0
EXPN.L,20061024,586.50,592.50,585.00,584.57,11666900,0
EXPN.L,20061023,589.00,590.00,580.50,579.62,6387200,0
EXPN.L,20061020,575.00,595.00,575.00,583.09,12232600,0
EXPN.L,20061019,575.50,588.00,570.50,572.68,11832800,0
EXPN.L,20061018,560.00,591.00,559.00,575.66,31162500,0
EXPN.L,20061017,566.50,570.00,558.00,554.35,14282000,0
EXPN.L,20061016,570.00,574.00,564.00,564.76,9987200,0
EXPN.L,20061013,578.50,580.00,568.00,566.74,19646300,0
EXPN.L,20061012,577.00,577.50,566.00,568.72,26306100,0
EXPN.L,20061011,561.00,582.00,561.00,568.72,19262100,0
EXPN.L,20061010,571.50,583.50,571.50,573.18,14242000,0
EXPN.L,20061009,560.00,605.00,560.00,570.70,27574800,0
