FRES.L,20120824,1578.00,1585.00,1546.00,1582.00,541100,0
FRES.L,20120823,1550.00,1604.00,1547.82,1586.00,859100,0
FRES.L,20120822,1558.00,1558.00,1504.00,1526.00,810300,0
FRES.L,20120821,1502.00,1602.00,1501.50,1581.00,718400,0
FRES.L,20120820,1528.00,1528.00,1485.00,1494.00,330200,0
FRES.L,20120817,1517.00,1527.00,1506.00,1514.65,446900,0
FRES.L,20120816,1499.00,1536.00,1495.00,1511.00,504600,0
FRES.L,20120815,1533.00,1540.00,1482.00,1489.00,501000,0
FRES.L,20120814,1570.00,1576.00,1536.00,1545.00,470800,0
FRES.L,20120810,1578.00,1593.00,1561.00,1581.00,615200,0
FRES.L,20120809,1570.00,1593.03,1555.40,1585.95,1037800,0
FRES.L,20120808,1525.00,1565.00,1511.00,1565.00,653400,0
FRES.L,20120807,1493.00,1530.15,1488.45,1530.00,595400,0
FRES.L,20120806,1465.00,1494.00,1458.00,1491.00,435500,0
FRES.L,20120803,1433.00,1472.25,1423.00,1464.00,494900,0
FRES.L,20120802,1449.00,1471.00,1421.00,1428.00,720600,0
FRES.L,20120801,1453.00,1454.00,1419.00,1446.00,508600,0
FRES.L,20120731,1438.00,1461.00,1403.00,1456.00,730900,0
FRES.L,20120727,1423.00,1430.00,1398.00,1418.00,631100,0
FRES.L,20120726,1391.00,1412.00,1351.00,1407.00,609500,0
FRES.L,20120725,1366.00,1405.00,1355.00,1375.00,616800,0
FRES.L,20120724,1360.00,1371.00,1347.00,1360.00,331200,0
FRES.L,20120723,1379.00,1389.58,1334.00,1357.00,496500,0
FRES.L,20120720,1425.00,1435.00,1387.00,1389.00,539400,0
FRES.L,20120719,1438.00,1438.00,1404.00,1428.00,513700,0
FRES.L,20120718,1431.00,1480.00,1424.00,1430.00,724300,0
FRES.L,20120717,1431.00,1434.00,1402.00,1408.00,534800,0
FRES.L,20120716,1441.00,1441.00,1417.00,1423.00,370600,0
FRES.L,20120713,1429.00,1452.00,1407.00,1444.00,521000,0
FRES.L,20120712,1436.00,1443.00,1396.00,1405.00,855200,0
FRES.L,20120711,1472.00,1485.00,1442.00,1448.00,537200,0
FRES.L,20120710,1487.00,1491.00,1444.00,1484.00,559000,0
FRES.L,20120709,1491.00,1492.00,1464.00,1474.00,404900,0
FRES.L,20120706,1489.00,1499.00,1473.00,1483.00,378000,0
FRES.L,20120705,1506.00,1542.00,1485.00,1499.00,676000,0
FRES.L,20120704,1517.00,1533.00,1510.00,1513.00,530900,0
FRES.L,20120703,1478.00,1525.00,1469.00,1524.00,620500,0
FRES.L,20120702,1460.00,1493.00,1452.00,1490.00,584600,0
FRES.L,20120629,1466.00,1484.00,1439.00,1457.00,746300,0
FRES.L,20120628,1429.00,1433.00,1380.00,1415.00,781300,0
FRES.L,20120627,1443.00,1444.00,1398.00,1421.00,540900,0
FRES.L,20120626,1430.00,1449.00,1415.00,1428.00,758200,0
FRES.L,20120625,1428.00,1438.00,1408.00,1418.00,1119600,0
FRES.L,20120622,1481.00,1488.00,1416.00,1418.00,1140500,0
FRES.L,20120621,1525.00,1559.00,1492.00,1492.00,1144300,0
FRES.L,20120620,1558.00,1596.00,1528.00,1543.00,1199300,0
FRES.L,20120619,1557.00,1585.00,1540.00,1549.00,969300,0
FRES.L,20120618,1549.00,1567.00,1519.00,1558.00,987400,0
FRES.L,20120615,1470.00,1532.92,1465.00,1532.00,4236000,0
FRES.L,20120614,1475.00,1479.00,1434.00,1452.00,1049100,0
FRES.L,20120613,1431.00,1493.00,1423.00,1487.00,1100400,0
FRES.L,20120612,1400.00,1437.00,1387.00,1429.00,927300,0
FRES.L,20120611,1487.00,1488.13,1388.00,1396.00,760000,0
FRES.L,20120608,1430.00,1447.00,1405.00,1442.00,928800,0
FRES.L,20120607,1475.00,1513.00,1422.00,1442.00,1289200,0
FRES.L,20120606,1419.00,1475.34,1402.40,1472.00,1303500,0
FRES.L,20120601,1349.00,1379.00,1259.00,1371.00,1753700,0
FRES.L,20120531,1319.00,1348.94,1312.00,1348.00,1188200,0
FRES.L,20120530,1339.00,1339.00,1295.00,1307.00,689800,0
FRES.L,20120529,1349.00,1359.00,1328.00,1348.00,543700,0
FRES.L,20120528,1337.00,1354.00,1322.00,1322.00,298100,0
FRES.L,20120525,1350.00,1358.00,1303.00,1317.00,786200,0
FRES.L,20120524,1337.00,1354.00,1317.00,1347.00,639100,0
FRES.L,20120523,1367.00,1367.00,1307.00,1312.00,809300,0
FRES.L,20120522,1341.00,1411.00,1336.00,1387.00,1002500,0
FRES.L,20120521,1351.00,1367.00,1306.00,1319.00,792900,0
FRES.L,20120518,1318.00,1374.80,1301.00,1358.00,1144300,0
FRES.L,20120517,1331.00,1351.00,1292.00,1330.00,1697600,0
FRES.L,20120516,1356.00,1357.00,1314.00,1323.00,1480000,0
FRES.L,20120514,1411.00,1411.00,1365.00,1381.00,462000,0
FRES.L,20120511,1411.00,1419.00,1381.00,1417.00,792300,0
FRES.L,20120510,1390.00,1428.00,1345.40,1417.00,1018900,0
FRES.L,20120509,1400.00,1400.00,1322.00,1376.00,2052300,0
FRES.L,20120508,1499.00,1516.80,1394.00,1394.00,1201900,0
FRES.L,20120504,1562.00,1563.17,1495.00,1506.00,674100,0
FRES.L,20120503,1571.00,1589.00,1550.00,1561.00,482100,0
FRES.L,20120502,1623.00,1625.30,1551.00,1569.00,774100,0
FRES.L,20120501,1575.00,1614.00,1555.00,1613.00,392400,0
FRES.L,20120430,1628.00,1628.00,1554.00,1560.00,619200,0
FRES.L,20120427,1602.00,1621.00,1586.00,1613.00,395900,0
FRES.L,20120426,1605.00,1638.00,1585.00,1614.00,690900,0
FRES.L,20120425,1553.00,1603.00,1549.00,1597.00,748600,0
FRES.L,20120424,1576.00,1592.50,1552.00,1569.00,468200,0
FRES.L,20120423,1616.00,1618.00,1531.00,1559.00,514700,0
FRES.L,20120420,1631.00,1643.00,1606.00,1632.00,744100,0
FRES.L,20120419,1655.00,1666.00,1625.00,1626.00,737000,0
FRES.L,20120418,1581.00,1651.00,1569.00,1624.00,1432600,0
FRES.L,20120417,1550.00,1574.00,1520.00,1573.00,742200,0
FRES.L,20120416,1570.00,1594.00,1552.00,1560.00,695100,0
FRES.L,20120413,1623.00,1626.00,1572.00,1578.00,635400,0
FRES.L,20120412,1583.00,1623.00,1576.00,1615.00,879900,0
FRES.L,20120411,1517.00,1588.00,1513.00,1568.00,966300,0
FRES.L,20120410,1529.00,1563.00,1516.00,1516.00,871200,0
FRES.L,20120405,1540.00,1571.84,1533.00,1539.00,1217900,0
FRES.L,20120404,1662.00,1670.00,1528.00,1533.00,1617200,0
FRES.L,20120403,1665.00,1690.00,1651.26,1671.00,677200,0
FRES.L,20120402,1624.00,1664.00,1615.00,1664.00,852500,0
FRES.L,20120330,1617.00,1638.00,1593.00,1598.00,965700,0
FRES.L,20120329,1614.00,1649.84,1575.00,1599.00,982700,0
FRES.L,20120328,1677.00,1682.00,1604.80,1609.00,807000,0
FRES.L,20120327,1700.00,1725.00,1669.00,1678.00,582600,0
FRES.L,20120326,1678.00,1712.00,1634.00,1688.00,702300,0
FRES.L,20120323,1627.00,1668.00,1600.00,1660.00,1097300,0
FRES.L,20120322,1730.00,1734.00,1600.00,1621.00,1366700,0
FRES.L,20120321,1700.00,1763.00,1694.00,1737.00,768300,0
FRES.L,20120320,1767.00,1776.00,1665.00,1687.00,1014600,0
FRES.L,20120319,1802.00,1808.95,1761.64,1776.00,405200,0
FRES.L,20120316,1789.00,1838.00,1774.00,1797.00,1012100,0
FRES.L,20120315,1809.00,1838.00,1772.00,1780.00,664400,0
FRES.L,20120314,1845.00,1858.00,1788.00,1793.00,1015300,0
FRES.L,20120313,1826.00,1840.00,1807.00,1830.00,469300,0
FRES.L,20120312,1801.00,1821.00,1788.37,1811.00,636500,0
FRES.L,20120309,1819.00,1819.25,1744.00,1801.00,1322500,0
FRES.L,20120308,1852.00,1871.00,1805.00,1824.00,602400,0
FRES.L,20120307,1862.00,1870.00,1776.00,1839.00,976400,0
FRES.L,20120306,1849.00,1888.00,1818.00,1830.00,952500,0
FRES.L,20120305,1879.00,1879.00,1817.00,1832.00,481700,0
FRES.L,20120302,1920.00,1928.00,1885.00,1896.00,400800,0
FRES.L,20120301,1895.00,1955.00,1868.00,1913.00,594400,0
FRES.L,20120229,1914.00,1972.00,1899.00,1902.00,1024000,0
FRES.L,20120228,1857.00,1912.00,1844.00,1906.00,573800,0
FRES.L,20120227,1848.00,1866.00,1830.00,1858.00,439100,0
FRES.L,20120224,1895.00,1899.00,1851.00,1864.00,489700,0
FRES.L,20120223,1773.00,1891.00,1771.00,1885.00,922900,0
FRES.L,20120222,1756.00,1787.00,1732.00,1777.00,506300,0
FRES.L,20120221,1751.00,1755.18,1724.00,1750.00,434500,0
FRES.L,20120220,1741.00,1773.00,1733.00,1747.00,234700,0
FRES.L,20120217,1752.00,1753.00,1711.00,1720.00,414800,0
FRES.L,20120216,1756.00,1756.00,1704.00,1733.00,425400,0
FRES.L,20120215,1807.00,1807.00,1748.00,1762.00,643400,0
FRES.L,20120214,1764.00,1784.00,1743.00,1784.00,454000,0
FRES.L,20120213,1773.00,1804.00,1763.00,1773.00,289000,0
FRES.L,20120210,1779.00,1796.00,1742.00,1754.00,642200,0
FRES.L,20120209,1805.00,1809.00,1775.00,1793.00,494200,0
FRES.L,20120208,1812.00,1840.00,1792.00,1797.00,293400,0
FRES.L,20120207,1825.00,1836.00,1780.00,1801.00,490700,0
FRES.L,20120206,1843.00,1849.87,1804.00,1817.00,517000,0
FRES.L,20120203,1844.00,1853.00,1823.57,1850.00,396800,0
FRES.L,20120202,1826.00,1857.00,1801.00,1848.00,550000,0
FRES.L,20120201,1755.00,1815.00,1728.00,1806.00,532100,0
FRES.L,20120131,1804.00,1804.00,1736.00,1736.00,918000,0
FRES.L,20120130,1790.00,1803.00,1760.00,1775.00,707200,0
FRES.L,20120127,1812.00,1842.00,1797.00,1801.00,692800,0
FRES.L,20120126,1786.00,1831.00,1772.00,1817.00,1079600,0
FRES.L,20120125,1770.00,1785.00,1710.00,1743.00,524900,0
FRES.L,20120124,1781.00,1790.00,1737.00,1752.00,713700,0
FRES.L,20120123,1726.00,1789.00,1708.70,1784.00,597700,0
FRES.L,20120120,1777.00,1777.00,1721.00,1725.00,602900,0
FRES.L,20120119,1769.00,1797.00,1734.00,1768.00,511600,0
FRES.L,20120118,1758.00,1775.00,1716.00,1765.00,492500,0
FRES.L,20120117,1736.00,1755.00,1724.00,1753.00,438400,0
FRES.L,20120116,1686.00,1715.00,1680.00,1707.00,573500,0
FRES.L,20120113,1740.00,1749.00,1648.00,1687.00,857500,0
FRES.L,20120112,1768.00,1823.98,1732.00,1733.00,571200,0
FRES.L,20120111,1734.00,1786.00,1723.00,1757.00,727400,0
FRES.L,20120110,1662.00,1747.00,1649.00,1732.00,904900,0
FRES.L,20120109,1667.00,1707.60,1628.80,1638.00,826600,0
FRES.L,20120106,1615.00,1669.00,1599.00,1661.00,660700,0
FRES.L,20120105,1579.00,1636.00,1573.00,1620.00,652700,0
FRES.L,20120104,1597.00,1625.00,1538.00,1569.00,614100,0
FRES.L,20120103,1564.00,1594.00,1549.00,1594.00,558100,0
FRES.L,20111230,1500.00,1527.00,1495.00,1527.00,159100,0
FRES.L,20111229,1514.00,1534.00,1485.15,1502.00,338500,0
FRES.L,20111228,1550.00,1550.00,1505.00,1506.00,305700,0
FRES.L,20111223,1547.00,1552.00,1532.00,1534.00,99100,0
FRES.L,20111222,1526.00,1554.00,1520.00,1539.00,338800,0
FRES.L,20111221,1565.00,1581.00,1518.00,1528.00,652800,0
FRES.L,20111220,1506.00,1550.00,1495.00,1540.00,541000,0
FRES.L,20111219,1549.00,1560.00,1503.00,1514.00,433300,0
FRES.L,20111216,1507.00,1581.00,1507.00,1553.00,779700,0
FRES.L,20111215,1500.00,1565.00,1474.00,1512.00,973500,0
FRES.L,20111214,1636.00,1637.00,1481.00,1494.00,1495200,0
FRES.L,20111213,1660.00,1694.00,1654.00,1681.00,480300,0
FRES.L,20111212,1772.00,1777.00,1654.00,1654.00,455900,0
FRES.L,20111209,1704.00,1791.28,1695.00,1769.00,381200,0
FRES.L,20111208,1779.00,1783.15,1713.00,1729.00,567400,0
FRES.L,20111207,1774.00,1791.00,1739.00,1757.00,428100,0
FRES.L,20111206,1725.00,1786.00,1704.00,1750.00,532400,0
FRES.L,20111205,1767.00,1787.00,1740.00,1757.00,329200,0
FRES.L,20111202,1758.00,1820.00,1749.00,1753.00,414000,0
FRES.L,20111201,1724.00,1792.00,1708.00,1741.00,551900,0
FRES.L,20111130,1623.00,1753.00,1590.00,1714.00,968700,0
FRES.L,20111129,1624.00,1648.00,1602.00,1639.00,409200,0
FRES.L,20111128,1587.00,1625.00,1580.00,1621.00,451600,0
FRES.L,20111125,1595.00,1610.00,1568.00,1583.00,433800,0
FRES.L,20111124,1539.00,1614.00,1534.38,1605.00,660400,0
FRES.L,20111123,1559.00,1578.00,1528.00,1537.00,593300,0
FRES.L,20111122,1610.00,1622.50,1549.00,1577.00,686000,0
FRES.L,20111121,1696.00,1678.75,1578.00,1593.00,979200,0
FRES.L,20111118,1753.00,1753.90,1683.00,1711.00,773500,0
FRES.L,20111117,1868.00,1839.75,1758.19,1759.00,1116500,0
FRES.L,20111116,1858.00,1882.00,1798.00,1869.00,545400,0
FRES.L,20111115,1808.00,1880.00,1781.00,1867.00,421700,0
FRES.L,20111114,1876.00,1890.12,1804.00,1812.00,284500,0
FRES.L,20111111,1838.00,1848.00,1792.00,1848.00,372400,0
FRES.L,20111110,1801.00,1854.00,1771.00,1829.00,742300,0
FRES.L,20111109,1875.00,1890.00,1812.00,1832.00,466200,0
FRES.L,20111108,1866.00,1904.00,1858.00,1862.00,355700,0
FRES.L,20111107,1835.00,1872.00,1797.00,1866.00,464900,0
FRES.L,20111104,1891.00,1930.00,1817.00,1839.00,563000,0
FRES.L,20111103,1758.00,1884.00,1737.00,1880.00,860800,0
FRES.L,20111102,1679.00,1799.00,1660.00,1783.00,885200,0
FRES.L,20111101,1666.00,1676.00,1628.00,1656.00,600400,0
FRES.L,20111031,1707.00,1737.00,1686.00,1698.00,754300,0
FRES.L,20111028,1738.00,1748.00,1705.00,1722.00,655700,0
FRES.L,20111027,1733.00,1746.00,1692.00,1729.00,724600,0
FRES.L,20111026,1592.00,1654.00,1592.00,1654.00,763500,0
FRES.L,20111025,1550.00,1587.00,1508.00,1584.00,699800,0
FRES.L,20111024,1525.00,1572.39,1521.00,1556.00,581900,0
FRES.L,20111021,1512.00,1524.00,1483.00,1505.00,793500,0
FRES.L,20111020,1536.00,1537.00,1492.00,1498.00,655400,0
FRES.L,20111019,1621.00,1627.00,1550.00,1555.00,437900,0
FRES.L,20111018,1615.00,1621.00,1542.00,1597.00,613000,0
FRES.L,20111017,1664.00,1688.00,1614.00,1629.00,324100,0
FRES.L,20111014,1646.00,1705.00,1632.00,1660.00,389900,0
FRES.L,20111013,1662.00,1678.00,1590.00,1629.00,644000,0
FRES.L,20111012,1626.00,1675.13,1588.00,1665.00,824700,0
FRES.L,20111011,1710.00,1713.00,1657.00,1699.00,421600,0
FRES.L,20111010,1680.00,1719.00,1648.00,1717.00,373400,0
FRES.L,20111007,1650.00,1687.00,1617.00,1663.00,482200,0
FRES.L,20111006,1562.00,1658.00,1555.00,1641.00,1075200,0
FRES.L,20111005,1520.00,1552.00,1473.00,1541.00,565300,0
FRES.L,20111004,1592.00,1592.00,1471.00,1499.00,864600,0
FRES.L,20111003,1565.00,1628.80,1524.00,1604.00,742000,0
FRES.L,20110930,1506.00,1607.00,1476.00,1586.00,1065500,0
FRES.L,20110929,1574.00,1581.00,1511.00,1514.00,583700,0
FRES.L,20110928,1670.00,1675.00,1574.00,1585.00,709500,0
FRES.L,20110927,1577.00,1688.00,1577.00,1681.00,940900,0
FRES.L,20110926,1527.00,1583.48,1489.00,1524.00,1266400,0
FRES.L,20110923,1716.00,1734.00,1612.00,1636.00,930100,0
FRES.L,20110922,1872.00,1875.00,1701.00,1709.00,820900,0
FRES.L,20110921,1925.00,1985.00,1910.00,1935.00,779000,0
FRES.L,20110920,1884.00,1952.00,1884.00,1943.00,557600,0
FRES.L,20110919,1869.00,1893.49,1810.00,1867.00,748600,0
FRES.L,20110916,1918.00,1923.00,1860.00,1882.00,1317600,0
FRES.L,20110915,1934.00,1951.00,1900.00,1907.00,816900,0
FRES.L,20110914,1932.00,1979.00,1901.00,1927.00,960200,0
FRES.L,20110913,1966.00,1979.00,1911.00,1930.00,957000,0
FRES.L,20110912,2096.00,2099.00,1986.00,1989.00,1164500,0
FRES.L,20110909,2150.00,2213.00,2134.00,2150.00,1132100,0
FRES.L,20110908,2072.00,2172.00,2039.00,2147.00,690500,0
FRES.L,20110907,2105.00,2129.00,2017.00,2048.95,720300,0
FRES.L,20110906,1980.00,2074.00,1978.00,2064.00,852400,0
FRES.L,20110905,2002.00,2030.00,1976.00,1986.00,439600,0
FRES.L,20110902,1999.00,2059.00,1983.00,2033.00,659000,0
FRES.L,20110901,2101.00,2101.00,2005.00,2022.00,674600,0
FRES.L,20110831,1997.00,2122.00,1989.00,2100.00,1155700,0
FRES.L,20110830,1902.00,1999.00,1901.00,1999.00,428200,0
FRES.L,20110826,1831.00,1878.19,1785.00,1876.00,697200,0
FRES.L,20110825,1875.00,1892.00,1803.00,1817.00,853200,0
FRES.L,20110824,1900.00,1946.00,1853.00,1872.00,1037500,0
FRES.L,20110823,2057.00,2078.00,1854.00,1882.00,1342400,0
FRES.L,20110822,1963.00,2081.00,1960.00,2039.00,77900,0
FRES.L,20110819,1848.00,2017.00,1800.00,1970.00,1084800,0
FRES.L,20110818,1948.00,1949.00,1824.00,1840.00,710300,0
FRES.L,20110817,1841.00,1966.20,1823.00,1966.00,1365500,0
FRES.L,20110816,1816.00,1870.03,1772.00,1861.00,688000,0
FRES.L,20110815,1746.00,1829.00,1733.00,1796.00,535200,0
FRES.L,20110812,1677.00,1725.00,1624.00,1725.00,639900,0
FRES.L,20110811,1691.00,1691.00,1603.00,1641.00,1075200,0
FRES.L,20110810,1709.00,1735.00,1613.00,1634.00,1111700,0
FRES.L,20110809,1803.00,1869.00,1628.00,1673.00,1936700,0
FRES.L,20110808,1829.00,1929.00,1795.00,1804.00,1339200,0
FRES.L,20110805,1833.00,1917.00,1803.00,1824.00,1633400,0
FRES.L,20110804,1916.00,1967.00,1842.00,1906.00,1363400,0
FRES.L,20110803,1805.00,1915.00,1770.00,1907.00,1749800,0
FRES.L,20110802,1705.00,1840.00,1695.00,1813.00,1432000,0
FRES.L,20110801,1770.00,1782.00,1730.00,1734.00,727100,0
FRES.L,20110729,1700.00,1775.00,1700.00,1760.00,1089300,0
FRES.L,20110728,1686.00,1727.00,1682.00,1722.00,521000,0
FRES.L,20110727,1689.00,1726.00,1684.00,1700.00,479700,0
FRES.L,20110726,1725.00,1731.79,1677.00,1692.00,645400,0
FRES.L,20110725,1673.00,1747.00,1672.00,1729.00,705700,0
FRES.L,20110722,1664.00,1695.00,1654.00,1681.00,619900,0
FRES.L,20110721,1656.00,1664.00,1618.00,1644.00,717100,0
FRES.L,20110720,1667.00,1674.00,1627.00,1652.00,675800,0
FRES.L,20110719,1668.00,1676.00,1650.00,1660.00,649200,0
FRES.L,20110718,1616.00,1673.00,1616.00,1659.00,926400,0
FRES.L,20110715,1578.00,1644.00,1574.00,1625.00,1011100,0
FRES.L,20110714,1510.00,1616.00,1510.00,1595.00,1207700,0
FRES.L,20110713,1440.00,1555.00,1440.00,1520.00,867500,0
FRES.L,20110712,1410.00,1441.00,1401.00,1440.00,664100,0
FRES.L,20110711,1418.00,1439.00,1418.00,1434.00,811700,0
FRES.L,20110708,1447.00,1460.00,1414.00,1424.00,543400,0
FRES.L,20110707,1416.00,1451.00,1400.00,1443.00,587900,0
FRES.L,20110706,1400.00,1414.00,1374.00,1405.00,652300,0
FRES.L,20110705,1404.00,1410.00,1393.00,1400.00,433200,0
FRES.L,20110704,1398.00,1411.00,1394.00,1404.00,467000,0
FRES.L,20110701,1399.00,1402.00,1375.00,1399.00,454800,0
FRES.L,20110630,1415.00,1415.00,1394.00,1402.00,809000,0
FRES.L,20110629,1405.00,1423.00,1394.00,1415.00,553800,0
FRES.L,20110628,1375.00,1411.00,1373.00,1398.00,712400,0
FRES.L,20110627,1349.00,1378.00,1347.00,1375.00,656000,0
FRES.L,20110624,1372.00,1391.00,1352.00,1357.00,1010300,0
FRES.L,20110623,1365.00,1382.00,1333.00,1341.00,712500,0
FRES.L,20110622,1372.00,1386.00,1359.00,1380.00,383800,0
FRES.L,20110621,1317.00,1368.00,1317.00,1368.00,559700,0
FRES.L,20110620,1300.00,1310.00,1283.00,1307.00,632100,0
FRES.L,20110617,1330.00,1346.00,1305.00,1329.00,925100,0
FRES.L,20110616,1329.00,1337.00,1308.00,1327.00,760900,0
FRES.L,20110615,1372.00,1386.00,1346.00,1346.00,989100,0
FRES.L,20110614,1380.00,1395.00,1363.00,1377.00,849900,0
FRES.L,20110613,1373.00,1388.00,1361.00,1378.00,737600,0
FRES.L,20110610,1418.00,1425.00,1374.00,1377.00,720600,0
FRES.L,20110609,1384.00,1428.00,1379.00,1417.00,615300,0
FRES.L,20110608,1414.00,1425.00,1360.00,1393.00,1019600,0
FRES.L,20110607,1421.00,1443.00,1419.00,1427.00,545300,0
FRES.L,20110606,1399.00,1429.00,1392.00,1428.00,426600,0
FRES.L,20110603,1438.00,1438.00,1380.00,1404.00,719200,0
FRES.L,20110602,1455.00,1455.00,1428.00,1428.00,635900,0
FRES.L,20110601,1458.00,1492.00,1451.00,1478.00,1144300,0
FRES.L,20110531,1425.00,1458.00,1424.00,1458.00,1032100,0
FRES.L,20110527,1401.00,1419.44,1396.00,1410.00,746900,0
FRES.L,20110526,1375.00,1391.00,1342.00,1381.00,1106700,0
FRES.L,20110525,1349.00,1360.00,1336.00,1350.00,1389300,0
FRES.L,20110524,1302.00,1359.00,1302.00,1356.00,1160300,0
FRES.L,20110523,1300.00,1311.00,1275.00,1302.00,841800,0
FRES.L,20110520,1332.00,1353.00,1307.00,1321.00,795100,0
FRES.L,20110519,1349.00,1356.00,1317.00,1325.00,757900,0
FRES.L,20110518,1330.00,1366.00,1321.00,1330.00,1165800,0
FRES.L,20110517,1337.00,1353.00,1305.00,1308.00,1145900,0
FRES.L,20110516,1311.00,1371.00,1297.00,1351.00,1094200,0
FRES.L,20110513,1318.00,1339.00,1313.00,1324.00,1307900,0
FRES.L,20110512,1380.00,1380.00,1281.00,1304.00,1859500,0
FRES.L,20110511,1480.00,1484.00,1411.00,1411.00,1325000,0
FRES.L,20110510,1449.00,1475.37,1443.00,1471.00,666100,0
FRES.L,20110509,1443.00,1467.00,1414.00,1438.00,1074100,0
FRES.L,20110506,1445.00,1450.00,1395.00,1436.00,1466000,0
FRES.L,20110505,1529.00,1540.00,1431.00,1445.00,1076200,0
FRES.L,20110504,1578.00,1581.00,1506.00,1515.00,1111000,0
FRES.L,20110503,1620.00,1639.00,1581.99,1598.00,989900,0
FRES.L,20110428,1626.00,1646.00,1609.00,1641.00,611600,0
FRES.L,20110427,1645.00,1650.00,1599.00,1606.00,517000,0
FRES.L,20110426,1619.00,1659.00,1610.00,1649.00,857700,0
FRES.L,20110421,1620.00,1662.00,1617.00,1648.00,636100,0
FRES.L,20110420,1586.00,1612.16,1575.00,1612.00,645600,0
FRES.L,20110419,1523.00,1569.00,1523.00,1559.00,558600,0
FRES.L,20110418,1576.00,1576.98,1509.00,1514.00,597700,0
FRES.L,20110415,1558.00,1582.00,1542.00,1575.00,677500,0
FRES.L,20110414,1572.00,1578.00,1529.00,1555.00,852400,0
FRES.L,20110413,1647.00,1647.00,1576.00,1576.00,1128600,0
FRES.L,20110412,1634.00,1639.88,1564.00,1576.00,922300,0
FRES.L,20110411,1657.00,1673.00,1641.00,1661.00,576700,0
FRES.L,20110408,1629.00,1658.00,1626.00,1646.00,603100,0
FRES.L,20110407,1640.00,1649.00,1605.00,1608.00,683400,0
FRES.L,20110406,1637.00,1666.00,1629.00,1633.00,824700,0
FRES.L,20110405,1616.00,1625.00,1594.00,1621.00,575600,0
FRES.L,20110404,1564.00,1624.00,1557.00,1611.00,601500,0
FRES.L,20110401,1554.00,1571.00,1542.00,1565.00,545100,0
FRES.L,20110331,1580.00,1580.00,1539.00,1543.00,1096800,0
FRES.L,20110330,1590.00,1603.00,1568.00,1572.00,607800,0
FRES.L,20110329,1542.00,1568.00,1522.00,1568.00,945600,0
FRES.L,20110328,1555.00,1562.00,1528.00,1535.00,546600,0
FRES.L,20110325,1549.00,1573.00,1530.00,1560.00,546700,0
FRES.L,20110324,1499.00,1546.00,1498.00,1533.00,931100,0
FRES.L,20110323,1447.00,1493.00,1441.00,1492.00,717700,0
FRES.L,20110322,1482.00,1505.00,1438.00,1455.00,734000,0
FRES.L,20110321,1467.00,1491.00,1452.00,1485.00,646600,0
FRES.L,20110318,1427.00,1462.00,1423.00,1442.00,1247500,0
FRES.L,20110317,1416.00,1426.00,1393.00,1419.00,1059400,0
FRES.L,20110316,1446.00,1446.00,1391.00,1400.00,1369600,0
FRES.L,20110315,1466.00,1474.00,1382.00,1433.00,1640700,0
FRES.L,20110314,1491.00,1519.00,1482.00,1499.00,878200,0
FRES.L,20110311,1510.00,1528.00,1482.00,1511.00,784300,0
FRES.L,20110310,1564.00,1564.00,1494.00,1513.00,1441900,0
FRES.L,20110309,1612.00,1637.00,1576.00,1589.00,849900,0
FRES.L,20110308,1636.00,1647.00,1570.00,1602.00,159900,0
FRES.L,20110307,1598.00,1656.00,1598.00,1633.00,1274300,0
FRES.L,20110304,1618.00,1627.00,1554.00,1608.00,1040300,0
FRES.L,20110303,1631.00,1651.00,1600.00,1614.00,1276000,0
FRES.L,20110302,1588.00,1644.00,1560.00,1614.00,109500,0
FRES.L,20110301,1629.00,1654.00,1569.00,1596.00,1221700,0
FRES.L,20110228,1582.00,1611.00,1556.00,1594.00,1016500,0
FRES.L,20110225,1554.00,1581.00,1543.00,1576.00,438300,0
FRES.L,20110224,1539.00,1556.00,1503.00,1552.00,189814400,0
FRES.L,20110223,1554.00,1554.00,1503.00,1533.00,1301300,0
FRES.L,20110222,1555.00,1572.00,1508.00,1560.00,1613800,0
FRES.L,20110221,1510.00,1594.00,1508.00,1550.00,1175900,0
FRES.L,20110218,1483.00,1508.00,1465.00,1507.00,1119100,0
FRES.L,20110217,1490.00,1507.00,1452.00,1476.00,579600,0
FRES.L,20110216,1464.00,1509.00,1445.00,1484.00,1466600,0
FRES.L,20110215,1489.00,1489.00,1436.00,1447.00,710200,0
FRES.L,20110214,1481.00,1491.00,1455.00,1489.00,759900,0
FRES.L,20110211,1443.00,1476.00,1430.00,1469.00,646300,0
FRES.L,20110210,1432.00,1455.00,1403.00,1440.00,1287800,0
FRES.L,20110209,1472.00,1473.00,1418.00,1425.00,586800,0
FRES.L,20110208,1451.00,1467.00,1404.00,1467.00,735300,0
FRES.L,20110207,1429.00,1449.00,1419.00,1449.00,451700,0
FRES.L,20110204,1431.00,1445.00,1414.00,1418.00,632400,0
FRES.L,20110203,1433.00,1433.00,1390.00,1414.00,738600,0
FRES.L,20110202,1410.00,1429.00,1394.00,1429.00,1059000,0
FRES.L,20110201,1321.00,1384.00,1318.00,1384.00,1145500,0
FRES.L,20110131,1315.00,1315.00,1278.00,1296.00,809300,0
FRES.L,20110128,1329.00,1329.00,1276.00,1316.00,1298500,0
FRES.L,20110127,1338.00,1405.00,1331.00,1337.00,871100,0
FRES.L,20110126,1330.00,1349.00,1305.00,1330.00,995300,0
FRES.L,20110125,1353.00,1356.00,1307.00,1312.00,802700,0
FRES.L,20110124,1361.00,1372.00,1335.00,1355.00,706700,0
FRES.L,20110121,1350.00,1373.00,1331.00,1349.00,923100,0
FRES.L,20110120,1432.00,1433.00,1333.00,1346.00,1415900,0
FRES.L,20110119,1477.00,1493.00,1423.00,1430.00,675200,0
FRES.L,20110118,1453.00,1487.00,1452.00,1466.00,551700,0
FRES.L,20110117,1499.00,1499.00,1423.00,1439.00,1212700,0
FRES.L,20110114,1578.00,1595.00,1478.00,1492.00,1882900,0
FRES.L,20110113,1541.00,1558.00,1502.00,1558.00,597100,0
FRES.L,20110112,1570.00,1583.00,1530.00,1533.00,851000,0
FRES.L,20110111,1529.00,1574.00,1514.00,1559.00,811400,0
FRES.L,20110110,1568.00,1568.00,1484.00,1521.00,1118200,0
FRES.L,20110107,1612.00,1612.00,1516.00,1556.00,1185500,0
FRES.L,20110106,1676.00,1688.00,1566.00,1578.00,1103900,0
FRES.L,20110105,1673.00,1694.00,1635.00,1667.00,831200,0
FRES.L,20110104,1768.00,1768.00,1675.00,1682.00,795900,0
FRES.L,20101231,1670.00,1688.00,1659.00,1668.00,159400,0
FRES.L,20101230,1625.00,1667.00,1625.00,1661.00,372300,0
FRES.L,20101229,1609.00,1638.00,1583.00,1619.00,229900,0
FRES.L,20101224,1585.00,1607.00,1585.00,1607.00,22900,0
FRES.L,20101223,1606.00,1616.00,1582.00,1584.00,163000,0
FRES.L,20101222,1590.00,1617.00,1581.00,1602.00,226900,0
FRES.L,20101221,1569.00,1605.00,1569.00,1594.00,391400,0
FRES.L,20101220,1530.00,1567.00,1530.00,1547.00,269100,0
FRES.L,20101217,1542.00,1558.00,1514.00,1538.00,1389000,0
FRES.L,20101216,1565.00,1582.00,1521.00,1525.00,494800,0
FRES.L,20101215,1590.00,1590.00,1550.00,1555.00,729000,0
FRES.L,20101214,1597.00,1598.00,1573.00,1595.00,639800,0
FRES.L,20101213,1549.00,1598.00,1547.00,1594.00,364500,0
FRES.L,20101210,1528.00,1557.00,1515.00,1533.00,491800,0
FRES.L,20101209,1547.00,1578.00,1504.00,1518.00,854900,0
FRES.L,20101208,1609.00,1609.00,1521.00,1527.00,1055600,0
FRES.L,20101207,1574.00,1641.00,1574.00,1605.00,917200,0
FRES.L,20101206,1576.00,1589.00,1559.00,1574.00,1099500,0
FRES.L,20101203,1522.00,1575.00,1513.00,1568.00,566600,0
FRES.L,20101202,1477.00,1508.00,1459.00,1508.00,735000,0
FRES.L,20101201,1446.00,1467.00,1435.00,1458.00,807200,0
FRES.L,20101130,1412.00,1424.00,1379.00,1411.00,689300,0
FRES.L,20101129,1447.00,1461.00,1404.00,1406.00,673800,0
FRES.L,20101126,1453.00,1470.00,1426.00,1442.00,457600,0
FRES.L,20101125,1453.00,1476.00,1438.00,1469.00,462600,0
FRES.L,20101124,1430.00,1451.00,1408.00,1448.00,382900,0
FRES.L,20101123,1389.00,1435.00,1385.00,1425.00,856100,0
FRES.L,20101122,1429.00,1437.00,1388.00,1404.00,396500,0
FRES.L,20101119,1420.00,1420.00,1390.00,1408.00,420500,0
FRES.L,20101118,1360.00,1415.00,1341.00,1414.00,683000,0
FRES.L,20101117,1351.00,1366.00,1328.00,1346.00,798300,0
FRES.L,20101116,1439.00,1439.00,1358.00,1361.00,1077400,0
FRES.L,20101115,1442.00,1464.00,1420.00,1453.00,309500,0
FRES.L,20101112,1425.00,1480.00,1400.00,1450.00,670000,0
FRES.L,20101111,1424.00,1461.00,1420.00,1460.00,1304900,0
FRES.L,20101110,1426.00,1440.00,1385.00,1396.00,929000,0
FRES.L,20101109,1413.00,1455.00,1413.00,1445.97,818300,0
FRES.L,20101108,1419.00,1419.00,1388.00,1410.00,540300,0
FRES.L,20101105,1377.00,1436.00,1367.00,1413.00,851900,0
FRES.L,20101104,1321.00,1367.00,1320.00,1367.00,604300,0
FRES.L,20101103,1294.00,1314.00,1281.00,1293.00,894400,0
FRES.L,20101102,1253.00,1283.00,1253.00,1272.00,391900,0
FRES.L,20101101,1267.00,1276.00,1245.00,1257.00,525300,0
FRES.L,20101029,1254.00,1255.00,1226.00,1250.00,756500,0
FRES.L,20101028,1266.00,1269.00,1243.00,1254.00,471800,0
FRES.L,20101027,1260.00,1266.00,1239.00,1247.00,711500,0
FRES.L,20101026,1262.00,1285.00,1239.00,1264.00,507600,0
FRES.L,20101025,1261.00,1291.00,1259.00,1271.00,881000,0
FRES.L,20101022,1243.00,1257.00,1231.00,1251.00,530100,0
FRES.L,20101021,1237.00,1269.00,1236.00,1250.00,475500,0
FRES.L,20101020,1228.00,1246.00,1197.00,1244.00,686800,0
FRES.L,20101019,1296.00,1303.00,1223.00,1223.00,630700,0
FRES.L,20101018,1288.00,1296.00,1258.00,1291.00,354700,0
FRES.L,20101015,1324.00,1325.00,1280.00,1299.00,684100,0
FRES.L,20101014,1297.00,1317.00,1275.00,1311.00,687200,0
FRES.L,20101013,1267.00,1300.00,1265.00,1282.00,916000,0
FRES.L,20101012,1229.00,1245.00,1214.00,1241.00,589000,0
FRES.L,20101011,1258.00,1260.00,1234.00,1242.00,495600,0
FRES.L,20101008,1265.00,1276.00,1224.00,1248.00,871400,0
FRES.L,20101007,1311.00,1329.00,1286.00,1289.00,706200,0
FRES.L,20101006,1304.00,1333.00,1303.00,1315.00,510800,0
FRES.L,20101005,1265.00,1304.00,1259.00,1300.00,594900,0
FRES.L,20101004,1270.00,1290.00,1261.00,1266.00,457500,0
FRES.L,20101001,1264.00,1288.00,1234.00,1270.00,1134900,0
FRES.L,20100930,1247.00,1272.00,1236.00,1242.00,818400,0
FRES.L,20100929,1244.00,1253.00,1223.00,1250.00,1172700,0
FRES.L,20100928,1227.00,1234.00,1198.00,1233.00,607400,0
FRES.L,20100927,1226.00,1238.00,1212.00,1225.00,338000,0
FRES.L,20100924,1209.00,1240.00,1197.00,1232.00,502400,0
FRES.L,20100923,1223.00,1240.00,1195.00,1217.00,428900,0
FRES.L,20100922,1203.00,1228.00,1196.00,1218.00,585500,0
FRES.L,20100921,1181.00,1203.00,1174.00,1196.00,714700,0
FRES.L,20100920,1175.00,1188.00,1172.00,1181.00,306100,0
FRES.L,20100917,1193.00,1196.00,1163.00,1168.00,853600,0
FRES.L,20100916,1189.00,1190.00,1170.00,1181.00,486100,0
FRES.L,20100915,1189.00,1197.00,1169.00,1189.00,555700,0
FRES.L,20100914,1158.00,1197.00,1152.00,1190.00,714000,0
FRES.L,20100913,1141.00,1162.00,1137.00,1160.00,566000,0
FRES.L,20100910,1135.00,1144.00,1133.00,1137.00,265400,0
FRES.L,20100909,1114.00,1154.00,1114.00,1141.00,391800,0
FRES.L,20100908,1099.00,1123.00,1092.00,1120.00,387500,0
FRES.L,20100907,1099.00,1111.00,1081.00,1100.00,435100,0
FRES.L,20100906,1115.00,1116.00,1101.00,1104.00,270300,0
FRES.L,20100903,1107.00,1131.00,1086.00,1109.00,633800,0
FRES.L,20100902,1116.00,1125.00,1089.00,1097.00,855900,0
FRES.L,20100901,1101.00,1138.00,1101.00,1119.00,1014900,0
FRES.L,20100831,1055.00,1091.00,1042.00,1090.00,651900,0
FRES.L,20100827,1037.00,1058.00,1028.00,1056.00,350700,0
FRES.L,20100826,1000.00,1053.00,1000.00,1045.00,591800,0
FRES.L,20100825,1001.00,1017.00,984.00,997.50,506900,0
FRES.L,20100824,995.50,1009.00,986.50,1000.00,631900,0
FRES.L,20100823,994.50,1030.00,983.00,1011.00,534300,0
FRES.L,20100820,1010.00,1010.00,982.00,990.00,467300,0
FRES.L,20100819,1036.00,1039.00,999.50,1002.00,429600,0
FRES.L,20100818,1053.00,1053.00,1013.00,1025.00,605300,0
FRES.L,20100817,1017.00,1051.00,1017.00,1051.00,411300,0
FRES.L,20100816,1004.00,1023.00,995.00,1018.00,256500,0
FRES.L,20100813,1028.00,1038.00,1002.00,1004.00,401700,0
FRES.L,20100812,1017.00,1032.00,1008.00,1022.00,435400,0
FRES.L,20100811,1058.00,1059.00,1021.00,1022.00,412000,0
FRES.L,20100810,1069.00,1076.00,1051.00,1062.00,591500,0
FRES.L,20100809,1072.00,1088.00,1066.00,1075.00,299600,0
FRES.L,20100806,1056.00,1076.00,1049.00,1057.00,629300,0
FRES.L,20100805,1087.00,1105.00,1039.00,1043.00,981900,0
FRES.L,20100804,1087.00,1099.00,1061.00,1098.00,576600,0
FRES.L,20100803,1074.00,1080.00,1039.00,1070.00,681800,0
FRES.L,20100802,1035.00,1072.00,1030.00,1058.00,547100,0
FRES.L,20100730,1032.00,1039.00,1010.00,1031.00,570400,0
FRES.L,20100729,1031.00,1049.00,1029.00,1029.00,490800,0
FRES.L,20100728,1048.00,1065.00,1027.00,1034.00,771300,0
FRES.L,20100727,1070.00,1070.00,1032.00,1040.00,858000,0
FRES.L,20100726,1096.00,1100.00,1051.00,1063.00,829300,0
FRES.L,20100723,1098.00,1110.00,1086.00,1091.00,505100,0
FRES.L,20100722,1084.00,1106.00,1075.00,1104.00,568400,0
FRES.L,20100721,1070.00,1112.00,1070.00,1095.00,788700,0
FRES.L,20100720,1053.00,1074.00,1035.00,1062.00,696200,0
FRES.L,20100719,1059.00,1065.00,1043.00,1050.00,461200,0
FRES.L,20100716,1108.00,1109.00,1057.00,1060.00,605400,0
FRES.L,20100715,1106.00,1139.00,1095.00,1101.00,813200,0
FRES.L,20100714,1093.00,1124.00,1089.00,1113.00,604900,0
FRES.L,20100713,1064.00,1097.00,1064.00,1097.00,337400,0
FRES.L,20100712,1088.00,1088.00,1070.00,1072.00,315600,0
FRES.L,20100709,1075.00,1095.00,1064.00,1089.00,661200,0
FRES.L,20100708,1053.00,1073.00,1043.00,1060.00,517500,0
FRES.L,20100707,970.50,1032.00,970.50,1032.00,903200,0
FRES.L,20100706,947.00,1000.00,947.00,996.50,736600,0
FRES.L,20100705,963.50,965.50,946.00,950.00,325500,0
FRES.L,20100702,974.00,981.00,955.50,964.00,926300,0
FRES.L,20100701,973.00,1008.00,953.00,969.00,1243100,0
FRES.L,20100630,1002.00,1017.00,975.00,979.50,917600,0
FRES.L,20100629,1029.00,1035.00,997.00,1000.00,669100,0
FRES.L,20100628,1010.00,1052.00,1005.00,1052.00,762400,0
FRES.L,20100625,1040.00,1044.00,1001.00,1003.00,651300,0
FRES.L,20100624,1078.00,1078.00,1018.00,1026.00,487500,0
FRES.L,20100623,1057.00,1093.00,1045.00,1059.00,570400,0
FRES.L,20100622,1068.00,1070.00,1039.00,1052.00,802900,0
FRES.L,20100621,1083.00,1115.00,1080.00,1086.00,651500,0
FRES.L,20100618,1031.00,1064.00,1029.00,1060.00,735500,0
FRES.L,20100617,1044.00,1047.00,1013.00,1025.00,1684000,0
FRES.L,20100616,1057.00,1069.00,1051.00,1055.00,993300,0
FRES.L,20100615,1045.00,1084.00,1043.00,1070.00,603600,0
FRES.L,20100614,1028.00,1063.00,1028.00,1060.00,676300,0
FRES.L,20100611,1022.00,1024.00,987.50,1009.00,1180500,0
FRES.L,20100610,978.50,1025.00,974.00,1013.00,1041900,0
FRES.L,20100609,943.00,989.00,935.50,982.50,1276600,0
FRES.L,20100608,897.00,942.50,896.50,939.00,1211100,0
FRES.L,20100607,884.00,910.00,884.00,897.50,503300,0
FRES.L,20100604,910.00,937.50,900.50,907.00,907300,0
FRES.L,20100603,944.00,950.00,925.00,928.50,668200,0
FRES.L,20100602,896.50,928.00,890.00,920.50,1289600,0
FRES.L,20100601,900.00,914.50,882.00,905.50,1136800,0
FRES.L,20100528,897.00,912.00,887.50,904.00,1408500,0
FRES.L,20100527,850.00,888.00,850.00,883.00,1066800,0
FRES.L,20100526,826.50,858.50,813.00,843.00,781000,0
FRES.L,20100525,816.00,831.50,800.00,811.50,898000,0
FRES.L,20100524,861.00,866.00,816.00,841.50,814000,0
FRES.L,20100521,817.50,853.00,814.50,850.00,1190800,0
FRES.L,20100520,844.50,848.50,794.50,815.00,1158400,0
FRES.L,20100519,856.00,859.50,823.00,841.50,1107100,0
FRES.L,20100518,891.50,895.00,867.50,875.50,640500,0
FRES.L,20100517,874.00,906.50,868.00,875.00,710200,0
FRES.L,20100514,878.50,920.00,876.50,887.00,993200,0
FRES.L,20100513,865.50,899.50,865.50,894.00,975800,0
FRES.L,20100512,839.50,872.50,821.50,862.00,1036000,0
FRES.L,20100511,865.00,865.00,826.00,844.50,714800,0
FRES.L,20100510,826.50,873.50,820.00,861.00,1306300,0
FRES.L,20100507,793.00,825.50,779.00,801.00,1092700,0
FRES.L,20100506,796.00,833.00,789.00,811.50,1687600,0
FRES.L,20100505,782.50,815.00,760.50,807.00,1546400,0
FRES.L,20100504,786.00,808.50,759.50,763.50,773500,0
FRES.L,20100430,821.50,838.00,800.50,801.50,580000,0
FRES.L,20100429,809.50,825.00,800.00,818.00,524500,0
FRES.L,20100428,795.00,819.50,793.00,806.50,762200,0
FRES.L,20100427,835.50,835.50,803.00,803.00,664600,0
FRES.L,20100426,848.00,854.00,832.00,840.00,1045000,0
FRES.L,20100423,819.50,842.50,809.50,835.00,782900,0
FRES.L,20100422,832.00,844.50,805.50,816.00,791300,0
FRES.L,20100421,848.00,853.50,827.00,833.50,617500,0
FRES.L,20100420,827.50,841.50,827.50,837.50,318000,0
FRES.L,20100419,837.00,842.00,825.50,826.50,813600,0
FRES.L,20100416,858.00,868.50,839.00,843.00,599400,0
FRES.L,20100415,868.00,873.50,853.50,865.00,451900,0
FRES.L,20100414,853.50,871.00,844.00,870.00,700300,0
FRES.L,20100413,866.00,868.00,842.00,846.00,546100,0
FRES.L,20100412,886.00,896.50,866.50,867.00,419600,0
FRES.L,20100409,859.50,885.50,859.50,884.00,424000,0
FRES.L,20100408,869.50,874.00,848.50,854.00,878100,0
FRES.L,20100407,877.00,881.00,865.00,872.50,453900,0
FRES.L,20100406,870.50,882.50,866.00,878.00,282400,0
FRES.L,20100401,850.50,873.50,850.50,868.00,570500,0
FRES.L,20100331,839.50,852.00,838.00,848.00,865700,0
FRES.L,20100330,841.50,850.00,836.50,842.00,1062500,0
FRES.L,20100329,835.00,846.00,826.00,835.00,340400,0
FRES.L,20100326,827.00,838.00,817.00,834.00,616000,0
FRES.L,20100325,822.50,831.00,795.50,827.50,549800,0
FRES.L,20100324,822.00,839.00,811.00,819.50,726600,0
FRES.L,20100323,834.00,844.50,829.50,839.50,521600,0
FRES.L,20100322,824.50,831.00,801.00,830.00,433300,0
FRES.L,20100319,841.00,858.50,824.50,827.00,1249600,0
FRES.L,20100318,851.00,853.50,832.00,836.50,401400,0
FRES.L,20100317,838.50,855.00,833.00,854.00,910800,0
FRES.L,20100316,821.50,843.50,820.50,826.00,645300,0
FRES.L,20100315,843.00,844.50,818.50,820.00,328200,0
FRES.L,20100312,839.00,859.00,835.50,846.00,491700,0
FRES.L,20100311,863.00,863.50,835.50,842.00,618900,0
FRES.L,20100310,837.00,871.00,834.00,867.00,486100,0
FRES.L,20100309,848.00,848.00,823.50,840.00,599900,0
FRES.L,20100308,849.50,880.00,836.00,848.00,500800,0
FRES.L,20100305,815.50,852.00,815.50,846.50,761200,0
FRES.L,20100304,830.00,832.00,809.00,812.50,659300,0
FRES.L,20100303,812.50,841.50,812.00,839.50,880500,0
FRES.L,20100302,787.50,817.50,785.00,817.50,1039900,0
FRES.L,20100301,763.50,787.00,763.50,782.50,781300,0
FRES.L,20100226,744.50,754.50,739.50,750.50,935400,0
FRES.L,20100225,753.00,759.50,727.50,737.00,889500,0
FRES.L,20100224,754.50,761.00,735.00,757.00,1136500,0
FRES.L,20100223,779.00,790.00,746.00,751.50,724700,0
FRES.L,20100222,775.50,795.00,771.00,777.50,792400,0
FRES.L,20100219,778.50,779.00,754.00,774.00,1120000,0
FRES.L,20100218,768.50,786.00,750.00,785.50,726800,0
FRES.L,20100217,767.50,780.00,762.00,770.00,878300,0
FRES.L,20100216,739.50,763.00,735.50,760.00,647200,0
FRES.L,20100215,728.50,742.50,726.50,731.50,372100,0
FRES.L,20100212,740.50,765.00,704.00,720.50,966100,0
FRES.L,20100211,732.00,753.50,720.00,730.50,1187500,0
FRES.L,20100210,738.50,747.50,716.00,723.00,1258500,0
FRES.L,20100209,705.00,737.00,704.50,729.00,1132200,0
FRES.L,20100208,676.00,709.00,672.50,705.00,1435200,0
FRES.L,20100205,664.00,670.50,647.00,669.50,1056800,0
FRES.L,20100204,705.00,710.00,667.50,671.00,774500,0
FRES.L,20100203,730.50,736.00,704.00,708.00,711700,0
FRES.L,20100202,707.50,728.50,698.00,724.50,966600,0
FRES.L,20100201,669.00,700.50,665.50,700.00,1348800,0
FRES.L,20100129,681.50,691.50,656.50,671.50,1335100,0
FRES.L,20100128,681.50,692.00,672.50,677.00,2189600,0
FRES.L,20100127,695.00,697.00,662.00,672.00,2410400,0
FRES.L,20100126,707.00,707.00,684.50,698.00,976300,0
FRES.L,20100125,710.00,726.00,706.50,714.50,2010500,0
FRES.L,20100122,723.00,731.50,694.50,712.50,1945700,0
FRES.L,20100121,777.00,788.00,727.50,728.00,1736700,0
FRES.L,20100120,809.00,809.00,769.00,776.00,1350600,0
FRES.L,20100119,808.50,815.00,798.00,807.00,566500,0
FRES.L,20100118,801.50,813.00,800.00,804.00,279100,0
FRES.L,20100115,800.50,815.00,791.00,797.00,1215900,0
FRES.L,20100114,801.00,817.50,798.00,804.50,578100,0
FRES.L,20100113,801.00,826.50,792.00,795.50,854800,0
FRES.L,20100112,847.50,850.00,797.00,808.00,1374900,0
FRES.L,20100111,871.00,894.50,848.00,852.00,581200,0
FRES.L,20100108,849.00,868.50,848.50,866.00,576700,0
FRES.L,20100107,839.50,864.00,833.00,853.00,941900,0
FRES.L,20100106,825.50,840.00,818.50,839.50,759300,0
FRES.L,20100105,801.50,828.00,792.00,823.00,709500,0
FRES.L,20100104,782.50,802.00,782.50,800.00,570200,0
FRES.L,20091231,792.00,799.00,773.50,792.00,64100,0
FRES.L,20091230,793.50,797.50,772.50,778.00,169200,0
FRES.L,20091229,795.00,804.50,786.50,791.50,583500,0
FRES.L,20091224,746.50,793.50,746.50,793.50,220100,0
FRES.L,20091223,757.00,764.00,739.50,748.00,712200,0
FRES.L,20091222,767.50,794.50,751.50,751.50,739600,0
FRES.L,20091221,784.00,801.00,773.50,780.50,683000,0
FRES.L,20091218,805.50,817.50,779.00,779.00,1009900,0
FRES.L,20091217,813.50,825.50,801.00,805.00,757600,0
FRES.L,20091216,795.00,820.00,793.00,818.00,815300,0
FRES.L,20091215,819.50,832.00,784.00,797.00,1083800,0
FRES.L,20091214,826.50,833.50,816.50,819.00,338100,0
FRES.L,20091211,793.00,817.50,793.00,814.00,918700,0
FRES.L,20091210,790.00,810.50,786.50,790.00,629900,0
FRES.L,20091209,820.00,821.50,780.50,793.00,1411800,0
FRES.L,20091208,848.50,857.00,813.50,820.00,769100,0
FRES.L,20091207,857.50,861.00,840.00,848.03,1038100,0
FRES.L,20091204,889.00,907.50,864.00,865.00,1090400,0
FRES.L,20091203,910.00,911.00,883.00,886.50,814800,0
FRES.L,20091202,905.00,921.00,894.00,908.00,1032200,0
FRES.L,20091201,854.00,906.00,854.00,906.00,1474800,0
FRES.L,20091130,843.50,855.00,828.50,843.00,824100,0
FRES.L,20091127,830.00,854.50,818.00,845.50,1386600,0
FRES.L,20091126,895.00,899.00,845.00,852.50,698700,0
FRES.L,20091125,910.00,925.50,899.50,901.00,542200,0
FRES.L,20091124,910.00,923.00,893.00,905.00,496000,0
FRES.L,20091123,890.00,921.50,890.00,913.00,566200,0
FRES.L,20091120,872.00,902.50,867.50,875.50,970300,0
FRES.L,20091119,921.50,921.50,865.00,871.50,1199400,0
FRES.L,20091118,888.00,935.00,884.50,920.00,828200,0
FRES.L,20091117,886.00,897.00,875.00,877.00,1518600,0
FRES.L,20091116,880.50,898.50,879.00,890.00,1024900,0
FRES.L,20091113,871.00,881.00,857.50,868.00,2807800,0
FRES.L,20091112,883.50,900.00,873.00,876.50,663100,0
FRES.L,20091111,856.00,903.50,854.00,892.00,1220600,0
FRES.L,20091110,880.50,890.00,837.00,842.50,738800,0
FRES.L,20091109,853.50,885.00,848.50,875.00,736500,0
FRES.L,20091106,843.00,852.00,811.00,838.50,660500,0
FRES.L,20091105,810.00,841.00,795.00,841.00,883200,0
FRES.L,20091104,769.00,820.50,768.50,820.00,1045200,0
FRES.L,20091103,754.50,762.00,713.50,751.00,1005700,0
FRES.L,20091102,735.00,776.50,723.50,768.50,918700,0
FRES.L,20091030,807.50,819.50,735.00,741.50,1037400,0
FRES.L,20091029,748.00,805.50,737.50,802.00,1074500,0
FRES.L,20091028,788.50,806.00,752.00,752.00,1259100,0
FRES.L,20091027,816.00,823.00,790.50,792.50,905400,0
FRES.L,20091026,811.50,841.50,808.00,826.00,1170400,0
FRES.L,20091023,809.00,830.50,809.00,812.00,720900,0
FRES.L,20091022,802.00,815.50,761.50,803.00,1711300,0
FRES.L,20091021,836.00,839.50,803.50,818.00,951300,0
FRES.L,20091020,848.00,856.50,830.50,832.00,871500,0
FRES.L,20091019,838.50,858.50,838.50,848.00,780700,0
FRES.L,20091016,843.50,850.00,809.00,823.00,931600,0
FRES.L,20091015,850.50,858.00,827.00,844.50,909100,0
FRES.L,20091014,855.00,866.00,841.50,850.50,1734700,0
FRES.L,20091013,822.50,857.00,816.00,837.50,1013100,0
FRES.L,20091012,819.50,839.00,814.50,828.50,500300,0
FRES.L,20091009,822.00,829.00,800.00,816.00,1108800,0
FRES.L,20091008,824.00,840.00,818.00,824.00,2937800,0
FRES.L,20091007,833.50,857.00,808.50,810.00,1863500,0
FRES.L,20091006,752.00,827.00,752.00,824.50,1896600,0
FRES.L,20091005,738.00,754.50,732.00,750.00,500500,0
FRES.L,20091002,746.50,747.50,701.50,733.00,1177000,0
FRES.L,20091001,775.50,790.50,738.50,745.00,1060600,0
FRES.L,20090930,779.00,785.00,751.00,772.00,1386300,0
FRES.L,20090929,783.50,789.00,765.50,775.00,909700,0
FRES.L,20090928,747.00,789.00,720.00,780.00,908800,0
FRES.L,20090925,751.00,765.50,743.50,751.00,726200,0
FRES.L,20090924,768.50,803.00,753.50,770.00,1070200,0
FRES.L,20090923,779.00,797.50,772.00,776.50,580200,0
FRES.L,20090922,759.00,800.00,758.00,780.50,854900,0
FRES.L,20090921,780.50,782.00,745.00,753.50,667900,0
FRES.L,20090918,785.00,794.50,772.50,782.00,1915700,0
FRES.L,20090917,792.00,825.50,771.50,796.00,818100,0
FRES.L,20090916,759.00,788.50,755.50,784.50,736100,0
FRES.L,20090915,729.00,755.50,727.00,749.00,739700,0
FRES.L,20090914,732.00,734.00,705.50,722.50,555900,0
FRES.L,20090911,699.00,760.00,699.00,735.50,1194600,0
FRES.L,20090910,708.00,715.00,686.00,700.00,980000,0
FRES.L,20090909,707.50,722.00,699.00,704.50,1103900,0
FRES.L,20090908,684.50,719.00,675.00,714.50,1473500,0
FRES.L,20090907,675.50,685.50,670.00,680.00,571500,0
FRES.L,20090904,654.50,683.00,654.50,675.50,1589000,0
FRES.L,20090903,612.00,664.00,611.00,655.00,2419300,0
FRES.L,20090902,607.50,607.50,583.00,603.00,876800,0
FRES.L,20090901,616.50,640.00,599.50,610.00,827900,0
FRES.L,20090828,600.50,626.50,599.00,623.50,742000,0
FRES.L,20090827,604.50,620.00,593.50,601.00,408100,0
FRES.L,20090826,622.50,630.00,600.50,604.00,803200,0
FRES.L,20090825,635.50,640.00,626.00,637.00,599500,0
FRES.L,20090824,628.00,646.50,627.00,639.50,666200,0
FRES.L,20090821,604.50,625.00,604.50,620.50,314400,0
FRES.L,20090820,605.00,617.50,595.00,607.50,335400,0
FRES.L,20090819,572.00,603.50,561.00,603.00,391900,0
FRES.L,20090818,570.00,581.00,560.00,570.00,133500,0
FRES.L,20090817,565.50,577.00,539.50,567.50,191200,0
FRES.L,20090814,585.00,600.50,563.50,569.00,503000,0
FRES.L,20090813,560.50,585.50,559.50,575.50,161200,0
FRES.L,20090812,579.50,579.50,548.00,556.50,255900,0
FRES.L,20090811,611.50,620.00,572.50,577.50,296600,0
FRES.L,20090810,636.50,636.50,596.00,608.50,263200,0
FRES.L,20090807,632.00,650.00,610.00,634.00,522600,0
FRES.L,20090806,630.50,673.50,628.50,646.00,140200,0
FRES.L,20090805,616.50,646.50,604.50,632.00,135600,0
FRES.L,20090804,642.00,646.00,617.00,639.50,138500,0
FRES.L,20090803,625.00,656.50,620.50,643.21,188300,0
FRES.L,20090731,628.00,642.50,615.00,624.50,131700,0
FRES.L,20090730,604.00,631.00,603.50,627.50,115600,0
FRES.L,20090729,626.00,635.00,600.00,606.00,138800,0
FRES.L,20090728,640.00,669.00,628.50,634.00,206300,0
FRES.L,20090727,629.00,648.50,613.00,647.00,176800,0
FRES.L,20090724,627.00,636.00,612.50,623.50,280700,0
FRES.L,20090723,598.00,644.50,598.00,634.00,439300,0
FRES.L,20090722,595.00,598.50,582.50,590.00,219400,0
FRES.L,20090721,573.00,598.50,572.00,596.00,136300,0
FRES.L,20090720,568.00,578.50,560.00,573.00,113100,0
FRES.L,20090717,576.50,579.50,559.50,564.00,181800,0
FRES.L,20090716,567.00,585.00,550.50,573.00,198600,0
FRES.L,20090715,539.50,565.00,535.00,561.00,227600,0
FRES.L,20090714,475.00,533.00,474.75,533.00,250300,0
FRES.L,20090713,483.50,483.50,447.00,470.50,421100,0
FRES.L,20090710,490.50,496.25,463.00,485.40,350400,0
FRES.L,20090709,463.00,491.25,462.25,487.00,423800,0
FRES.L,20090708,458.50,462.50,438.00,443.73,536300,0
FRES.L,20090707,485.50,493.00,454.75,463.25,533100,0
FRES.L,20090706,495.25,512.50,473.25,478.75,259500,0
FRES.L,20090703,510.00,513.50,494.50,500.50,99100,0
FRES.L,20090702,535.50,543.00,505.00,514.00,191700,0
FRES.L,20090701,519.50,544.00,519.50,538.50,189400,0
FRES.L,20090630,538.50,543.50,513.50,520.00,371500,0
FRES.L,20090629,527.50,537.00,513.00,533.50,273100,0
FRES.L,20090626,540.00,551.00,524.50,532.02,150500,0
FRES.L,20090625,535.50,539.00,525.50,537.00,147800,0
FRES.L,20090624,532.00,538.50,525.00,535.00,201600,0
FRES.L,20090623,514.00,540.00,508.50,532.00,229700,0
FRES.L,20090622,567.00,578.00,517.50,522.00,443300,0
FRES.L,20090619,558.50,574.50,496.50,566.50,1206000,0
FRES.L,20090618,567.00,578.00,544.50,551.00,445900,0
FRES.L,20090617,604.50,605.00,558.50,567.02,382000,0
FRES.L,20090616,598.50,603.00,588.50,593.50,317200,0
FRES.L,20090615,650.00,650.00,597.00,600.00,561000,0
FRES.L,20090612,681.50,688.50,640.50,648.00,177800,0
FRES.L,20090611,681.50,696.00,668.00,685.00,501700,0
FRES.L,20090610,668.50,689.50,668.50,680.00,84800,0
FRES.L,20090609,665.00,670.00,652.00,663.00,185600,0
FRES.L,20090608,690.00,690.00,643.50,655.50,156000,0
FRES.L,20090605,700.00,710.50,671.00,689.00,169100,0
FRES.L,20090604,727.00,741.00,682.50,685.50,283000,0
FRES.L,20090603,732.00,732.00,713.00,728.50,459200,0
FRES.L,20090602,705.00,731.50,694.00,723.00,171500,0
FRES.L,20090601,691.50,712.00,676.50,712.00,464700,0
FRES.L,20090529,719.00,735.00,672.00,672.00,7915500,0
FRES.L,20090528,682.50,723.50,660.50,702.00,386000,0
FRES.L,20090527,711.50,725.50,671.50,679.00,200600,0
FRES.L,20090526,682.00,713.50,673.00,707.50,294700,0
FRES.L,20090522,640.00,704.50,637.00,690.00,222600,0
FRES.L,20090521,646.50,661.50,632.00,640.00,251000,0
FRES.L,20090520,618.50,654.00,615.50,650.50,513800,0
FRES.L,20090519,606.50,625.50,603.50,615.00,187800,0
FRES.L,20090518,603.50,607.00,587.00,595.50,134300,0
FRES.L,20090515,625.00,655.50,587.50,618.50,458000,0
FRES.L,20090514,566.00,638.00,566.00,631.00,1047200,0
FRES.L,20090513,601.00,605.00,540.00,565.00,580400,0
FRES.L,20090512,583.00,609.00,565.50,609.00,84200,0
FRES.L,20090511,570.00,603.50,551.00,581.00,470700,0
FRES.L,20090508,558.00,585.00,544.50,570.00,671600,0
FRES.L,20090507,529.50,556.50,528.00,532.00,138600,0
FRES.L,20090506,502.00,545.00,502.00,529.50,80000,0
FRES.L,20090505,548.00,549.50,504.50,507.30,163600,0
FRES.L,20090501,540.00,540.00,519.00,515.18,24100,0
FRES.L,20090430,551.50,555.00,521.00,527.00,218200,0
FRES.L,20090429,515.00,555.00,515.00,542.27,152400,0
FRES.L,20090428,500.00,527.00,469.75,509.27,332100,0
FRES.L,20090427,482.00,502.50,477.75,492.52,359200,0
FRES.L,20090424,455.50,499.25,455.50,479.47,162800,0
FRES.L,20090423,428.25,457.00,427.75,444.26,26200,0
FRES.L,20090422,450.75,450.75,421.00,428.50,79000,0
FRES.L,20090421,420.50,432.00,412.00,423.08,389000,0
FRES.L,20090420,427.75,427.75,403.00,413.72,179300,0
FRES.L,20090417,442.75,443.75,425.00,426.28,788700,0
FRES.L,20090416,455.75,480.00,438.00,435.64,837500,0
FRES.L,20090415,433.25,453.75,408.00,440.07,861100,0
FRES.L,20090414,447.25,453.00,420.00,442.29,509800,0
FRES.L,20090409,432.25,447.00,427.00,434.41,248700,0
FRES.L,20090408,423.75,446.50,423.75,419.14,465600,0
FRES.L,20090407,427.00,443.25,410.50,431.45,843600,0
FRES.L,20090406,427.00,438.25,406.50,413.47,1594600,0
FRES.L,20090403,452.00,455.00,434.25,436.38,826700,0
FRES.L,20090402,455.00,478.00,449.00,445.24,1331700,0
FRES.L,20090401,451.50,478.00,443.25,458.29,726400,0
FRES.L,20090331,428.00,458.00,428.00,450.66,771400,0
FRES.L,20090330,460.00,470.00,424.50,422.09,1121000,0
FRES.L,20090327,475.75,477.50,453.50,462.73,538500,0
FRES.L,20090326,460.75,483.25,456.75,472.82,969900,0
FRES.L,20090325,445.00,478.25,432.50,446.47,848700,0
FRES.L,20090324,470.00,485.25,433.75,443.27,1612700,0
FRES.L,20090323,414.00,468.00,414.00,450.41,1454000,0
FRES.L,20090320,408.25,436.00,404.75,408.30,5332200,0
FRES.L,20090319,400.50,445.00,400.50,400.18,965300,0
FRES.L,20090318,406.00,406.00,384.00,385.65,804200,0
FRES.L,20090317,404.00,404.00,384.75,382.94,1540400,0
FRES.L,20090316,431.00,432.25,398.00,396.24,837800,0
FRES.L,20090313,404.00,425.00,401.50,410.03,760600,0
FRES.L,20090312,385.00,405.25,381.25,391.06,1594800,0
FRES.L,20090311,400.00,400.50,382.50,389.09,1101400,0
FRES.L,20090310,390.00,406.50,387.00,381.21,1091000,0
FRES.L,20090309,381.75,406.00,381.75,394.02,1237400,0
FRES.L,20090306,380.00,394.50,364.75,388.11,858900,0
FRES.L,20090305,370.00,374.00,346.50,354.62,386000,0
FRES.L,20090304,337.75,383.00,320.00,364.47,488400,0
FRES.L,20090303,326.50,336.25,310.75,318.42,699400,0
FRES.L,20090302,355.00,356.75,324.25,324.08,592600,0
FRES.L,20090227,359.00,360.00,345.50,344.27,875500,0
FRES.L,20090226,360.00,366.00,345.00,350.43,1084200,0
FRES.L,20090225,370.00,370.00,344.25,347.72,1250400,0
FRES.L,20090224,380.00,386.75,362.00,358.31,1319800,0
FRES.L,20090223,416.25,416.50,375.00,384.17,1205100,0
FRES.L,20090220,400.00,424.25,399.75,406.83,2828600,0
FRES.L,20090219,444.75,465.25,409.00,408.30,1416000,0
FRES.L,20090218,410.00,436.50,410.00,429.97,929500,0
FRES.L,20090217,394.50,410.00,389.75,403.87,917400,0
FRES.L,20090216,375.00,398.25,372.75,388.60,221100,0
FRES.L,20090213,392.00,403.00,385.00,382.20,259000,0
FRES.L,20090212,384.00,400.00,365.00,388.36,853600,0
FRES.L,20090211,345.00,380.00,345.00,374.32,517800,0
FRES.L,20090210,368.25,368.25,350.75,346.74,1394000,0
FRES.L,20090209,379.75,379.75,343.75,358.80,835900,0
FRES.L,20090206,361.50,379.25,359.00,353.63,645800,0
FRES.L,20090205,344.25,357.75,339.00,347.48,390800,0
FRES.L,20090204,321.25,358.50,321.00,350.68,624800,0
FRES.L,20090203,319.50,330.00,311.00,325.07,1016200,0
FRES.L,20090202,354.00,354.00,316.50,317.68,507300,0
FRES.L,20090130,340.00,367.75,332.25,349.20,1200400,0
FRES.L,20090129,331.25,345.00,305.00,329.99,1022200,0
FRES.L,20090128,324.00,344.25,303.25,332.95,1051500,0
FRES.L,20090127,324.00,330.75,291.00,311.03,885700,0
FRES.L,20090126,276.25,320.00,276.25,315.22,811100,0
FRES.L,20090123,248.50,288.00,245.25,276.06,1418400,0
FRES.L,20090122,244.50,257.75,230.00,251.68,673500,0
FRES.L,20090121,235.25,248.25,235.25,239.86,528500,0
FRES.L,20090120,242.75,251.75,242.75,245.28,1153000,0
FRES.L,20090119,251.00,267.25,241.50,246.26,736000,0
FRES.L,20090116,247.00,251.50,244.50,247.00,738300,0
FRES.L,20090115,243.00,249.50,236.00,238.38,1469800,0
FRES.L,20090114,239.75,250.00,236.25,243.31,1015400,0
FRES.L,20090113,240.00,242.00,217.75,234.20,1236800,0
FRES.L,20090112,241.00,248.25,236.00,235.18,446500,0
FRES.L,20090109,255.00,258.75,235.25,234.44,1046900,0
FRES.L,20090108,250.00,257.25,242.75,246.26,625300,0
FRES.L,20090107,259.25,260.00,243.25,251.93,2389700,0
FRES.L,20090106,242.00,283.25,242.00,249.22,1182700,0
FRES.L,20090105,245.00,257.75,232.25,251.19,572500,0
FRES.L,20090102,227.25,258.75,227.25,241.09,1684700,0
FRES.L,20081231,225.00,236.75,225.00,226.56,446900,0
FRES.L,20081230,213.00,224.75,213.00,216.71,573700,0
FRES.L,20081229,210.25,225.75,210.25,219.42,435400,0
FRES.L,20081224,210.00,214.00,201.75,206.86,94200,0
FRES.L,20081223,203.75,217.00,201.00,210.80,1238200,0
FRES.L,20081222,191.00,203.00,191.00,198.49,1095500,0
FRES.L,20081219,209.00,209.00,177.50,191.79,7074300,0
FRES.L,20081218,180.70,203.25,180.70,192.58,2530900,0
FRES.L,20081217,167.20,184.60,167.20,178.79,2045600,0
FRES.L,20081216,170.00,170.00,160.90,165.59,888900,0
FRES.L,20081215,162.00,169.00,160.10,163.22,915100,0
FRES.L,20081212,170.00,170.00,152.70,156.92,860600,0
FRES.L,20081211,138.30,173.00,138.20,164.60,1205300,0
FRES.L,20081210,132.10,145.00,132.10,138.99,521900,0
FRES.L,20081209,141.00,147.20,130.10,136.92,682700,0
FRES.L,20081208,134.70,143.00,121.90,136.23,1232200,0
FRES.L,20081205,147.90,147.90,127.10,125.20,907300,0
FRES.L,20081204,127.80,145.00,127.80,142.54,1582800,0
FRES.L,20081203,130.50,135.00,115.70,132.98,2865000,0
FRES.L,20081202,138.00,150.20,126.80,128.25,1286600,0
FRES.L,20081201,159.10,159.10,130.00,138.10,1071700,0
FRES.L,20081128,148.00,180.00,144.60,151.80,814300,0
FRES.L,20081127,136.90,150.20,135.00,145.89,990700,0
FRES.L,20081126,121.70,137.80,121.70,132.98,1603000,0
FRES.L,20081125,141.50,141.50,123.50,125.79,2048000,0
FRES.L,20081124,118.00,130.00,110.00,127.37,2126900,0
FRES.L,20081121,96.40,105.30,96.40,103.73,1908600,0
FRES.L,20081120,93.00,102.60,93.00,98.21,2718200,0
FRES.L,20081119,100.00,103.10,94.80,98.90,1160400,0
FRES.L,20081118,103.50,103.50,95.80,97.52,1185600,0
FRES.L,20081117,103.30,108.00,100.20,101.26,1196200,0
FRES.L,20081114,109.60,109.60,103.10,103.33,1528600,0
FRES.L,20081113,95.10,114.80,95.10,101.36,846700,0
FRES.L,20081112,123.30,125.10,109.60,116.93,447500,0
FRES.L,20081111,129.60,133.90,121.30,121.65,334900,0
FRES.L,20081110,135.40,140.80,130.00,131.01,1151800,0
FRES.L,20081107,126.50,132.00,125.10,128.25,1070300,0
FRES.L,20081106,125.00,134.00,120.10,125.10,2139200,0
FRES.L,20081105,127.50,137.00,126.80,126.58,1184100,0
FRES.L,20081104,111.60,131.80,111.60,129.83,2897800,0
FRES.L,20081103,124.90,125.00,113.40,115.25,1020600,0
FRES.L,20081031,123.40,125.00,120.50,120.27,970200,0
FRES.L,20081030,130.40,130.50,117.20,121.55,1367800,0
FRES.L,20081029,108.00,127.00,108.00,123.92,1548900,0
FRES.L,20081028,105.40,114.20,103.10,104.02,1057300,0
FRES.L,20081027,106.00,115.30,101.10,102.45,1055100,0
FRES.L,20081024,119.80,119.80,101.30,106.39,978200,0
FRES.L,20081023,135.50,139.00,114.80,113.28,810800,0
FRES.L,20081022,158.50,210.00,130.40,134.56,548300,0
FRES.L,20081021,161.50,164.80,158.10,157.61,731700,0
FRES.L,20081020,157.70,157.70,150.00,152.58,564500,0
FRES.L,20081017,165.70,190.00,154.20,153.86,654400,0
FRES.L,20081016,159.70,180.00,150.00,167.46,734600,0
FRES.L,20081015,202.25,205.75,172.30,177.31,701200,0
FRES.L,20081014,215.75,227.00,190.00,201.93,526500,0
FRES.L,20081013,207.00,225.00,206.50,205.88,1683000,0
FRES.L,20081010,207.00,230.00,178.70,207.85,877400,0
FRES.L,20081009,211.75,232.00,200.00,226.56,844400,0
FRES.L,20081008,242.00,242.00,200.75,206.37,411800,0
FRES.L,20081007,223.25,245.25,205.00,230.75,387600,0
FRES.L,20081006,254.50,278.75,221.25,221.64,373100,0
FRES.L,20081003,295.00,295.00,269.75,276.55,1067300,0
FRES.L,20081002,317.00,318.50,286.75,288.87,776400,0
FRES.L,20081001,324.25,330.00,313.00,309.55,663000,0
FRES.L,20080930,315.00,325.00,300.50,315.22,889900,0
FRES.L,20080929,333.00,346.25,315.25,312.26,1120200,0
FRES.L,20080926,346.50,347.00,321.50,333.19,383400,0
FRES.L,20080925,340.50,349.50,334.00,344.27,290400,0
FRES.L,20080924,337.50,348.00,335.25,335.90,2042900,0
FRES.L,20080923,339.75,349.75,328.25,330.98,3255600,0
FRES.L,20080922,342.00,358.75,327.75,334.92,2370200,0
FRES.L,20080919,337.75,362.50,330.00,333.44,13266000,0
FRES.L,20080918,310.00,338.75,309.75,325.07,3379800,0
FRES.L,20080917,330.00,331.00,298.75,303.89,922400,0
FRES.L,20080916,327.00,333.50,312.25,313.25,792700,0
FRES.L,20080915,336.00,345.00,322.25,324.82,798900,0
FRES.L,20080912,342.00,357.00,337.50,341.81,1880500,0
FRES.L,20080911,347.25,360.50,330.00,335.90,1180700,0
FRES.L,20080910,366.00,367.50,338.00,333.93,2327800,0
FRES.L,20080909,380.00,387.75,352.00,347.23,2669000,0
FRES.L,20080908,388.50,392.00,382.50,384.17,61600,0
FRES.L,20080905,399.00,399.00,370.00,371.36,713400,0
FRES.L,20080904,395.00,399.00,382.00,377.27,674800,0
FRES.L,20080903,398.00,399.25,390.00,389.09,970700,0
FRES.L,20080902,400.25,404.50,390.00,393.03,876200,0
FRES.L,20080901,399.75,410.00,398.25,398.94,277000,0
FRES.L,20080829,393.50,406.00,389.25,398.70,1175200,0
FRES.L,20080828,393.00,400.00,388.50,389.59,949000,0
FRES.L,20080827,380.25,405.00,380.25,389.09,1376500,0
FRES.L,20080826,380.00,397.25,376.00,377.86,272700,0
FRES.L,20080822,374.50,390.00,374.00,378.35,1599700,0
FRES.L,20080821,355.75,380.00,355.75,363.80,1526000,0
FRES.L,20080820,353.50,366.00,353.50,349.25,957600,0
FRES.L,20080819,351.25,362.75,343.00,342.45,906000,0
FRES.L,20080818,362.50,368.25,359.00,350.94,330300,0
FRES.L,20080815,366.00,366.00,355.00,349.25,1466200,0
FRES.L,20080814,372.75,382.50,371.75,368.41,353900,0
FRES.L,20080813,360.00,374.00,360.00,358.95,1377700,0
FRES.L,20080812,373.00,373.00,340.25,345.85,2258300,0
FRES.L,20080811,370.00,374.25,367.25,358.95,489300,0
FRES.L,20080808,376.00,384.50,361.25,358.95,658200,0
FRES.L,20080807,371.00,382.00,368.75,364.77,1193200,0
FRES.L,20080806,370.50,378.50,367.00,358.95,2095000,0
FRES.L,20080805,390.00,390.00,360.00,356.28,502200,0
FRES.L,20080804,389.00,390.75,380.00,376.41,517700,0
FRES.L,20080801,390.00,400.00,382.25,377.38,1457200,0
FRES.L,20080731,402.50,402.50,389.25,383.20,1184800,0
FRES.L,20080730,408.00,423.50,388.00,385.87,815400,0
FRES.L,20080729,399.00,401.00,394.25,389.02,547300,0
FRES.L,20080728,393.25,400.00,390.00,388.05,224200,0
FRES.L,20080725,399.25,400.00,386.50,378.35,272500,0
FRES.L,20080724,407.00,409.50,390.00,384.66,651500,0
FRES.L,20080723,400.00,405.50,392.75,392.17,533200,0
FRES.L,20080722,403.00,419.00,386.00,387.08,1130900,0
FRES.L,20080721,418.75,432.50,407.00,397.75,456600,0
FRES.L,20080718,431.25,445.00,416.00,407.45,412200,0
FRES.L,20080717,450.00,455.00,430.50,431.71,333600,0
FRES.L,20080716,429.25,449.00,429.25,431.71,171500,0
FRES.L,20080715,450.00,450.00,437.50,431.71,311000,0
FRES.L,20080714,445.00,460.00,445.00,436.56,517600,0
FRES.L,20080711,441.50,455.00,438.00,430.25,434200,0
FRES.L,20080710,448.50,459.25,437.75,434.62,2093500,0
FRES.L,20080709,477.00,477.00,438.50,441.41,1421300,0
FRES.L,20080708,471.75,475.00,457.25,454.02,472900,0
FRES.L,20080707,484.00,502.00,477.00,462.75,784900,0
FRES.L,20080704,478.00,492.50,478.00,471.48,2161700,0
FRES.L,20080703,490.75,497.00,475.75,470.51,729200,0
FRES.L,20080702,490.00,500.00,476.00,479.97,826500,0
FRES.L,20080701,480.00,492.25,470.50,474.39,563900,0
FRES.L,20080630,477.00,490.00,477.00,474.39,469100,0
FRES.L,20080627,472.00,490.50,472.00,465.66,842400,0
FRES.L,20080626,490.00,498.00,480.00,470.51,582100,0
FRES.L,20080625,504.00,504.00,477.75,470.27,329600,0
FRES.L,20080624,495.00,508.00,479.75,479.24,185400,0
FRES.L,20080623,505.00,513.00,498.00,483.37,331400,0
FRES.L,20080620,509.00,514.00,498.50,492.82,280300,0
FRES.L,20080619,500.00,510.00,489.00,493.79,2539000,0
FRES.L,20080618,510.00,515.00,505.00,494.76,218700,0
FRES.L,20080617,511.00,525.00,511.00,500.10,389500,0
FRES.L,20080616,505.00,520.00,503.50,504.47,807200,0
FRES.L,20080613,505.00,509.50,487.50,494.28,3886800,0
FRES.L,20080612,500.00,509.00,500.00,489.91,489700,0
FRES.L,20080611,517.00,520.00,491.00,487.49,701800,0
FRES.L,20080610,530.00,530.00,517.00,506.41,753000,0
FRES.L,20080606,556.00,556.00,547.00,538.42,1038600,0
FRES.L,20080605,554.00,555.00,547.00,534.06,3420400,0
FRES.L,20080604,555.00,560.00,542.50,538.42,1473000,0
FRES.L,20080603,547.50,555.00,540.00,532.60,2610900,0
FRES.L,20080602,540.00,545.00,533.00,527.75,1845300,0
FRES.L,20080530,549.50,549.50,530.00,527.75,2456100,0
FRES.L,20080529,559.00,559.00,544.00,533.57,841900,0
FRES.L,20080528,560.00,560.00,550.00,535.51,846000,0
FRES.L,20080527,560.00,560.00,553.00,540.36,690600,0
FRES.L,20080523,560.00,564.50,553.50,543.27,1141200,0
FRES.L,20080522,569.00,569.00,557.00,548.12,1162600,0
FRES.L,20080521,550.00,575.00,545.50,548.61,10056700,0
FRES.L,20080520,541.00,555.00,540.00,536.48,3932000,0
FRES.L,20080519,541.00,550.00,537.50,527.75,1237200,0
FRES.L,20080516,537.00,551.00,536.00,528.72,1785800,0
FRES.L,20080515,535.00,540.00,535.00,522.90,1059200,0
FRES.L,20080514,540.00,550.00,530.00,521.44,2770000,0
FRES.L,20080509,530.00,539.50,502.00,504.47,19568800,0
