GLEN.L,20120824,366.00,368.89,358.20,366.85,16347200,0
GLEN.L,20120823,357.00,366.00,355.75,366.00,17697400,0
GLEN.L,20120822,355.80,357.85,351.85,356.60,10862900,0
GLEN.L,20120821,355.00,360.80,349.51,360.00,17145800,0
GLEN.L,20120820,353.00,354.25,347.15,353.75,17179200,0
GLEN.L,20120817,349.30,353.60,347.60,352.15,11505300,0
GLEN.L,20120816,348.00,350.27,344.90,349.85,10571700,0
GLEN.L,20120815,347.90,349.73,343.75,347.60,11183700,0
GLEN.L,20120814,346.00,350.02,341.70,347.90,10172700,0
GLEN.L,20120810,341.80,346.52,341.00,344.50,7665400,0
GLEN.L,20120809,340.00,345.07,338.95,344.80,14401700,0
GLEN.L,20120808,335.80,339.55,332.73,337.90,9189400,0
GLEN.L,20120807,330.50,339.00,329.40,336.60,11651600,0
GLEN.L,20120806,322.25,331.50,321.95,328.85,11133500,0
GLEN.L,20120803,317.15,329.60,314.15,321.00,11049500,0
GLEN.L,20120802,323.60,324.15,313.10,316.55,9736900,0
GLEN.L,20120801,319.00,322.50,316.50,322.50,5231700,0
GLEN.L,20120731,317.00,323.25,317.00,320.15,6481300,0
GLEN.L,20120727,308.65,313.95,307.50,313.20,6627700,0
GLEN.L,20120726,304.50,311.78,303.03,308.35,7509600,0
GLEN.L,20120725,300.00,307.00,300.00,303.50,4572200,0
GLEN.L,20120724,308.10,312.50,299.60,301.65,8586300,0
GLEN.L,20120723,314.00,314.90,304.55,308.85,10560200,0
GLEN.L,20120720,320.00,325.00,317.35,317.45,13407900,0
GLEN.L,20120719,317.00,325.00,315.75,322.00,12946500,0
GLEN.L,20120718,317.00,318.60,312.08,317.10,6389700,0
GLEN.L,20120717,316.00,319.50,312.30,317.00,9359400,0
GLEN.L,20120716,314.65,318.55,313.20,316.50,3975000,0
GLEN.L,20120713,312.25,318.39,306.85,316.65,7162900,0
GLEN.L,20120712,312.30,314.77,306.50,309.65,5345600,0
GLEN.L,20120711,307.20,317.20,305.20,316.30,7149900,0
GLEN.L,20120710,308.50,317.77,307.40,310.55,8582700,0
GLEN.L,20120709,303.45,309.90,303.45,308.75,9100300,0
GLEN.L,20120706,315.50,315.50,308.45,310.35,6467400,0
GLEN.L,20120705,313.15,324.39,311.25,315.60,13060500,0
GLEN.L,20120704,304.60,315.08,303.42,312.05,13347100,0
GLEN.L,20120703,299.90,305.29,292.00,303.75,16007900,0
GLEN.L,20120702,298.00,299.66,290.20,299.00,12625600,0
GLEN.L,20120629,305.00,305.03,295.55,295.55,16794200,0
GLEN.L,20120628,300.00,304.75,290.35,293.55,15759500,0
GLEN.L,20120627,300.00,305.00,289.35,298.30,38544200,0
GLEN.L,20120626,311.50,311.50,301.10,302.70,20171100,0
GLEN.L,20120625,310.20,316.00,304.50,308.15,14496100,0
GLEN.L,20120622,322.90,322.90,312.10,312.65,12788300,0
GLEN.L,20120621,330.00,339.54,320.70,322.65,14724000,0
GLEN.L,20120620,329.00,342.14,328.50,333.25,14053300,0
GLEN.L,20120619,331.00,336.05,328.75,330.00,14101400,0
GLEN.L,20120618,345.80,347.93,326.45,328.40,17267400,0
GLEN.L,20120615,345.40,353.80,340.25,340.45,194406500,0
GLEN.L,20120614,353.70,354.05,336.95,341.70,31858400,0
GLEN.L,20120613,370.00,370.00,349.40,355.00,32242600,0
GLEN.L,20120612,362.95,370.39,358.55,366.85,28105400,0
GLEN.L,20120611,367.60,369.80,360.75,363.55,24704500,0
GLEN.L,20120608,356.40,360.00,334.23,357.80,17232600,0
GLEN.L,20120607,350.00,364.94,348.00,361.20,24089300,0
GLEN.L,20120606,335.05,348.20,335.05,347.75,25927900,0
GLEN.L,20120601,343.95,345.10,332.20,334.35,25735200,0
GLEN.L,20120531,345.10,351.90,335.00,340.50,14280700,0
GLEN.L,20120530,351.50,351.50,342.00,345.00,12650600,0
GLEN.L,20120529,350.00,358.05,348.85,354.10,10376200,0
GLEN.L,20120528,343.00,350.50,343.00,345.95,8158300,0
GLEN.L,20120525,345.00,346.65,337.90,340.65,10542700,0
GLEN.L,20120524,337.50,346.60,331.20,346.00,20487000,0
GLEN.L,20120523,354.30,354.30,340.85,343.65,11564700,0
GLEN.L,20120522,359.00,364.13,350.36,361.60,9908700,0
GLEN.L,20120521,345.00,354.38,343.00,351.50,7938700,0
GLEN.L,20120518,349.90,355.80,340.80,345.35,22049800,0
GLEN.L,20120517,366.90,366.90,346.80,354.30,9887300,0
GLEN.L,20120516,360.00,372.00,348.05,363.15,16216600,0
GLEN.L,20120514,383.00,383.15,368.85,362.30,11609000,0
GLEN.L,20120511,396.90,403.96,377.10,376.13,12871700,0
GLEN.L,20120510,400.00,403.20,391.30,386.26,7065500,0
GLEN.L,20120509,394.00,402.60,392.00,387.68,9641200,0
GLEN.L,20120508,405.80,412.30,391.75,381.88,8820400,0
GLEN.L,20120504,424.35,424.35,405.65,399.66,9713200,0
GLEN.L,20120503,426.00,435.86,424.00,415.39,5702300,0
GLEN.L,20120502,434.80,435.90,423.80,414.66,8858400,0
GLEN.L,20120501,426.00,437.05,424.95,423.38,2883900,0
GLEN.L,20120430,439.85,439.85,425.60,414.61,7498900,0
GLEN.L,20120427,433.65,439.95,422.90,425.96,7864400,0
GLEN.L,20120426,428.00,435.00,427.00,423.77,7953800,0
GLEN.L,20120425,418.20,430.15,414.90,418.12,7972200,0
GLEN.L,20120424,410.65,419.95,410.00,405.02,5976400,0
GLEN.L,20120423,416.00,418.59,406.60,398.00,7537000,0
GLEN.L,20120420,417.85,425.10,412.80,412.47,7688700,0
GLEN.L,20120419,418.30,419.95,413.50,405.16,7634800,0
GLEN.L,20120418,409.90,415.60,407.60,404.24,10323000,0
GLEN.L,20120417,397.95,410.00,396.10,399.17,6483100,0
GLEN.L,20120416,398.00,405.95,397.70,390.36,6975700,0
GLEN.L,20120413,407.15,409.90,398.25,389.48,6653700,0
GLEN.L,20120412,397.30,409.20,396.65,394.45,7315100,0
GLEN.L,20120411,392.40,400.20,389.94,384.80,8201400,0
GLEN.L,20120410,406.80,407.35,392.90,382.76,11415200,0
GLEN.L,20120405,394.50,412.45,386.65,401.17,22849900,0
GLEN.L,20120404,399.50,399.50,388.10,379.35,9271400,0
GLEN.L,20120403,402.25,405.30,397.80,391.04,8940100,0
GLEN.L,20120402,392.85,399.85,388.25,388.85,6726900,0
GLEN.L,20120330,388.65,399.33,387.10,379.35,8999300,0
GLEN.L,20120329,389.00,394.20,381.35,377.30,8592500,0
GLEN.L,20120328,400.00,401.40,388.40,379.20,10338600,0
GLEN.L,20120327,405.50,409.07,399.55,391.14,5357300,0
GLEN.L,20120326,409.70,409.70,398.00,391.33,9510400,0
GLEN.L,20120323,408.00,409.24,394.75,394.50,8650800,0
GLEN.L,20120322,412.55,412.87,398.80,393.08,11541400,0
GLEN.L,20120321,419.00,419.00,413.10,405.02,11455100,0
GLEN.L,20120320,419.00,420.44,406.70,402.92,14462400,0
GLEN.L,20120319,416.90,424.80,414.30,409.60,6895800,0
GLEN.L,20120316,411.10,424.58,409.25,407.45,15715000,0
GLEN.L,20120315,416.00,418.75,407.95,401.56,7589400,0
GLEN.L,20120314,419.95,423.83,412.00,402.68,14090300,0
GLEN.L,20120313,413.00,418.20,412.90,407.40,7547000,0
GLEN.L,20120312,408.50,412.11,402.55,400.73,5134900,0
GLEN.L,20120309,405.10,411.10,399.00,398.15,5604000,0
GLEN.L,20120308,404.55,410.61,397.01,394.64,8570100,0
GLEN.L,20120307,402.30,405.70,396.85,391.87,10312400,0
GLEN.L,20120306,405.00,405.35,397.80,390.94,11545100,0
GLEN.L,20120305,419.90,421.05,397.50,392.94,12266300,0
GLEN.L,20120302,429.00,429.00,419.50,409.16,5723700,0
GLEN.L,20120301,431.30,432.90,423.65,416.12,12774200,0
GLEN.L,20120229,440.00,442.85,429.35,420.85,45731500,0
GLEN.L,20120228,432.90,439.40,432.00,427.03,10328200,0
GLEN.L,20120227,432.50,434.15,425.55,422.94,7298500,0
GLEN.L,20120224,437.40,441.25,432.35,425.04,5196200,0
GLEN.L,20120223,442.25,443.10,432.05,426.79,6747200,0
GLEN.L,20120222,439.25,444.00,434.50,428.98,7491200,0
GLEN.L,20120221,439.35,442.00,431.80,427.03,8491700,0
GLEN.L,20120220,435.40,439.10,430.00,425.18,5074500,0
GLEN.L,20120217,428.70,438.15,425.60,418.90,8897700,0
GLEN.L,20120216,420.75,426.80,415.55,415.59,13154300,0
GLEN.L,20120215,428.35,434.40,419.25,411.11,6668000,0
GLEN.L,20120214,431.50,431.90,418.40,412.62,13303700,0
GLEN.L,20120213,438.00,442.61,428.25,418.17,8827700,0
GLEN.L,20120210,437.40,442.00,419.30,423.97,4580100,0
GLEN.L,20120209,438.85,446.90,431.00,431.52,7196600,0
GLEN.L,20120208,446.10,459.25,434.45,423.24,11913500,0
GLEN.L,20120207,461.05,472.20,437.00,431.81,36079900,0
GLEN.L,20120206,478.00,483.20,458.00,448.86,11927900,0
GLEN.L,20120203,457.70,484.00,444.95,470.09,15680700,0
GLEN.L,20120202,442.65,467.80,429.28,449.78,46984700,0
GLEN.L,20120201,415.90,431.80,411.40,420.61,6334500,0
GLEN.L,20120131,424.55,424.55,411.20,400.59,7528400,0
GLEN.L,20120130,420.30,424.50,413.00,404.29,6161900,0
GLEN.L,20120127,430.95,434.10,423.85,414.37,4142400,0
GLEN.L,20120126,420.00,439.80,420.00,423.09,8942600,0
GLEN.L,20120125,427.50,430.65,416.50,407.65,5127700,0
GLEN.L,20120124,433.50,436.50,423.65,416.08,4630400,0
GLEN.L,20120123,425.00,443.36,420.00,424.60,7513500,0
GLEN.L,20120120,430.00,430.80,416.65,412.13,7212900,0
GLEN.L,20120119,413.25,430.65,411.60,418.90,7574800,0
GLEN.L,20120118,405.00,416.55,401.75,404.68,8437100,0
GLEN.L,20120117,404.20,408.00,398.10,394.98,10112400,0
GLEN.L,20120116,398.00,400.55,393.85,386.56,4487600,0
GLEN.L,20120113,405.55,406.10,393.13,389.67,6331200,0
GLEN.L,20120112,399.10,411.86,398.70,389.58,5501900,0
GLEN.L,20120111,401.15,408.65,395.15,386.41,5175200,0
GLEN.L,20120110,403.30,409.15,400.75,391.33,7212500,0
GLEN.L,20120109,396.00,401.60,394.70,388.36,4723900,0
GLEN.L,20120106,395.10,400.76,389.80,385.05,4804500,0
GLEN.L,20120105,405.90,407.51,394.25,384.07,6550800,0
GLEN.L,20120104,415.35,419.20,402.00,394.55,4554900,0
GLEN.L,20120103,399.70,418.15,395.65,407.36,6626200,0
GLEN.L,20111230,400.00,400.25,390.30,381.88,1239800,0
GLEN.L,20111229,394.10,398.50,390.75,388.21,2458600,0
GLEN.L,20111228,395.55,398.90,391.00,382.08,3309100,0
GLEN.L,20111223,398.65,398.95,386.80,386.75,2213900,0
GLEN.L,20111222,390.90,398.71,384.56,385.58,10099200,0
GLEN.L,20111221,390.00,395.15,386.90,378.86,6918300,0
GLEN.L,20111220,383.00,388.25,380.30,378.23,4727800,0
GLEN.L,20111219,386.40,391.00,381.80,375.01,5040700,0
GLEN.L,20111216,387.15,391.30,381.25,376.87,56916600,0
GLEN.L,20111215,378.00,390.00,378.00,377.01,11522400,0
GLEN.L,20111214,389.00,392.77,382.95,373.65,15125900,0
GLEN.L,20111213,389.30,396.65,377.80,382.51,9909500,0
GLEN.L,20111212,405.35,405.35,387.50,377.50,8006100,0
GLEN.L,20111209,400.35,406.67,397.80,394.25,6409200,0
GLEN.L,20111208,408.05,411.75,395.95,388.75,7361900,0
GLEN.L,20111207,416.90,419.12,399.30,394.45,8818800,0
GLEN.L,20111206,412.25,425.00,408.70,399.56,6826400,0
GLEN.L,20111205,410.00,424.95,409.80,413.98,7511600,0
GLEN.L,20111202,402.70,417.85,396.00,399.42,9953600,0
GLEN.L,20111201,397.20,405.75,391.48,382.12,7598900,0
GLEN.L,20111130,375.00,406.15,369.20,388.21,14681300,0
GLEN.L,20111129,384.80,385.75,373.80,370.29,7253900,0
GLEN.L,20111128,378.10,388.47,377.30,374.48,11107300,0
GLEN.L,20111125,380.20,383.59,372.15,364.15,7109700,0
GLEN.L,20111124,380.00,386.40,374.45,372.29,9759300,0
GLEN.L,20111123,365.00,382.00,364.55,370.19,10595000,0
GLEN.L,20111122,385.00,382.69,371.00,361.42,8733900,0
GLEN.L,20111121,398.00,401.46,373.25,365.42,11721500,0
GLEN.L,20111118,400.10,414.65,398.50,388.41,7858800,0
GLEN.L,20111117,402.00,419.90,402.00,402.24,7625100,0
GLEN.L,20111116,412.70,416.41,404.00,394.64,6198900,0
GLEN.L,20111115,427.15,430.95,410.35,402.00,12920000,0
GLEN.L,20111114,440.00,442.50,427.45,417.44,4183600,0
GLEN.L,20111111,433.50,440.00,429.40,428.64,6734000,0
GLEN.L,20111110,430.00,441.00,425.70,424.26,8979100,0
GLEN.L,20111109,448.70,452.61,435.05,429.13,5591500,0
GLEN.L,20111108,435.90,451.70,435.00,436.44,4503600,0
GLEN.L,20111107,427.65,438.17,413.68,424.45,4252700,0
GLEN.L,20111104,440.00,446.50,423.20,423.38,5215500,0
GLEN.L,20111103,426.00,444.75,422.80,428.69,4392300,0
GLEN.L,20111102,422.00,438.42,414.45,424.36,7499500,0
GLEN.L,20111101,422.65,427.25,411.50,405.75,8761800,0
GLEN.L,20111031,440.90,447.75,436.95,426.69,5786700,0
GLEN.L,20111028,439.00,451.80,428.60,438.38,14752100,0
GLEN.L,20111027,422.00,445.00,403.69,432.44,17479900,0
GLEN.L,20111026,403.75,416.50,401.00,393.33,5705400,0
GLEN.L,20111025,415.15,424.03,401.00,397.47,4859900,0
GLEN.L,20111024,408.85,419.40,404.40,408.09,4278400,0
GLEN.L,20111021,399.95,408.35,395.90,393.08,5192600,0
GLEN.L,20111020,399.35,405.05,393.50,385.34,5251400,0
GLEN.L,20111019,407.80,410.77,402.15,395.52,4110700,0
GLEN.L,20111018,406.00,409.20,395.40,391.62,5045600,0
GLEN.L,20111017,429.15,443.18,405.30,397.47,7552900,0
GLEN.L,20111014,433.00,447.80,419.65,411.59,20595600,0
GLEN.L,20111013,421.10,435.70,416.55,424.45,8104900,0
GLEN.L,20111012,416.70,429.35,412.00,414.47,5400200,0
GLEN.L,20111011,422.45,423.75,415.90,409.16,3642900,0
GLEN.L,20111010,425.00,425.40,414.60,413.69,4037200,0
GLEN.L,20111007,424.80,438.00,418.90,411.11,6439600,0
GLEN.L,20111006,411.95,432.15,411.50,420.99,7377000,0
GLEN.L,20111005,406.00,415.17,394.55,402.34,8519600,0
GLEN.L,20111004,386.85,398.80,355.15,386.75,16293000,0
GLEN.L,20111003,390.00,402.05,380.05,380.03,8614800,0
GLEN.L,20110930,409.95,409.95,396.85,392.50,9595200,0
GLEN.L,20110929,417.90,423.85,407.95,398.69,8121600,0
GLEN.L,20110928,439.40,444.90,412.40,412.08,7194200,0
GLEN.L,20110927,429.45,444.80,405.00,433.32,6830700,0
GLEN.L,20110926,393.60,417.40,392.80,403.90,9885500,0
GLEN.L,20110923,418.90,419.75,391.89,401.75,12841100,0
GLEN.L,20110922,416.65,422.79,405.35,404.29,14425200,0
GLEN.L,20110921,450.00,450.45,431.90,424.99,7809400,0
GLEN.L,20110920,439.10,455.10,439.10,439.89,6271900,0
GLEN.L,20110919,443.10,453.97,425.05,431.56,9822600,0
GLEN.L,20110916,441.95,454.90,437.20,442.96,14084800,0
GLEN.L,20110915,423.65,442.50,420.00,425.96,11332900,0
GLEN.L,20110914,402.20,426.23,402.20,409.74,7707700,0
GLEN.L,20110913,416.20,419.35,399.25,400.15,7989100,0
GLEN.L,20110912,401.15,418.11,395.45,397.18,10941700,0
GLEN.L,20110909,431.00,435.90,406.45,403.31,11619700,0
GLEN.L,20110908,415.00,440.05,413.00,425.23,26629300,0
GLEN.L,20110907,395.15,405.75,390.00,395.28,7328500,0
GLEN.L,20110906,378.00,394.54,374.10,370.86,7840800,0
GLEN.L,20110905,384.00,388.52,373.00,362.43,6500500,0
GLEN.L,20110902,410.30,412.00,389.50,375.82,9378200,0
GLEN.L,20110901,423.95,423.95,405.15,402.68,6871900,0
GLEN.L,20110831,399.30,430.54,398.85,405.76,12129100,0
GLEN.L,20110830,392.00,401.35,369.21,384.67,8616800,0
GLEN.L,20110826,387.05,388.50,370.05,363.11,9004400,0
GLEN.L,20110825,401.20,413.90,388.35,374.04,18342400,0
GLEN.L,20110824,370.00,391.55,366.05,375.09,8550700,0
GLEN.L,20110823,365.60,374.15,362.45,353.77,8561500,0
GLEN.L,20110822,347.00,358.75,341.00,341.78,789000,0
GLEN.L,20110819,355.00,358.20,340.60,335.00,11521300,0
GLEN.L,20110818,388.80,392.60,353.45,342.22,7245800,0
GLEN.L,20110817,394.70,413.08,387.10,380.29,5750000,0
GLEN.L,20110816,405.00,405.00,385.00,381.26,4871500,0
GLEN.L,20110815,411.00,412.90,397.00,391.94,3599700,0
GLEN.L,20110812,382.75,410.98,374.90,391.56,9947400,0
GLEN.L,20110811,376.00,385.90,355.40,368.45,17418600,0
GLEN.L,20110810,389.00,396.20,354.00,349.49,12955400,0
GLEN.L,20110809,384.65,398.85,352.50,364.84,18646700,0
GLEN.L,20110808,400.10,414.70,376.50,366.29,13988300,0
GLEN.L,20110805,381.00,430.00,375.80,393.19,19564200,0
GLEN.L,20110804,434.50,440.00,390.10,376.44,16691000,0
GLEN.L,20110803,452.00,456.65,423.10,410.48,15038300,0
GLEN.L,20110802,471.00,475.40,454.80,441.38,9777700,0
GLEN.L,20110801,482.50,482.50,470.75,455.44,4508800,0
GLEN.L,20110729,472.60,480.50,470.20,457.99,5347700,0
GLEN.L,20110728,473.20,476.50,470.40,458.71,5108700,0
GLEN.L,20110727,477.30,480.05,474.25,459.87,4684100,0
GLEN.L,20110726,483.00,485.05,476.40,462.13,2898200,0
GLEN.L,20110725,478.55,488.80,475.20,466.32,2678000,0
GLEN.L,20110722,480.00,487.50,474.50,462.47,4834500,0
GLEN.L,20110721,485.00,485.00,470.30,462.13,10137500,0
GLEN.L,20110720,490.20,491.45,479.30,464.05,6363000,0
GLEN.L,20110719,488.95,491.20,485.00,470.12,5098200,0
GLEN.L,20110718,490.15,495.55,486.15,469.83,5641200,0
GLEN.L,20110715,490.00,498.25,485.55,478.40,3072700,0
GLEN.L,20110714,495.00,497.70,490.10,473.68,3315500,0
GLEN.L,20110713,498.35,504.50,494.00,481.77,5473400,0
GLEN.L,20110712,484.15,499.52,478.60,477.39,8505700,0
GLEN.L,20110711,494.40,499.60,488.50,472.24,7708500,0
GLEN.L,20110708,505.90,509.00,497.20,478.69,8827400,0
GLEN.L,20110707,496.85,509.00,493.60,484.27,7384600,0
GLEN.L,20110706,486.90,494.70,482.70,475.80,5939500,0
GLEN.L,20110705,480.00,487.60,480.00,467.91,4653700,0
GLEN.L,20110704,488.05,489.95,480.05,463.14,4003900,0
GLEN.L,20110701,491.00,492.73,478.25,470.79,7697700,0
GLEN.L,20110630,491.90,493.30,480.05,472.72,9360900,0
GLEN.L,20110629,496.00,497.83,485.05,468.44,13126700,0
GLEN.L,20110628,479.00,490.50,475.40,468.24,6654000,0
GLEN.L,20110627,470.80,480.00,470.80,457.84,2701900,0
GLEN.L,20110624,473.95,483.30,469.00,453.46,7536000,0
GLEN.L,20110623,485.40,486.00,460.10,449.28,11705600,0
GLEN.L,20110622,498.55,498.55,486.10,471.76,4854500,0
GLEN.L,20110621,480.00,496.10,479.90,476.72,5173600,0
GLEN.L,20110620,475.00,481.70,467.40,461.31,9030000,0
GLEN.L,20110617,478.95,486.95,465.35,464.05,13716000,0
GLEN.L,20110616,465.00,476.95,452.30,458.09,24314500,0
GLEN.L,20110615,492.65,495.00,472.30,455.39,28388700,0
GLEN.L,20110614,515.00,518.90,500.00,481.38,33105500,0
GLEN.L,20110613,510.00,527.10,506.60,503.91,12358900,0
GLEN.L,20110610,516.40,524.50,508.90,490.43,10524600,0
GLEN.L,20110609,510.00,519.00,507.98,495.83,15543300,0
GLEN.L,20110608,520.00,520.00,509.40,492.46,11826200,0
GLEN.L,20110607,516.70,522.00,513.20,499.05,4487800,0
GLEN.L,20110606,505.00,520.90,504.00,495.83,12717200,0
GLEN.L,20110603,512.00,512.00,504.00,486.20,16160400,0
GLEN.L,20110602,510.00,514.10,500.20,491.88,14135700,0
GLEN.L,20110601,529.00,529.10,510.50,494.77,20835000,0
GLEN.L,20110531,530.20,531.50,522.50,511.33,64817400,0
GLEN.L,20110527,524.90,525.51,521.60,503.98,25700200,0
GLEN.L,20110526,525.00,527.09,518.82,500.74,24024500,0
GLEN.L,20110525,520.00,542.38,516.00,502.76,35254500,0
GLEN.L,20110524,520.00,528.72,516.00,505.20,127564600,0
GLEN.L,20110523,518.00,519.78,506.00,487.63,94740400,0
GLEN.L,20110520,530.00,538.89,519.00,512.76,207140000,0
GLEN.L,20110519,549.00,559.16,528.94,519.45,554948000,0
