HL.L,20120824,618.50,623.00,611.00,619.50,327600,0
HL.L,20120823,617.00,620.00,607.55,613.50,395200,0
HL.L,20120822,611.00,612.30,602.00,610.50,385100,0
HL.L,20120821,616.00,616.50,603.50,614.50,603900,0
HL.L,20120820,612.50,614.00,601.50,606.50,300500,0
HL.L,20120817,613.00,614.50,604.50,610.00,389600,0
HL.L,20120816,610.50,614.80,605.50,611.56,402500,0
HL.L,20120815,607.50,614.00,606.06,611.08,331900,0
HL.L,20120814,605.50,609.00,600.50,607.00,212900,0
HL.L,20120813,603.50,605.50,598.50,602.00,168800,0
HL.L,20120810,602.00,606.50,596.50,602.50,295100,0
HL.L,20120809,601.00,604.50,596.00,603.50,176400,0
HL.L,20120808,595.50,600.00,589.50,598.00,273000,0
HL.L,20120807,593.50,601.00,591.69,598.50,322200,0
HL.L,20120806,587.50,597.50,580.50,594.00,297500,0
HL.L,20120803,564.00,590.00,563.81,589.50,326500,0
HL.L,20120802,575.00,580.00,562.50,562.50,281600,0
HL.L,20120801,567.50,577.50,566.98,577.50,240100,0
HL.L,20120731,567.50,576.50,566.00,566.00,361600,0
HL.L,20120727,572.50,572.50,562.00,571.50,418400,0
HL.L,20120726,561.00,574.50,558.25,571.50,554100,0
HL.L,20120725,552.50,563.00,549.50,562.00,239800,0
HL.L,20120724,552.50,557.07,545.50,552.50,450000,0
HL.L,20120723,570.00,575.50,546.00,548.00,435500,0
HL.L,20120720,580.50,583.50,573.50,574.50,494100,0
HL.L,20120719,574.50,583.56,571.00,583.50,390800,0
HL.L,20120718,556.00,575.56,555.75,575.50,2686100,0
HL.L,20120717,551.00,557.00,548.61,552.50,429800,0
HL.L,20120716,556.50,556.50,548.50,551.00,471300,0
HL.L,20120713,545.00,554.50,542.50,552.00,629300,0
HL.L,20120712,548.00,553.50,542.50,545.50,864800,0
HL.L,20120711,547.00,555.68,544.50,552.00,410900,0
HL.L,20120710,540.00,552.00,540.00,551.00,323800,0
HL.L,20120709,542.00,545.11,538.00,543.00,377600,0
HL.L,20120706,542.00,549.50,541.50,545.50,463900,0
HL.L,20120705,534.50,552.32,534.50,549.00,483800,0
HL.L,20120704,536.00,552.00,536.00,548.50,342400,0
HL.L,20120703,523.00,550.00,520.50,548.00,559500,0
HL.L,20120702,528.00,539.50,524.95,537.00,461200,0
HL.L,20120629,517.00,532.00,512.00,529.50,586500,0
HL.L,20120628,512.50,512.50,496.40,503.00,481200,0
HL.L,20120627,509.50,514.00,504.00,511.00,520000,0
HL.L,20120626,516.50,516.50,504.00,506.00,506500,0
HL.L,20120625,500.50,514.50,499.20,513.00,697800,0
HL.L,20120622,508.50,508.50,499.50,501.00,408800,0
HL.L,20120621,514.50,519.50,508.95,512.00,434000,0
HL.L,20120620,497.10,520.00,494.50,518.50,787800,0
HL.L,20120619,484.90,498.50,484.10,495.90,530900,0
HL.L,20120618,492.30,494.94,482.30,484.60,537600,0
HL.L,20120615,482.60,487.89,475.90,487.60,1626000,0
HL.L,20120614,473.60,483.70,468.70,478.32,905100,0
HL.L,20120613,476.40,479.20,470.40,475.30,349700,0
HL.L,20120612,476.80,479.00,469.60,474.40,499400,0
HL.L,20120611,491.30,493.25,473.90,474.90,423800,0
HL.L,20120608,482.20,486.38,477.20,479.80,503400,0
HL.L,20120607,477.60,493.00,476.60,488.10,739200,0
HL.L,20120606,466.90,477.60,466.90,474.50,633200,0
HL.L,20120601,478.60,483.80,460.60,463.90,579700,0
HL.L,20120531,473.80,482.40,470.00,480.10,1108100,0
HL.L,20120530,478.70,483.12,470.80,471.90,582200,0
HL.L,20120529,481.40,485.10,476.12,484.10,302400,0
HL.L,20120528,476.20,484.30,475.04,479.00,298900,0
HL.L,20120525,468.60,476.80,463.70,474.10,941000,0
HL.L,20120524,473.50,473.50,460.80,466.10,556800,0
HL.L,20120523,474.50,479.20,468.90,469.30,543400,0
HL.L,20120522,476.40,484.30,472.30,481.80,506600,0
HL.L,20120521,465.80,469.10,462.40,464.90,601300,0
HL.L,20120518,474.10,478.00,465.00,465.00,990200,0
HL.L,20120517,501.00,502.69,479.10,480.70,698000,0
HL.L,20120516,488.30,506.00,482.87,501.50,734700,0
HL.L,20120514,507.00,507.00,494.50,499.40,544100,0
HL.L,20120511,515.00,515.00,502.00,509.50,729000,0
HL.L,20120510,499.00,518.00,496.20,516.00,626600,0
HL.L,20120509,502.50,502.50,487.40,496.30,865900,0
HL.L,20120508,517.00,520.00,496.40,500.00,855400,0
HL.L,20120504,530.00,530.96,515.50,517.00,794800,0
HL.L,20120503,528.50,533.00,527.00,532.00,713700,0
HL.L,20120502,530.00,533.00,525.00,525.79,767700,0
HL.L,20120501,527.00,530.50,521.00,526.14,714500,0
HL.L,20120430,529.50,529.57,521.50,526.50,485700,0
HL.L,20120427,507.00,526.63,507.00,526.50,450500,0
HL.L,20120426,515.50,517.00,504.00,510.00,510500,0
HL.L,20120425,509.00,513.50,504.50,512.00,581000,0
HL.L,20120424,501.50,506.50,499.00,506.00,761200,0
HL.L,20120423,521.50,521.50,492.70,496.90,1718900,0
HL.L,20120420,510.00,525.00,504.86,521.50,1324100,0
HL.L,20120419,490.00,509.50,490.00,503.98,2322400,0
HL.L,20120418,469.10,482.40,469.10,481.50,1695600,0
HL.L,20120417,456.20,474.10,456.20,471.50,781100,0
HL.L,20120416,457.10,461.70,453.20,456.30,599900,0
HL.L,20120413,475.20,478.09,458.20,460.10,668100,0
HL.L,20120412,463.00,478.40,463.00,475.30,816600,0
HL.L,20120411,444.50,466.90,444.50,463.70,1144100,0
HL.L,20120410,462.20,462.20,446.80,446.80,937700,0
HL.L,20120405,466.30,470.80,458.10,469.48,979000,0
HL.L,20120404,485.30,486.47,464.00,469.30,1492000,0
HL.L,20120403,489.40,492.31,485.38,487.60,928300,0
HL.L,20120402,487.00,490.80,477.30,488.00,1002700,0
HL.L,20120330,479.90,490.00,479.90,487.10,649100,0
HL.L,20120329,485.50,490.30,477.60,482.49,743900,0
HL.L,20120328,490.00,495.70,487.00,487.00,1106000,0
HL.L,20120327,488.60,494.13,487.10,488.20,744400,0
HL.L,20120326,488.90,490.50,484.40,488.60,649900,0
HL.L,20120323,485.90,494.50,481.60,485.22,794000,0
HL.L,20120322,490.90,496.00,482.60,483.40,564400,0
HL.L,20120321,493.20,497.40,488.50,494.17,641500,0
HL.L,20120320,491.50,495.80,484.90,491.00,792000,0
HL.L,20120319,498.00,498.00,485.70,491.10,934900,0
HL.L,20120316,480.20,499.70,476.00,496.30,1602600,0
HL.L,20120315,478.90,480.50,473.80,477.90,698500,0
HL.L,20120314,479.00,485.90,474.50,478.10,1014600,0
HL.L,20120313,473.60,482.40,467.40,480.30,689800,0
HL.L,20120312,468.30,472.00,466.00,472.00,485800,0
HL.L,20120309,468.00,475.00,463.90,467.00,920800,0
HL.L,20120308,461.60,475.72,460.00,466.60,1396300,0
HL.L,20120307,457.60,467.90,455.50,461.80,2565700,0
HL.L,20120306,444.80,464.30,444.20,459.10,3835100,0
HL.L,20120305,442.50,447.70,440.06,445.30,1013400,0
HL.L,20120302,447.80,449.10,440.80,445.50,1136200,0
HL.L,20120301,430.00,448.30,426.54,447.60,1114300,0
HL.L,20120229,437.50,442.00,426.90,428.30,1652400,0
HL.L,20120228,449.20,454.37,428.72,439.50,2257000,0
HL.L,20120227,462.00,462.00,441.00,449.30,1068500,0
HL.L,20120224,462.10,463.40,457.01,462.00,804900,0
HL.L,20120223,465.00,467.40,454.30,457.80,1305000,0
HL.L,20120222,481.40,483.90,464.76,465.00,1011200,0
HL.L,20120221,484.90,484.90,475.70,481.50,898900,0
HL.L,20120220,476.90,485.90,473.80,483.70,641100,0
HL.L,20120217,466.30,472.30,459.30,471.90,694200,0
HL.L,20120216,456.50,465.50,454.00,463.90,360500,0
HL.L,20120215,465.00,469.30,459.60,459.60,760500,0
HL.L,20120214,462.10,468.00,458.60,460.60,599700,0
HL.L,20120213,459.50,465.90,447.99,465.60,671800,0
HL.L,20120210,460.00,466.04,454.44,455.80,1334600,0
HL.L,20120209,460.00,462.00,440.90,460.30,1650600,0
HL.L,20120208,460.40,469.90,454.10,457.44,1036600,0
HL.L,20120207,440.30,460.40,438.50,460.40,1054700,0
HL.L,20120206,442.50,447.06,436.60,441.00,766300,0
HL.L,20120203,432.50,447.10,430.10,440.90,685100,0
HL.L,20120202,424.50,432.80,420.57,432.60,902100,0
HL.L,20120201,412.90,426.10,412.90,424.20,856600,0
HL.L,20120131,415.50,417.30,410.90,412.80,542200,0
HL.L,20120130,414.70,419.20,411.30,413.50,443900,0
HL.L,20120127,418.10,419.10,410.90,417.85,529900,0
HL.L,20120126,422.30,425.10,416.90,419.30,543000,0
HL.L,20120125,432.40,433.90,420.20,421.90,415700,0
HL.L,20120124,431.10,439.90,425.88,431.00,671200,0
HL.L,20120123,444.30,449.10,441.18,446.30,492400,0
HL.L,20120120,448.30,450.59,441.50,443.50,624000,0
HL.L,20120119,449.30,451.00,444.30,448.80,424500,0
HL.L,20120118,440.00,452.40,431.10,447.00,329500,0
HL.L,20120117,448.90,449.50,437.20,439.60,263700,0
HL.L,20120116,429.40,441.40,428.68,441.40,309900,0
HL.L,20120113,431.60,432.60,424.80,429.50,544700,0
HL.L,20120112,428.80,428.80,422.00,424.80,365300,0
HL.L,20120111,421.20,429.79,421.10,423.80,310300,0
HL.L,20120110,418.70,425.20,412.03,423.40,562700,0
HL.L,20120109,425.00,425.00,411.00,412.20,353400,0
HL.L,20120106,430.10,432.00,421.83,424.00,660800,0
HL.L,20120105,435.30,436.40,425.60,430.00,285100,0
HL.L,20120104,436.60,438.18,430.30,434.90,300300,0
HL.L,20120103,442.00,444.00,433.00,437.00,594300,0
HL.L,20111230,437.20,437.20,429.30,430.50,124700,0
HL.L,20111229,433.20,435.50,431.30,435.00,150700,0
HL.L,20111228,435.00,436.50,430.50,433.20,539400,0
HL.L,20111223,435.00,437.30,431.40,435.00,117100,0
HL.L,20111222,429.00,433.60,428.80,433.60,325600,0
HL.L,20111221,424.50,432.00,421.73,428.40,686300,0
HL.L,20111220,415.30,420.90,413.10,420.40,307300,0
HL.L,20111219,420.30,423.90,409.00,415.20,279900,0
HL.L,20111216,435.00,439.00,422.50,422.50,600400,0
HL.L,20111215,420.00,436.00,414.40,431.16,936300,0
HL.L,20111214,437.80,442.40,421.40,421.40,379400,0
HL.L,20111213,443.50,447.40,437.70,440.00,274800,0
HL.L,20111212,458.20,458.20,440.90,440.90,552000,0
HL.L,20111209,447.50,459.00,445.32,457.60,561100,0
HL.L,20111208,470.80,470.80,450.70,451.50,444600,0
HL.L,20111207,471.20,472.00,461.80,468.30,766100,0
HL.L,20111206,465.70,471.90,464.70,470.00,397500,0
HL.L,20111205,472.70,472.70,462.90,467.90,334700,0
HL.L,20111202,471.70,476.40,466.50,468.50,470200,0
HL.L,20111201,473.10,473.20,460.70,466.90,463100,0
HL.L,20111130,450.30,473.30,448.80,470.70,1000000,0
HL.L,20111129,452.00,456.00,447.20,455.50,578200,0
HL.L,20111128,428.20,450.05,427.27,450.00,726400,0
HL.L,20111125,427.00,429.47,420.50,426.00,2183200,0
HL.L,20111124,426.10,431.80,419.50,427.00,689600,0
HL.L,20111123,447.20,450.00,423.30,423.90,706200,0
HL.L,20111122,460.00,460.66,445.60,449.50,597800,0
HL.L,20111121,471.10,472.74,454.50,454.50,475100,0
HL.L,20111118,475.00,483.75,472.60,475.80,393600,0
HL.L,20111117,491.60,491.18,473.27,480.30,608000,0
HL.L,20111116,499.30,504.00,488.20,494.70,497500,0
HL.L,20111115,500.50,504.00,496.70,501.00,537800,0
HL.L,20111114,514.50,518.00,501.00,502.00,305700,0
HL.L,20111111,485.50,512.00,483.60,511.00,392600,0
HL.L,20111110,495.00,500.50,484.40,487.30,337700,0
HL.L,20111109,516.50,516.50,494.10,500.50,586100,0
HL.L,20111108,495.10,509.50,493.20,509.50,449700,0
HL.L,20111107,496.60,507.50,484.40,495.00,362200,0
HL.L,20111104,499.00,505.50,490.40,495.70,451200,0
HL.L,20111103,477.70,500.50,477.70,494.60,344400,0
HL.L,20111102,481.00,487.20,474.30,482.60,314200,0
HL.L,20111101,497.00,497.40,473.00,478.60,521200,0
HL.L,20111031,517.00,517.00,500.69,501.50,342000,0
HL.L,20111028,512.00,520.00,509.00,518.00,362600,0
HL.L,20111027,508.00,516.00,506.50,509.23,700600,0
HL.L,20111026,502.50,504.50,491.00,493.30,333200,0
HL.L,20111025,505.50,510.00,491.50,501.00,303000,0
HL.L,20111024,502.00,512.63,501.00,509.50,317800,0
HL.L,20111021,477.50,499.30,476.90,499.30,475900,0
HL.L,20111020,486.90,493.60,473.70,473.70,332400,0
HL.L,20111019,498.50,508.00,487.40,489.50,461300,0
HL.L,20111018,498.10,510.60,483.90,488.20,552800,0
HL.L,20111017,509.00,523.80,505.00,507.00,655600,0
HL.L,20111014,497.80,511.00,497.50,511.00,514400,0
HL.L,20111013,474.30,512.00,473.90,500.00,902600,0
HL.L,20111012,467.60,481.10,463.00,472.21,481100,0
HL.L,20111011,467.80,474.30,463.60,470.00,455200,0
HL.L,20111010,450.30,469.80,444.80,466.00,1293700,0
HL.L,20111007,447.60,454.70,429.40,450.00,653200,0
HL.L,20111006,432.00,448.20,425.90,445.30,689100,0
HL.L,20111005,425.80,433.70,420.10,426.48,481800,0
HL.L,20111004,444.10,444.10,412.60,412.60,661400,0
HL.L,20111003,438.20,449.20,432.60,442.35,423900,0
HL.L,20110930,449.90,460.50,447.10,449.47,644500,0
HL.L,20110929,457.70,465.60,451.40,462.01,275900,0
HL.L,20110928,464.11,470.70,452.70,458.00,575900,0
HL.L,20110927,449.30,474.00,442.00,472.00,585800,0
HL.L,20110926,421.60,446.80,421.60,438.40,307900,0
HL.L,20110923,439.00,441.60,420.10,432.60,311800,0
HL.L,20110922,469.70,469.70,434.30,437.60,1097300,0
HL.L,20110921,482.10,482.10,472.90,478.60,597000,0
HL.L,20110920,444.61,480.20,444.61,480.20,813300,0
HL.L,20110919,461.40,463.40,442.60,442.60,369800,0
HL.L,20110916,471.30,475.30,462.60,463.40,1355500,0
HL.L,20110915,457.40,474.10,455.40,468.90,824100,0
HL.L,20110914,454.60,469.32,454.30,454.30,577100,0
HL.L,20110913,472.30,472.60,456.60,457.30,393500,0
HL.L,20110912,467.70,473.20,458.50,466.40,863900,0
HL.L,20110909,500.50,505.00,477.80,488.92,898800,0
HL.L,20110908,490.00,515.00,486.20,503.50,853400,0
HL.L,20110907,483.40,488.20,472.30,486.20,1056800,0
HL.L,20110906,476.20,490.90,476.00,486.91,986900,0
HL.L,20110905,490.00,494.80,478.50,478.50,1186900,0
HL.L,20110902,506.50,511.10,492.60,499.50,1256900,0
HL.L,20110901,441.00,508.50,441.00,508.50,2275900,0
HL.L,20110831,406.90,433.70,405.90,424.19,1300400,0
HL.L,20110830,410.40,415.55,404.60,407.13,419300,0
HL.L,20110826,408.50,408.90,392.00,402.50,910100,0
HL.L,20110825,423.20,428.10,403.00,404.40,752500,0
HL.L,20110824,431.80,431.80,412.90,425.40,682600,0
HL.L,20110823,430.00,436.90,426.30,429.60,358000,0
HL.L,20110822,419.50,441.10,419.50,431.30,16800,0
HL.L,20110819,432.50,436.60,411.00,424.20,988700,0
HL.L,20110818,435.70,448.77,426.80,434.80,1005800,0
HL.L,20110817,455.00,455.00,435.50,443.30,1101900,0
HL.L,20110816,467.40,471.23,455.40,458.00,685300,0
HL.L,20110815,473.80,480.23,465.70,472.10,443300,0
HL.L,20110812,466.60,478.20,459.60,475.00,933400,0
HL.L,20110811,465.60,470.93,450.10,464.20,1775700,0
HL.L,20110810,469.00,478.10,448.70,456.98,1248100,0
HL.L,20110809,459.20,467.40,422.54,459.58,1261500,0
HL.L,20110808,475.00,487.96,457.00,457.00,786900,0
HL.L,20110805,483.00,492.90,462.96,483.40,1104600,0
HL.L,20110804,510.00,517.50,492.20,492.20,938900,0
HL.L,20110803,499.10,508.50,489.00,498.55,1365100,0
HL.L,20110802,562.00,562.00,506.50,506.50,3000800,0
HL.L,20110801,582.00,589.50,570.26,580.00,283800,0
HL.L,20110729,570.50,575.00,561.50,570.00,327000,0
HL.L,20110728,587.00,592.00,572.50,578.00,339800,0
HL.L,20110727,589.00,598.50,586.50,591.50,330600,0
HL.L,20110726,598.00,600.50,582.50,589.50,216900,0
HL.L,20110725,605.00,605.00,594.43,596.00,220100,0
HL.L,20110722,607.00,609.00,600.50,608.50,146700,0
HL.L,20110721,600.50,608.00,598.00,603.50,190600,0
HL.L,20110720,603.50,606.00,596.50,600.50,194800,0
HL.L,20110719,596.50,603.50,585.50,598.00,266000,0
HL.L,20110718,598.00,608.00,593.00,593.50,251100,0
HL.L,20110715,607.00,607.00,597.50,600.50,151100,0
HL.L,20110714,595.00,611.00,595.00,605.00,172900,0
HL.L,20110713,602.50,608.00,594.00,603.00,406400,0
HL.L,20110712,605.50,609.50,589.50,601.00,223500,0
HL.L,20110711,613.50,622.50,605.00,609.00,171800,0
HL.L,20110708,633.50,633.50,619.00,622.00,138400,0
HL.L,20110707,624.50,630.00,623.50,629.50,247100,0
HL.L,20110706,632.50,632.50,617.50,624.00,289300,0
HL.L,20110705,629.00,635.50,626.00,629.00,181400,0
HL.L,20110704,613.50,629.00,613.50,629.00,121400,0
HL.L,20110701,610.00,616.50,606.00,616.00,257900,0
HL.L,20110630,609.00,611.00,601.50,607.50,306300,0
HL.L,20110629,598.00,609.50,597.00,609.50,256300,0
HL.L,20110628,586.50,596.50,581.50,596.50,392100,0
HL.L,20110627,577.00,593.00,574.00,583.00,244900,0
HL.L,20110624,595.50,596.02,578.72,580.00,433800,0
HL.L,20110623,599.50,601.00,590.00,598.10,1494800,0
HL.L,20110622,605.00,608.00,603.00,603.00,208500,0
HL.L,20110621,596.50,603.50,596.50,603.50,672600,0
HL.L,20110620,610.00,610.50,596.00,596.00,713700,0
HL.L,20110617,610.50,615.50,606.00,614.00,553500,0
HL.L,20110616,617.00,620.50,612.00,614.50,398100,0
HL.L,20110615,627.00,627.00,620.00,621.50,173400,0
HL.L,20110614,617.00,627.50,617.00,624.50,250400,0
HL.L,20110613,623.50,625.00,613.50,617.00,472400,0
HL.L,20110610,630.50,634.00,622.00,622.00,171800,0
HL.L,20110609,637.50,637.50,628.50,630.50,622400,0
HL.L,20110608,635.50,639.50,632.00,634.50,600600,0
HL.L,20110607,641.00,643.00,639.00,640.00,171900,0
HL.L,20110606,629.00,640.00,626.00,640.00,1084600,0
HL.L,20110603,637.50,638.00,628.50,630.50,745700,0
HL.L,20110602,627.00,635.00,623.50,635.00,507200,0
HL.L,20110601,635.50,637.50,629.50,630.00,466500,0
HL.L,20110531,628.00,633.00,625.50,630.00,384800,0
HL.L,20110527,610.50,626.50,610.50,626.00,360000,0
HL.L,20110526,608.00,612.50,608.00,611.00,348600,0
HL.L,20110525,607.00,607.50,602.50,607.50,2725900,0
HL.L,20110524,599.00,606.00,599.00,602.70,921400,0
HL.L,20110523,604.50,605.50,595.50,599.00,1739200,0
HL.L,20110520,600.00,605.50,598.00,605.50,1159600,0
HL.L,20110519,594.50,601.50,593.00,600.00,796400,0
HL.L,20110518,595.50,597.50,590.40,592.00,221500,0
HL.L,20110517,590.00,597.00,588.50,588.50,198300,0
HL.L,20110516,591.00,598.50,584.50,590.50,281300,0
HL.L,20110513,605.00,606.50,594.50,601.19,335000,0
HL.L,20110512,612.00,612.00,602.50,602.50,269500,0
HL.L,20110511,611.00,615.00,610.50,610.50,277300,0
HL.L,20110510,610.50,612.89,608.00,611.00,504500,0
HL.L,20110509,606.50,611.00,605.50,609.00,254600,0
HL.L,20110506,619.00,632.95,606.50,610.00,576500,0
HL.L,20110505,642.50,643.33,617.50,618.50,579900,0
HL.L,20110504,640.00,643.50,634.50,641.00,295800,0
HL.L,20110503,646.00,653.00,634.00,637.50,254800,0
HL.L,20110428,649.00,653.00,640.00,643.50,269500,0
HL.L,20110427,643.00,648.00,637.50,646.50,207100,0
HL.L,20110426,629.50,641.50,629.00,641.50,187500,0
HL.L,20110421,624.00,639.50,623.50,634.00,308300,0
HL.L,20110420,622.00,625.00,612.00,620.00,374900,0
HL.L,20110419,610.00,621.50,608.50,616.00,747700,0
HL.L,20110418,615.50,618.00,605.00,605.00,252100,0
HL.L,20110415,614.50,616.50,611.50,614.50,281700,0
HL.L,20110414,618.50,625.50,613.00,613.00,206600,0
HL.L,20110413,615.50,625.50,615.50,621.00,457800,0
HL.L,20110412,615.00,617.00,606.50,607.50,218100,0
HL.L,20110411,611.00,617.50,606.50,616.00,309100,0
HL.L,20110408,612.00,615.00,607.50,613.00,232300,0
HL.L,20110407,618.00,623.50,608.00,609.50,391900,0
HL.L,20110406,609.00,617.00,608.00,616.00,224100,0
HL.L,20110405,604.00,608.80,601.00,606.00,394700,0
HL.L,20110404,607.50,609.00,602.00,605.50,460000,0
HL.L,20110401,610.00,611.00,608.00,608.00,266400,0
HL.L,20110331,612.00,613.00,607.00,610.00,633200,0
HL.L,20110330,611.50,614.50,605.00,609.00,459100,0
HL.L,20110329,617.50,617.50,604.00,605.02,732400,0
HL.L,20110328,622.00,622.00,608.00,613.50,364200,0
HL.L,20110325,617.00,620.00,612.50,618.00,327700,0
HL.L,20110324,605.00,617.50,604.00,613.08,738000,0
HL.L,20110323,616.50,618.50,602.00,605.00,1019200,0
HL.L,20110322,623.50,629.50,614.00,620.00,645800,0
HL.L,20110321,627.00,629.50,612.65,625.00,1330300,0
HL.L,20110318,603.00,627.00,603.00,627.00,24649400,0
HL.L,20110317,599.00,602.50,591.00,602.00,1919400,0
HL.L,20110316,605.50,607.50,590.00,596.50,1105400,0
HL.L,20110315,607.00,614.00,601.50,604.00,831700,0
HL.L,20110314,624.00,635.00,611.50,614.50,708400,0
HL.L,20110311,625.00,632.00,606.00,614.50,1188100,0
HL.L,20110310,635.00,647.00,625.00,628.00,949800,0
HL.L,20110309,625.00,641.00,625.00,634.68,1060100,0
HL.L,20110308,600.00,614.00,591.00,610.58,588600,0
HL.L,20110307,594.50,599.50,590.00,598.00,182100,0
HL.L,20110304,594.50,598.00,594.00,595.50,590500,0
HL.L,20110303,596.00,600.00,588.00,594.00,270800,0
HL.L,20110302,595.00,599.00,585.50,590.00,472500,0
HL.L,20110301,605.50,606.50,596.00,599.50,162100,0
HL.L,20110228,615.00,615.00,602.00,605.00,261300,0
HL.L,20110225,610.50,611.50,601.00,608.00,8489400,0
HL.L,20110224,602.50,612.50,601.00,604.00,11797000,0
HL.L,20110223,609.00,614.50,602.00,609.50,262100,0
HL.L,20110222,606.00,612.00,601.00,609.00,331200,0
HL.L,20110221,601.00,615.00,601.00,611.50,706300,0
HL.L,20110218,600.00,609.00,598.00,609.00,1458300,0
HL.L,20110217,607.00,609.50,599.00,602.00,18463400,0
HL.L,20110216,598.00,612.50,587.00,603.50,706800,0
HL.L,20110215,584.50,590.00,580.00,584.50,167500,0
HL.L,20110214,580.00,590.00,575.00,580.00,1859500,0
HL.L,20110211,570.00,578.00,569.00,570.00,185300,0
HL.L,20110210,553.00,580.50,550.50,570.00,659500,0
HL.L,20110209,532.00,549.00,527.50,546.50,173400,0
HL.L,20110208,527.50,533.50,524.50,533.00,183500,0
HL.L,20110207,524.50,530.50,520.00,530.00,103900,0
HL.L,20110204,527.50,530.00,523.00,525.50,143200,0
HL.L,20110203,529.50,532.00,521.00,526.00,86900,0
HL.L,20110202,535.00,538.00,527.50,528.50,1854400,0
HL.L,20110201,536.50,538.00,522.50,534.50,92900,0
HL.L,20110131,546.50,546.50,530.50,535.00,114900,0
HL.L,20110128,537.50,555.00,535.00,546.50,148300,0
HL.L,20110127,528.50,549.50,528.00,540.50,116300,0
HL.L,20110126,519.00,530.50,514.50,525.00,114700,0
HL.L,20110125,525.50,527.00,514.50,514.50,41400,0
HL.L,20110124,518.00,529.50,518.00,521.50,79500,0
HL.L,20110121,520.00,523.50,515.00,517.00,72800,0
HL.L,20110120,544.00,544.00,513.00,516.00,240700,0
HL.L,20110119,549.00,549.50,541.50,541.50,79000,0
HL.L,20110118,547.00,551.00,544.50,544.50,109300,0
HL.L,20110117,557.00,558.00,542.50,547.00,72400,0
HL.L,20110114,558.00,558.50,552.00,556.50,154000,0
HL.L,20110113,555.50,559.50,553.00,557.50,180500,0
HL.L,20110112,553.50,558.50,544.00,558.00,435900,0
HL.L,20110111,570.00,570.00,545.00,548.50,345400,0
HL.L,20110110,579.50,581.00,565.50,568.00,158500,0
HL.L,20110107,586.00,586.00,571.00,575.50,249700,0
HL.L,20110106,598.00,600.00,584.00,585.00,187300,0
HL.L,20110105,600.00,605.00,596.50,599.00,170900,0
HL.L,20110104,584.50,600.50,584.50,597.50,108200,0
HL.L,20101231,591.50,591.50,585.00,586.00,37800,0
HL.L,20101230,590.00,590.00,581.50,589.50,54600,0
HL.L,20101229,594.50,594.50,586.00,590.00,123800,0
HL.L,20101224,592.00,602.50,584.00,584.00,34500,0
HL.L,20101223,592.00,602.50,592.00,595.00,168900,0
HL.L,20101222,575.00,592.50,575.00,592.00,106500,0
HL.L,20101221,572.50,577.00,560.00,577.00,84300,0
HL.L,20101220,555.50,570.50,555.00,570.50,91800,0
HL.L,20101217,545.00,560.50,540.50,560.50,441900,0
HL.L,20101216,551.00,555.50,540.00,544.00,257000,0
HL.L,20101215,552.50,557.50,546.00,553.00,298900,0
HL.L,20101214,541.00,555.50,541.00,552.50,193300,0
HL.L,20101213,540.00,547.50,537.00,546.00,121700,0
HL.L,20101210,526.50,540.00,525.50,539.00,132400,0
HL.L,20101209,511.50,544.00,511.50,525.50,332900,0
HL.L,20101208,514.00,516.00,507.50,508.00,250900,0
HL.L,20101207,505.50,520.00,504.00,520.00,239300,0
HL.L,20101206,496.60,506.50,493.50,504.00,132200,0
HL.L,20101203,493.70,497.90,492.90,497.00,157800,0
HL.L,20101202,484.50,498.30,484.50,495.80,253100,0
HL.L,20101201,495.60,498.00,490.00,497.00,113600,0
HL.L,20101130,490.00,496.20,487.20,493.10,158600,0
HL.L,20101129,493.50,495.00,488.30,490.00,380100,0
HL.L,20101126,500.00,500.00,485.20,493.80,46000,0
HL.L,20101125,495.00,501.50,493.40,501.50,259600,0
HL.L,20101124,490.50,496.00,483.00,496.00,220600,0
HL.L,20101123,493.20,497.10,489.80,489.80,62600,0
HL.L,20101122,496.00,496.00,492.00,496.00,276200,0
HL.L,20101119,488.40,493.70,483.40,493.70,112600,0
HL.L,20101118,479.00,491.00,476.40,490.20,213700,0
HL.L,20101117,477.60,479.90,470.10,472.00,104000,0
HL.L,20101116,490.50,494.30,479.40,479.40,76900,0
HL.L,20101115,497.50,497.50,490.20,494.80,51700,0
HL.L,20101112,494.50,500.00,487.90,499.50,63900,0
HL.L,20101111,489.20,498.20,489.20,494.00,340700,0
HL.L,20101110,492.80,502.50,488.30,497.10,203200,0
HL.L,20101109,480.00,489.30,480.00,483.50,148200,0
HL.L,20101108,487.00,492.00,480.10,484.40,101900,0
HL.L,20101105,489.20,490.00,484.30,489.80,264300,0
HL.L,20101104,475.10,489.10,475.10,486.60,324100,0
HL.L,20101103,486.20,486.20,475.40,480.10,294200,0
HL.L,20101102,470.80,485.40,470.30,481.00,177900,0
HL.L,20101101,471.40,479.90,466.10,472.70,99400,0
HL.L,20101029,460.40,472.40,459.80,468.50,140700,0
HL.L,20101028,450.40,461.60,450.40,459.50,98800,0
HL.L,20101027,448.00,453.80,446.20,452.00,117200,0
HL.L,20101026,455.40,456.20,452.00,452.20,154700,0
HL.L,20101025,456.00,459.20,450.10,453.00,195100,0
HL.L,20101022,456.60,456.60,450.60,451.00,98500,0
HL.L,20101021,452.20,453.10,449.00,452.00,226700,0
HL.L,20101020,454.00,454.80,449.80,454.80,98000,0
HL.L,20101019,456.00,459.10,450.20,450.20,177200,0
HL.L,20101018,451.80,457.10,445.10,452.50,199600,0
HL.L,20101015,460.00,460.00,445.10,450.00,466900,0
HL.L,20101014,450.00,452.60,445.00,451.20,455800,0
HL.L,20101013,452.00,454.00,446.60,449.70,124500,0
HL.L,20101012,451.00,452.00,440.50,450.00,170800,0
HL.L,20101011,445.00,451.20,445.00,447.50,110900,0
HL.L,20101008,459.30,460.10,443.30,446.00,210000,0
HL.L,20101007,462.20,465.00,432.00,452.00,14737100,0
HL.L,20101006,464.00,470.90,463.90,470.90,62800,0
HL.L,20101005,453.70,464.00,453.00,461.50,80300,0
HL.L,20101004,457.20,458.00,451.60,453.00,39400,0
HL.L,20101001,444.30,457.30,443.30,455.60,123400,0
HL.L,20100930,440.70,445.10,438.70,440.00,42400,0
HL.L,20100929,443.30,451.00,440.60,444.70,99700,0
HL.L,20100928,435.00,443.30,434.00,441.10,235800,0
HL.L,20100927,442.20,442.20,435.00,435.00,65300,0
HL.L,20100924,440.50,440.50,431.00,437.00,320000,0
HL.L,20100923,441.00,442.80,431.30,440.00,100800,0
HL.L,20100922,448.60,448.60,435.00,440.00,128800,0
HL.L,20100921,448.30,448.30,440.00,442.00,131600,0
HL.L,20100920,460.00,465.00,444.60,447.30,217500,0
HL.L,20100917,457.30,478.00,457.20,461.50,686200,0
HL.L,20100916,437.10,461.00,436.60,457.30,247600,0
HL.L,20100915,427.40,439.20,421.30,437.10,270700,0
HL.L,20100914,422.90,426.50,418.80,425.00,181300,0
HL.L,20100913,414.90,421.90,413.30,420.90,197800,0
HL.L,20100910,395.10,416.20,395.10,416.00,206400,0
HL.L,20100909,391.00,403.70,388.70,400.10,134500,0
HL.L,20100908,390.00,390.00,382.70,387.70,293800,0
HL.L,20100907,390.00,390.00,384.00,386.00,90700,0
HL.L,20100906,390.00,390.00,387.00,387.00,90800,0
HL.L,20100903,390.00,391.00,389.00,390.00,331400,0
HL.L,20100902,391.00,391.00,387.40,390.00,174000,0
HL.L,20100901,399.90,399.90,386.90,390.00,404400,0
HL.L,20100831,394.00,394.00,389.10,389.10,78200,0
HL.L,20100827,390.00,393.00,390.00,390.00,82300,0
HL.L,20100826,397.50,397.50,391.90,392.00,193200,0
HL.L,20100825,402.90,402.90,392.00,392.00,761000,0
HL.L,20100824,399.30,401.20,396.70,401.20,36700,0
HL.L,20100823,394.70,401.50,393.00,400.00,127700,0
HL.L,20100820,398.00,398.00,393.70,395.00,58800,0
HL.L,20100819,405.00,406.30,394.00,394.00,460200,0
HL.L,20100818,400.30,407.00,400.00,402.60,119000,0
HL.L,20100817,399.40,408.40,395.00,403.80,157700,0
HL.L,20100816,375.20,404.00,375.20,404.00,158400,0
HL.L,20100813,384.90,384.90,377.70,382.00,73500,0
HL.L,20100812,376.50,384.80,376.50,383.40,118300,0
HL.L,20100811,376.90,379.70,373.00,376.90,85300,0
HL.L,20100810,370.40,376.70,370.40,376.70,91200,0
HL.L,20100809,370.40,374.90,367.80,374.90,42800,0
HL.L,20100806,375.00,375.00,368.80,371.00,88600,0
HL.L,20100805,365.60,373.40,365.60,372.80,209200,0
HL.L,20100804,371.80,373.40,367.70,369.30,49900,0
HL.L,20100803,372.10,374.60,367.20,370.60,62800,0
HL.L,20100802,366.30,371.30,365.80,371.30,71000,0
HL.L,20100730,362.40,365.00,360.80,363.12,136700,0
HL.L,20100729,359.60,365.00,359.60,364.81,63100,0
HL.L,20100728,359.30,362.00,355.10,360.60,57300,0
HL.L,20100727,359.60,360.10,356.40,359.00,47300,0
HL.L,20100726,362.40,362.40,355.20,355.40,39100,0
HL.L,20100723,353.90,361.80,350.00,358.50,172500,0
HL.L,20100722,335.00,354.90,334.70,353.10,283600,0
HL.L,20100721,327.00,336.10,326.90,336.00,364200,0
HL.L,20100720,331.40,331.80,322.30,325.10,327000,0
HL.L,20100719,331.20,337.50,326.80,326.80,89100,0
HL.L,20100716,341.20,341.40,332.00,332.00,49600,0
HL.L,20100715,340.50,343.30,335.10,337.30,104500,0
HL.L,20100714,341.00,346.50,337.50,339.00,177300,0
HL.L,20100713,333.20,340.90,333.20,340.90,305300,0
HL.L,20100712,335.40,339.40,329.80,334.00,227300,0
HL.L,20100709,336.00,337.10,331.50,332.00,102900,0
HL.L,20100708,323.70,335.00,323.70,335.00,403200,0
HL.L,20100707,327.30,327.30,323.90,325.50,260000,0
HL.L,20100706,316.50,332.90,316.50,332.40,177400,0
HL.L,20100705,324.00,324.70,317.40,317.40,154600,0
HL.L,20100702,327.20,331.80,323.50,325.00,169600,0
HL.L,20100701,332.90,339.30,326.40,326.40,96800,0
HL.L,20100630,331.80,341.00,331.80,338.40,757300,0
HL.L,20100629,335.30,342.10,333.40,334.80,72100,0
HL.L,20100628,338.70,342.20,336.70,341.50,40100,0
HL.L,20100625,344.30,345.70,337.90,338.50,1050600,0
HL.L,20100624,345.00,350.10,340.00,342.30,1361800,0
HL.L,20100623,342.50,346.20,339.70,342.90,93300,0
HL.L,20100622,349.90,349.90,342.40,348.90,303100,0
HL.L,20100621,356.20,356.20,347.60,349.90,345300,0
HL.L,20100618,340.90,357.10,339.90,350.00,1177500,0
HL.L,20100617,343.10,349.10,341.00,342.00,316500,0
HL.L,20100616,345.10,350.20,340.00,347.20,5010100,0
HL.L,20100615,348.00,349.50,344.30,346.60,170800,0
HL.L,20100614,349.20,359.10,348.20,349.90,195600,0
HL.L,20100611,355.90,360.40,348.30,354.50,400900,0
HL.L,20100610,345.70,358.00,345.70,358.00,192900,0
HL.L,20100609,356.10,359.00,348.00,355.70,372200,0
HL.L,20100608,355.60,359.00,346.40,355.00,287900,0
HL.L,20100607,361.00,361.00,350.10,355.00,273800,0
HL.L,20100604,357.10,360.90,356.50,360.00,82100,0
HL.L,20100603,343.10,370.00,343.10,357.70,142800,0
HL.L,20100602,340.00,348.00,337.10,346.30,101200,0
HL.L,20100601,341.40,347.50,338.20,344.40,277500,0
HL.L,20100528,345.00,349.00,340.40,344.20,146200,0
HL.L,20100527,337.60,345.70,336.70,345.70,116000,0
HL.L,20100526,330.10,339.90,330.10,335.90,193400,0
HL.L,20100525,333.80,333.80,316.00,329.90,232200,0
HL.L,20100524,326.00,335.90,326.00,334.50,141600,0
HL.L,20100521,331.50,332.00,316.00,321.40,217600,0
HL.L,20100520,338.70,342.80,331.00,332.50,307200,0
HL.L,20100519,348.40,353.20,336.00,340.00,211200,0
HL.L,20100518,353.30,358.00,345.80,355.50,65300,0
HL.L,20100517,349.80,354.40,346.10,348.00,111100,0
HL.L,20100514,356.40,358.00,350.70,358.00,149700,0
HL.L,20100513,358.00,365.00,356.10,362.60,90600,0
HL.L,20100512,346.50,357.00,345.00,355.20,88800,0
HL.L,20100511,351.30,355.00,345.10,347.80,73800,0
HL.L,20100510,349.50,359.40,346.60,354.07,380600,0
HL.L,20100507,341.00,344.90,328.50,340.00,417900,0
HL.L,20100506,363.90,363.90,342.70,343.00,453900,0
HL.L,20100505,367.30,367.30,356.00,362.00,268300,0
HL.L,20100504,355.00,370.00,354.30,363.60,198700,0
HL.L,20100430,358.20,360.60,346.70,354.00,185900,0
HL.L,20100429,365.50,365.50,354.40,356.70,172400,0
HL.L,20100428,375.50,375.50,362.90,362.90,230400,0
HL.L,20100427,365.00,379.50,360.00,371.40,431000,0
HL.L,20100426,381.00,383.70,370.10,373.30,163800,0
HL.L,20100423,370.00,381.50,368.30,381.00,243200,0
HL.L,20100422,367.00,374.90,365.60,373.30,105600,0
HL.L,20100421,374.80,374.80,365.70,370.30,207200,0
HL.L,20100420,373.00,376.50,371.50,375.70,230000,0
HL.L,20100419,373.50,379.90,372.00,372.80,131400,0
HL.L,20100416,365.00,387.00,365.00,373.50,235800,0
HL.L,20100415,360.00,362.50,357.80,362.50,99600,0
HL.L,20100414,359.00,360.70,356.50,360.00,120900,0
HL.L,20100413,359.40,360.80,354.40,359.00,171000,0
HL.L,20100412,364.70,364.70,359.10,360.00,281400,0
HL.L,20100409,358.00,364.00,358.00,361.00,283800,0
HL.L,20100408,346.60,358.00,344.90,358.00,174900,0
HL.L,20100407,349.00,351.00,343.00,351.00,137000,0
HL.L,20100406,330.00,348.30,328.10,347.10,175300,0
HL.L,20100401,325.00,330.00,322.00,330.00,164500,0
HL.L,20100331,335.10,339.70,315.30,327.00,300700,0
HL.L,20100330,337.30,338.00,331.90,336.00,65600,0
HL.L,20100329,342.00,342.00,332.80,339.10,110000,0
HL.L,20100326,336.40,341.50,335.80,341.10,60500,0
HL.L,20100325,328.40,336.50,328.30,336.40,108900,0
HL.L,20100324,340.00,344.60,330.00,332.60,205300,0
HL.L,20100323,350.00,350.00,340.20,340.20,183400,0
HL.L,20100322,349.90,350.00,343.90,349.10,66100,0
HL.L,20100319,348.00,354.40,345.00,347.80,742800,0
HL.L,20100318,348.00,349.00,344.70,347.00,120100,0
HL.L,20100317,345.00,348.10,343.00,346.90,80600,0
HL.L,20100316,345.00,347.50,343.00,343.00,140000,0
HL.L,20100315,345.00,350.00,342.00,346.00,324000,0
HL.L,20100312,341.00,344.40,339.40,341.90,102500,0
HL.L,20100311,343.70,344.10,342.00,343.50,129500,0
HL.L,20100310,340.00,344.50,337.10,344.10,190100,0
HL.L,20100309,350.10,352.20,347.60,349.00,127700,0
HL.L,20100308,345.00,351.60,345.00,350.10,102400,0
HL.L,20100305,344.90,354.90,340.00,347.90,148300,0
HL.L,20100304,329.10,343.60,329.10,343.50,401800,0
HL.L,20100303,339.40,340.00,330.90,339.30,766300,0
HL.L,20100302,326.40,339.00,324.00,339.00,201400,0
HL.L,20100301,324.40,328.40,319.20,328.00,188300,0
HL.L,20100226,317.90,322.00,316.10,321.50,112500,0
HL.L,20100225,317.20,323.50,314.00,315.70,329700,0
HL.L,20100224,312.00,320.00,301.00,317.00,816800,0
HL.L,20100223,320.00,322.00,309.20,311.50,183900,0
HL.L,20100222,340.50,341.60,317.30,319.80,289400,0
HL.L,20100219,334.00,343.30,334.00,336.00,190500,0
HL.L,20100218,331.00,344.80,331.00,336.80,202400,0
HL.L,20100217,334.00,335.50,329.70,335.50,135700,0
HL.L,20100216,324.10,333.50,320.50,333.50,609200,0
HL.L,20100215,322.20,327.00,314.30,318.03,371000,0
HL.L,20100212,311.60,320.30,311.60,320.00,404500,0
HL.L,20100211,301.90,312.80,300.60,312.80,379200,0
HL.L,20100210,295.00,297.20,291.40,295.50,396800,0
HL.L,20100209,280.00,292.00,280.00,291.80,62000,0
HL.L,20100208,280.90,285.20,278.00,280.00,87300,0
HL.L,20100205,281.30,283.60,275.60,276.50,252200,0
HL.L,20100204,296.80,296.80,280.40,285.00,137200,0
HL.L,20100203,299.80,299.80,290.00,294.00,281600,0
HL.L,20100202,297.80,299.00,292.90,298.50,113800,0
HL.L,20100201,290.20,295.80,290.20,295.80,172800,0
HL.L,20100129,296.10,297.70,290.10,292.00,262300,0
HL.L,20100128,290.80,295.70,290.80,292.00,43300,0
HL.L,20100127,291.00,292.70,290.50,292.00,147400,0
HL.L,20100126,290.10,292.00,288.00,292.00,173100,0
HL.L,20100125,292.00,294.90,290.00,291.50,82700,0
HL.L,20100122,294.90,294.90,291.00,292.00,82900,0
HL.L,20100121,289.00,296.10,288.30,296.10,141100,0
HL.L,20100120,290.50,292.90,288.60,290.00,60400,0
HL.L,20100119,283.00,290.00,282.10,290.00,264800,0
HL.L,20100118,285.50,289.30,284.50,284.50,119400,0
HL.L,20100115,286.70,290.30,283.10,287.70,184200,0
HL.L,20100114,298.60,298.60,284.10,284.10,151800,0
HL.L,20100113,310.00,310.00,295.00,295.00,96300,0
HL.L,20100112,315.00,315.00,305.00,306.00,180500,0
HL.L,20100111,313.10,314.90,308.00,311.80,139800,0
HL.L,20100108,313.90,313.90,307.90,308.00,154400,0
HL.L,20100107,312.40,314.30,307.20,308.00,173000,0
HL.L,20100106,313.00,313.00,306.10,312.00,109600,0
HL.L,20100105,296.00,312.40,296.00,312.40,397800,0
HL.L,20100104,294.30,300.60,290.30,300.60,98700,0
HL.L,20091231,290.00,298.00,290.00,294.90,46700,0
HL.L,20091230,293.30,294.00,290.90,294.00,46400,0
HL.L,20091229,290.00,293.60,288.50,290.10,47900,0
HL.L,20091224,295.00,295.10,285.00,285.00,53200,0
HL.L,20091223,298.00,298.50,295.00,295.00,72800,0
HL.L,20091222,290.00,298.20,290.00,298.20,154100,0
HL.L,20091221,290.00,293.00,283.00,292.50,37300,0
HL.L,20091218,280.00,290.00,280.00,288.50,342500,0
HL.L,20091217,275.00,288.40,275.00,280.00,120000,0
HL.L,20091216,272.90,281.60,272.90,280.80,177800,0
HL.L,20091215,277.90,277.90,273.60,273.60,91900,0
HL.L,20091214,273.90,280.80,270.90,277.90,81800,0
HL.L,20091211,274.00,274.30,270.10,271.30,180000,0
HL.L,20091210,265.00,273.00,265.00,273.00,179000,0
HL.L,20091209,269.90,269.90,265.30,265.30,92700,0
HL.L,20091208,262.60,270.10,262.60,266.00,150500,0
HL.L,20091207,274.00,276.00,260.00,265.30,209400,0
HL.L,20091204,265.00,275.70,265.00,272.00,73100,0
HL.L,20091203,266.90,274.00,264.00,271.70,281800,0
HL.L,20091202,274.60,274.60,266.00,266.00,115200,0
HL.L,20091201,275.00,280.00,270.20,272.00,105900,0
HL.L,20091130,270.00,276.90,269.00,269.00,210300,0
HL.L,20091127,265.00,273.50,261.50,268.50,205200,0
HL.L,20091126,276.70,276.70,261.80,264.30,241500,0
HL.L,20091125,279.90,279.90,268.00,272.50,201500,0
HL.L,20091124,273.10,278.80,273.10,278.30,426800,0
HL.L,20091123,272.00,277.70,272.00,277.00,147700,0
HL.L,20091120,275.20,275.20,259.40,268.80,176100,0
HL.L,20091119,282.20,282.90,273.40,274.00,48400,0
HL.L,20091118,285.70,285.70,281.80,285.00,47400,0
HL.L,20091117,287.50,287.50,280.30,282.80,72600,0
HL.L,20091116,290.00,292.00,280.70,288.10,107600,0
HL.L,20091113,285.00,289.00,284.20,288.00,124600,0
HL.L,20091112,277.20,284.70,277.20,284.50,196700,0
HL.L,20091111,278.40,285.00,273.70,276.40,152400,0
HL.L,20091110,280.90,283.60,277.50,279.00,152500,0
HL.L,20091109,278.00,285.00,274.50,280.50,892200,0
HL.L,20091106,280.00,280.00,274.00,276.00,371200,0
HL.L,20091105,265.40,279.30,265.00,277.00,373800,0
HL.L,20091104,267.40,273.00,267.00,271.20,222500,0
HL.L,20091103,270.00,272.00,262.20,268.60,88300,0
HL.L,20091102,273.00,280.70,272.80,273.60,149000,0
HL.L,20091030,278.10,279.30,273.00,273.00,203200,0
HL.L,20091029,284.00,284.00,275.20,275.20,106600,0
HL.L,20091028,289.00,289.00,283.00,286.30,142700,0
HL.L,20091027,290.00,292.70,286.40,292.70,75300,0
HL.L,20091026,292.00,295.60,290.10,292.50,107600,0
HL.L,20091023,295.50,296.10,293.10,295.00,689000,0
HL.L,20091022,297.50,297.50,290.60,293.20,152300,0
HL.L,20091021,290.00,296.00,290.00,296.00,90700,0
HL.L,20091020,292.40,296.90,288.80,293.00,113800,0
HL.L,20091019,293.20,297.00,286.40,297.00,69800,0
HL.L,20091016,290.40,297.00,290.00,290.00,107900,0
HL.L,20091015,292.50,295.10,284.90,294.90,163300,0
HL.L,20091014,293.80,297.00,290.00,292.20,115300,0
HL.L,20091013,294.30,296.60,287.20,291.10,201600,0
HL.L,20091012,290.70,299.90,288.70,297.00,611800,0
HL.L,20091009,288.10,292.90,284.50,292.20,86300,0
HL.L,20091008,288.00,290.00,282.00,285.40,153700,0
HL.L,20091007,288.50,288.80,282.20,283.60,163700,0
HL.L,20091006,290.00,290.00,284.50,285.10,163900,0
HL.L,20091005,276.30,288.00,275.30,288.00,128000,0
HL.L,20091002,277.00,285.00,272.10,277.10,153400,0
HL.L,20091001,282.00,285.00,278.00,280.60,212400,0
HL.L,20090930,281.00,287.80,280.60,285.40,251800,0
HL.L,20090929,277.60,280.90,277.00,279.00,145700,0
HL.L,20090928,277.00,280.00,272.50,275.10,244600,0
HL.L,20090925,275.00,280.00,275.00,280.00,148200,0
HL.L,20090924,275.00,278.00,273.10,275.00,202500,0
HL.L,20090923,284.00,284.00,275.30,276.20,176400,0
HL.L,20090922,284.00,284.00,278.40,282.20,99400,0
HL.L,20090921,286.00,286.10,280.00,282.50,310200,0
HL.L,20090918,282.00,287.80,279.00,282.20,359500,0
HL.L,20090917,285.00,287.90,282.10,285.40,147600,0
HL.L,20090916,281.00,285.00,276.00,285.00,407900,0
HL.L,20090915,280.00,280.00,276.00,279.60,345700,0
HL.L,20090914,289.20,289.20,279.40,282.30,704400,0
HL.L,20090911,290.00,293.00,287.10,291.50,453500,0
HL.L,20090910,288.00,295.60,284.00,285.40,1511400,0
HL.L,20090909,277.00,286.20,275.20,285.00,482800,0
HL.L,20090908,273.00,279.50,267.00,277.00,567800,0
HL.L,20090907,266.00,292.30,264.40,270.00,586800,0
HL.L,20090904,250.00,263.60,248.00,263.60,286800,0
HL.L,20090903,246.30,249.00,245.00,248.70,449900,0
HL.L,20090902,251.90,262.00,241.00,245.70,1022500,0
HL.L,20090901,242.90,248.10,239.90,248.00,376300,0
HL.L,20090828,238.30,243.00,238.30,243.00,88400,0
HL.L,20090827,235.60,240.00,235.60,239.00,135900,0
HL.L,20090826,235.90,243.00,235.90,238.50,163300,0
HL.L,20090825,229.00,242.80,229.00,242.80,116700,0
HL.L,20090824,227.10,229.30,224.90,228.10,320600,0
HL.L,20090821,229.90,234.20,227.80,230.90,34500,0
HL.L,20090820,224.90,234.40,224.90,233.50,982200,0
HL.L,20090819,222.00,230.00,220.00,227.00,148900,0
HL.L,20090818,220.90,222.30,216.10,222.30,30000,0
HL.L,20090817,223.90,223.90,214.00,219.50,44700,0
HL.L,20090814,218.30,223.50,218.30,220.90,32100,0
HL.L,20090813,221.90,224.00,219.30,220.40,296400,0
HL.L,20090812,219.90,221.90,218.00,221.60,4400,0
HL.L,20090811,227.80,228.00,218.20,220.40,18400,0
HL.L,20090810,224.10,226.00,222.80,225.80,9000,0
HL.L,20090807,224.00,227.00,220.40,226.30,116200,0
HL.L,20090806,220.80,227.00,220.80,225.20,55600,0
HL.L,20090805,223.60,223.60,219.10,221.50,58500,0
HL.L,20090804,218.00,223.60,218.00,223.60,165100,0
HL.L,20090803,218.00,224.40,218.00,220.00,40300,0
HL.L,20090731,219.00,222.00,213.00,216.25,64300,0
HL.L,20090730,220.75,222.00,216.25,221.00,99700,0
HL.L,20090729,211.00,220.25,211.00,218.50,5700,0
HL.L,20090728,210.75,214.50,210.75,214.50,25400,0
HL.L,20090727,213.00,213.00,209.25,210.00,2800,0
HL.L,20090724,213.00,215.00,210.50,213.00,1700,0
HL.L,20090723,212.00,215.00,211.75,212.75,6500,0
HL.L,20090722,208.00,213.50,206.25,213.50,57300,0
HL.L,20090721,208.00,213.00,204.50,205.00,1627700,0
HL.L,20090720,214.00,214.00,208.25,209.75,15400,0
HL.L,20090717,213.00,213.00,210.50,212.00,11700,0
HL.L,20090716,213.00,213.75,209.00,209.00,18900,0
HL.L,20090715,206.00,215.00,206.00,214.50,913400,0
HL.L,20090714,205.00,206.00,202.00,204.50,8200,0
HL.L,20090713,202.50,205.00,197.25,205.00,5800,0
HL.L,20090710,201.00,205.50,201.00,201.50,11000,0
HL.L,20090709,204.00,206.50,201.50,201.50,58300,0
HL.L,20090708,204.50,209.25,204.25,205.00,224200,0
HL.L,20090707,208.00,212.00,204.00,204.00,40800,0
HL.L,20090706,208.00,209.75,205.00,207.25,9300,0
HL.L,20090703,206.75,213.75,206.25,210.75,13000,0
HL.L,20090702,209.50,211.50,204.00,208.50,397500,0
HL.L,20090701,204.00,213.00,203.00,213.00,41200,0
HL.L,20090630,206.00,209.75,202.50,204.75,2271100,0
HL.L,20090629,210.00,217.00,207.75,210.00,97800,0
HL.L,20090626,205.00,209.75,201.00,201.00,142500,0
HL.L,20090625,205.00,205.00,201.00,202.50,618300,0
HL.L,20090624,205.00,205.50,201.50,201.50,425200,0
HL.L,20090623,204.75,208.75,204.00,205.50,2228400,0
HL.L,20090622,212.50,212.50,202.50,207.25,10000,0
HL.L,20090619,213.75,222.75,207.50,210.00,973300,0
HL.L,20090618,218.25,218.25,213.50,214.85,200200,0
HL.L,20090617,217.50,221.75,215.00,217.71,114700,0
HL.L,20090616,220.00,220.00,215.00,215.25,17400,0
HL.L,20090615,222.00,222.00,216.25,219.00,574600,0
HL.L,20090612,220.00,222.00,218.00,218.00,14100,0
HL.L,20090611,222.00,222.75,217.00,218.25,16700,0
HL.L,20090610,217.00,221.75,214.25,220.00,37300,0
HL.L,20090609,217.25,221.75,215.00,216.00,31300,0
HL.L,20090608,222.50,222.50,218.00,218.25,172100,0
HL.L,20090605,220.00,222.75,215.25,222.00,49900,0
HL.L,20090604,218.00,223.00,212.75,218.50,123500,0
HL.L,20090603,216.00,217.75,214.00,217.75,50200,0
HL.L,20090602,217.00,217.00,210.75,213.75,91200,0
HL.L,20090601,215.00,217.25,211.75,215.25,117200,0
HL.L,20090529,210.00,215.00,209.75,211.75,14200,0
HL.L,20090528,210.25,215.00,210.00,214.50,41900,0
HL.L,20090527,212.00,214.75,210.00,214.75,31200,0
HL.L,20090526,205.25,211.75,205.25,207.50,166000,0
HL.L,20090522,207.25,213.00,202.00,204.00,56500,0
HL.L,20090521,204.75,208.00,198.00,207.00,21700,0
HL.L,20090520,200.00,205.75,200.00,205.75,61500,0
HL.L,20090519,210.00,214.75,201.25,203.75,14100,0
HL.L,20090518,210.00,210.00,201.00,209.75,63000,0
HL.L,20090515,200.00,208.00,200.00,206.75,30200,0
HL.L,20090514,205.00,207.75,200.00,202.50,87200,0
HL.L,20090513,216.00,216.00,206.00,209.25,40100,0
HL.L,20090512,212.00,216.50,212.00,215.00,81600,0
HL.L,20090511,213.00,215.50,208.75,210.75,43100,0
HL.L,20090508,210.00,221.25,210.00,215.50,1585100,0
HL.L,20090507,218.00,219.50,210.00,213.50,22900,0
HL.L,20090506,220.00,221.75,215.00,217.00,80600,0
HL.L,20090505,223.00,225.00,216.00,218.00,217300,0
HL.L,20090501,221.00,221.00,211.50,220.00,5700,0
HL.L,20090430,215.50,225.00,215.50,220.25,34600,0
HL.L,20090429,209.00,217.00,207.75,215.25,24000,0
HL.L,20090428,209.00,213.50,204.75,208.25,144300,0
HL.L,20090427,206.25,214.50,204.00,214.25,115900,0
HL.L,20090424,206.00,209.75,202.00,206.75,116200,0
HL.L,20090423,210.25,215.00,202.50,203.00,98400,0
HL.L,20090422,199.00,210.50,199.00,210.25,164100,0
HL.L,20090421,203.00,210.00,193.00,199.00,670900,0
HL.L,20090420,215.50,217.00,203.25,205.00,34000,0
HL.L,20090417,224.50,226.75,204.50,212.50,45713600,0
HL.L,20090416,225.00,227.75,218.00,227.00,468300,0
HL.L,20090415,214.75,224.00,214.75,223.25,325100,0
HL.L,20090414,213.25,217.75,213.25,215.00,174400,0
HL.L,20090409,208.00,216.50,208.00,208.75,135600,0
HL.L,20090408,209.75,214.25,205.00,205.00,73500,0
HL.L,20090407,214.75,215.00,210.00,211.25,271000,0
HL.L,20090406,210.00,214.00,208.75,212.50,202800,0
HL.L,20090403,210.00,214.00,208.00,209.75,357300,0
HL.L,20090402,209.00,211.00,203.00,209.75,197800,0
HL.L,20090401,204.00,210.00,201.00,210.00,233900,0
HL.L,20090331,201.75,209.00,199.25,205.75,1559900,0
HL.L,20090330,196.00,200.75,196.00,200.00,125400,0
HL.L,20090327,202.00,204.75,200.00,202.50,114600,0
HL.L,20090326,201.00,207.75,197.00,206.25,230200,0
HL.L,20090325,199.50,201.75,198.00,200.00,246000,0
HL.L,20090324,199.25,200.00,198.25,198.25,172500,0
HL.L,20090323,193.75,199.50,193.25,199.00,225800,0
HL.L,20090320,194.00,194.00,186.75,192.25,446700,0
HL.L,20090319,197.00,197.00,191.00,191.00,226700,0
HL.L,20090318,197.25,199.00,196.00,196.50,665500,0
HL.L,20090317,196.00,200.00,196.00,199.25,273400,0
HL.L,20090316,197.75,200.00,197.75,200.00,138600,0
HL.L,20090313,196.00,202.50,196.00,199.00,292600,0
HL.L,20090312,198.25,200.00,196.25,199.00,268500,0
HL.L,20090311,200.00,201.00,194.50,199.50,1279200,0
HL.L,20090310,200.75,207.00,199.25,201.50,399100,0
HL.L,20090309,196.00,202.00,196.00,200.25,154200,0
HL.L,20090306,196.00,202.00,196.00,202.00,492400,0
HL.L,20090305,196.00,197.75,189.25,196.00,529000,0
HL.L,20090304,197.00,204.00,194.00,200.50,456500,0
HL.L,20090303,199.00,199.00,191.00,194.25,208000,0
HL.L,20090302,197.00,199.00,194.25,196.75,231500,0
HL.L,20090227,194.00,200.00,194.00,200.00,208800,0
HL.L,20090226,197.50,200.00,192.50,197.00,227100,0
HL.L,20090225,195.00,203.00,194.75,198.75,380500,0
HL.L,20090224,182.00,194.00,182.00,194.00,431000,0
HL.L,20090223,190.00,193.25,182.00,187.50,249900,0
HL.L,20090220,190.00,195.50,190.00,195.00,566900,0
HL.L,20090219,192.25,194.25,190.00,190.25,81200,0
HL.L,20090218,190.00,193.00,189.00,190.00,1007200,0
HL.L,20090217,180.00,194.75,180.00,189.25,888000,0
HL.L,20090216,175.00,183.00,175.00,183.00,104800,0
HL.L,20090213,174.00,175.50,171.50,175.50,903700,0
HL.L,20090212,170.25,179.75,170.00,174.00,561700,0
HL.L,20090211,170.00,175.25,170.00,172.75,113900,0
HL.L,20090210,167.75,178.00,167.25,176.00,118000,0
HL.L,20090209,170.00,172.00,168.00,168.00,64300,0
HL.L,20090206,163.50,170.00,163.50,168.50,79000,0
HL.L,20090205,163.50,168.75,163.50,166.75,116600,0
HL.L,20090204,170.00,173.00,166.50,167.00,351000,0
HL.L,20090203,165.00,170.00,164.75,170.00,158300,0
HL.L,20090202,173.00,173.00,163.50,163.50,93100,0
HL.L,20090130,168.50,173.00,167.00,167.00,123100,0
HL.L,20090129,172.00,172.00,159.50,169.00,132300,0
HL.L,20090128,169.50,173.75,166.00,170.00,165200,0
HL.L,20090127,167.00,172.75,164.00,172.00,74100,0
HL.L,20090126,165.75,168.00,164.00,167.00,124200,0
HL.L,20090123,168.00,168.00,164.00,165.00,73000,0
HL.L,20090122,167.00,169.00,165.75,167.00,75100,0
HL.L,20090121,169.00,172.00,165.75,167.50,140500,0
HL.L,20090120,166.25,170.00,166.00,166.00,82200,0
HL.L,20090119,162.00,168.00,158.50,166.00,91200,0
HL.L,20090116,170.00,170.00,164.25,165.00,71400,0
HL.L,20090115,174.00,174.00,164.00,170.00,101800,0
HL.L,20090114,168.50,173.75,168.50,171.25,73800,0
HL.L,20090113,172.00,172.00,168.00,170.00,195700,0
HL.L,20090112,168.00,172.75,166.25,172.75,234700,0
HL.L,20090109,170.00,173.50,165.00,167.00,248400,0
HL.L,20090108,165.25,170.00,162.50,169.50,275000,0
HL.L,20090107,174.25,174.75,163.75,169.00,241100,0
HL.L,20090106,173.00,176.00,167.00,174.00,219200,0
HL.L,20090105,168.75,181.00,168.75,173.00,121300,0
HL.L,20090102,166.00,176.75,160.25,173.00,112900,0
HL.L,20081231,166.75,168.00,161.75,161.75,47500,0
HL.L,20081230,164.00,168.00,164.00,168.00,46800,0
HL.L,20081229,170.00,170.00,164.00,164.00,15600,0
HL.L,20081224,169.75,170.00,168.75,170.00,8300,0
HL.L,20081223,164.75,168.00,164.00,168.00,47700,0
HL.L,20081222,162.25,164.75,157.00,164.75,639500,0
HL.L,20081219,164.00,165.75,161.75,161.75,1883100,0
HL.L,20081218,165.50,166.50,165.25,166.00,366200,0
HL.L,20081217,165.25,168.75,157.50,166.00,471300,0
HL.L,20081216,167.00,171.00,164.75,169.00,100800,0
HL.L,20081215,173.50,175.00,167.50,170.75,76700,0
HL.L,20081212,174.50,178.00,172.00,172.50,100100,0
HL.L,20081211,179.00,179.75,174.25,176.75,264900,0
HL.L,20081210,179.00,185.00,176.00,179.00,404900,0
HL.L,20081209,163.00,180.75,163.00,178.00,1186900,0
HL.L,20081208,162.00,166.00,162.00,163.00,252200,0
HL.L,20081205,160.00,160.25,156.00,159.00,530100,0
HL.L,20081204,150.00,160.00,148.50,158.00,880100,0
HL.L,20081203,150.00,152.25,145.25,151.75,1125600,0
HL.L,20081202,152.50,154.75,149.00,154.00,613100,0
HL.L,20081201,157.50,157.75,151.25,153.00,99900,0
HL.L,20081128,151.50,161.00,151.50,156.50,257800,0
HL.L,20081127,157.00,157.00,152.25,153.75,228700,0
HL.L,20081126,156.00,157.75,153.00,153.00,308800,0
HL.L,20081125,157.50,164.00,153.50,157.75,91300,0
HL.L,20081124,148.00,159.75,144.00,157.50,171300,0
HL.L,20081121,155.00,156.75,143.00,143.00,181800,0
HL.L,20081120,153.00,161.50,150.00,155.00,209700,0
HL.L,20081119,155.25,158.00,155.00,156.00,20200,0
HL.L,20081118,154.25,160.00,152.00,157.50,171200,0
HL.L,20081117,158.25,161.00,150.00,154.75,183400,0
HL.L,20081114,163.75,165.25,157.50,157.50,104800,0
HL.L,20081113,156.75,158.25,154.50,157.00,321200,0
HL.L,20081112,158.75,160.00,155.75,157.25,145100,0
HL.L,20081111,162.00,166.50,156.00,156.00,139000,0
HL.L,20081110,174.50,175.75,162.25,163.75,242600,0
HL.L,20081107,172.00,175.75,168.00,168.00,38700,0
HL.L,20081106,178.00,178.00,169.50,171.75,134800,0
HL.L,20081105,179.25,183.50,174.25,180.75,141800,0
HL.L,20081104,174.50,183.50,172.75,179.25,228800,0
HL.L,20081103,170.00,179.00,170.00,172.75,240400,0
HL.L,20081031,171.25,172.00,167.00,170.00,132900,0
HL.L,20081030,163.50,176.25,160.75,170.50,320400,0
HL.L,20081029,156.00,167.00,155.75,165.50,328500,0
HL.L,20081028,155.00,155.00,150.00,152.00,180400,0
HL.L,20081027,144.00,151.50,141.75,150.00,343000,0
HL.L,20081024,159.00,159.00,149.50,150.00,614000,0
HL.L,20081023,164.00,164.00,157.00,162.50,153100,0
HL.L,20081022,170.00,170.00,157.50,163.00,619900,0
HL.L,20081021,176.75,179.50,172.00,174.00,268000,0
HL.L,20081020,168.00,174.00,167.00,174.00,98000,0
HL.L,20081017,168.00,172.00,159.00,169.00,266000,0
HL.L,20081016,168.00,171.75,162.00,167.00,506500,0
HL.L,20081015,180.00,180.00,167.00,168.25,138700,0
HL.L,20081014,177.25,189.25,175.50,181.75,235500,0
HL.L,20081013,172.50,182.75,168.25,177.25,373800,0
HL.L,20081010,162.00,176.00,159.00,172.00,512000,0
HL.L,20081009,172.00,178.75,166.00,178.25,369900,0
HL.L,20081008,182.00,182.25,164.25,172.25,833400,0
HL.L,20081007,178.00,184.50,168.25,180.00,358200,0
HL.L,20081006,186.00,188.25,175.75,178.50,276800,0
HL.L,20081003,182.00,193.50,182.00,190.00,482200,0
HL.L,20081002,187.00,195.00,183.75,184.75,400100,0
HL.L,20081001,182.00,188.50,182.00,188.50,106600,0
HL.L,20080930,178.00,184.50,172.50,179.75,270600,0
HL.L,20080929,190.00,191.00,183.50,183.50,285700,0
HL.L,20080926,200.25,200.25,190.00,192.00,610500,0
HL.L,20080925,195.00,198.00,191.75,194.25,590000,0
HL.L,20080924,190.00,200.00,188.00,194.50,579400,0
HL.L,20080923,195.00,197.00,180.50,189.00,661000,0
HL.L,20080922,200.50,205.00,195.75,199.50,657300,0
HL.L,20080919,190.25,211.75,190.25,204.25,2171200,0
HL.L,20080918,176.50,185.00,173.50,178.75,731300,0
HL.L,20080917,181.00,188.00,164.75,175.50,1149800,0
HL.L,20080916,180.00,189.00,175.25,177.00,1307700,0
HL.L,20080915,186.50,186.50,179.25,185.00,360200,0
HL.L,20080912,192.25,192.50,188.50,191.25,555600,0
HL.L,20080911,201.00,202.75,187.75,190.00,3601600,0
HL.L,20080910,194.00,213.00,192.50,204.00,876500,0
HL.L,20080909,194.25,198.50,192.00,197.00,776300,0
HL.L,20080908,191.00,201.00,190.50,197.00,62600,0
HL.L,20080905,182.25,189.50,179.75,185.50,438200,0
HL.L,20080904,185.00,191.25,178.50,186.75,1208900,0
HL.L,20080903,188.00,190.75,183.50,186.25,846100,0
HL.L,20080902,184.00,193.50,183.25,191.75,842900,0
HL.L,20080901,174.25,188.75,170.25,184.00,366100,0
HL.L,20080829,165.00,183.50,164.50,174.25,872700,0
HL.L,20080828,164.00,165.50,158.50,165.00,430700,0
HL.L,20080827,159.50,168.50,159.50,167.50,405300,0
HL.L,20080826,158.00,164.25,155.00,160.75,210100,0
HL.L,20080822,152.00,164.50,152.00,164.50,149000,0
HL.L,20080821,152.00,156.00,150.00,153.50,320200,0
HL.L,20080820,154.00,157.00,152.00,155.75,260300,0
HL.L,20080819,154.00,158.00,154.00,154.00,115900,0
HL.L,20080818,158.25,158.25,156.00,157.50,58300,0
HL.L,20080815,158.25,160.50,155.75,157.75,255200,0
HL.L,20080814,154.00,159.75,154.00,159.75,230900,0
HL.L,20080813,160.50,160.50,149.00,154.25,723400,0
HL.L,20080812,168.75,169.25,160.50,162.00,546200,0
HL.L,20080811,167.75,171.75,160.50,167.75,263000,0
HL.L,20080808,170.75,172.00,168.00,169.25,145800,0
HL.L,20080807,174.50,175.00,171.50,171.50,106200,0
HL.L,20080806,170.00,175.00,170.00,174.50,219900,0
HL.L,20080805,163.00,172.00,163.00,172.00,485300,0
HL.L,20080804,162.00,169.25,159.25,163.50,202700,0
HL.L,20080801,157.00,163.00,155.25,163.00,200000,0
HL.L,20080731,154.50,159.25,151.25,159.00,333300,0
HL.L,20080730,153.25,156.25,152.00,154.50,130200,0
HL.L,20080729,148.00,153.50,148.00,151.00,137000,0
HL.L,20080728,147.50,152.75,147.00,150.25,198600,0
HL.L,20080725,145.25,149.25,144.25,147.00,195500,0
HL.L,20080724,152.75,160.00,147.25,150.00,506700,0
HL.L,20080723,136.75,154.00,136.75,152.75,356500,0
HL.L,20080722,138.00,139.75,132.25,137.00,1066800,0
HL.L,20080721,134.75,141.25,131.00,139.25,935000,0
HL.L,20080718,133.25,134.75,130.00,133.00,1012700,0
HL.L,20080717,135.00,140.50,134.00,134.25,1077700,0
HL.L,20080716,136.75,139.00,123.50,132.00,2335800,0
HL.L,20080715,138.00,139.25,135.00,138.00,476300,0
HL.L,20080714,138.25,142.25,138.25,142.25,178300,0
HL.L,20080711,141.50,142.00,138.25,139.00,1532600,0
HL.L,20080710,134.50,140.00,134.50,139.00,263900,0
HL.L,20080709,134.25,138.00,134.00,137.75,142500,0
HL.L,20080708,140.25,140.25,130.75,132.25,603000,0
HL.L,20080707,143.00,144.00,142.00,143.50,456900,0
HL.L,20080704,142.75,145.00,141.75,143.00,368600,0
HL.L,20080703,138.25,145.00,138.00,145.00,705300,0
HL.L,20080702,144.25,146.00,140.25,140.25,743400,0
HL.L,20080701,145.50,147.50,142.75,147.50,345900,0
HL.L,20080630,146.00,148.50,146.00,148.00,77500,0
HL.L,20080627,146.75,148.00,146.00,146.00,193500,0
HL.L,20080626,150.75,150.75,146.25,146.25,55000,0
HL.L,20080625,144.00,151.75,144.00,149.50,294900,0
HL.L,20080624,144.00,144.75,139.75,144.00,456800,0
HL.L,20080623,150.00,150.00,142.25,146.00,370500,0
HL.L,20080620,155.00,157.00,149.75,150.50,805600,0
HL.L,20080619,154.25,155.75,152.25,155.00,246000,0
HL.L,20080618,157.25,158.75,153.50,158.00,318000,0
HL.L,20080617,158.75,160.00,157.50,158.50,96500,0
HL.L,20080616,158.75,161.00,158.00,158.00,106300,0
HL.L,20080613,160.50,161.25,155.50,158.50,194500,0
HL.L,20080612,154.25,163.00,154.25,162.75,220900,0
HL.L,20080611,166.00,166.75,154.00,157.25,508600,0
HL.L,20080610,168.25,168.25,162.75,162.75,274700,0
HL.L,20080606,173.75,176.00,169.75,169.75,548500,0
HL.L,20080605,173.25,176.00,173.25,175.00,1122500,0
HL.L,20080604,173.50,175.00,173.50,175.00,96000,0
HL.L,20080603,175.00,175.00,173.50,173.50,299500,0
HL.L,20080602,174.25,174.75,173.50,173.50,136800,0
HL.L,20080530,174.00,175.00,173.50,173.50,173200,0
HL.L,20080529,175.00,175.75,174.50,175.00,187100,0
HL.L,20080528,175.00,176.00,173.50,175.00,246000,0
HL.L,20080527,175.00,175.00,173.25,174.50,171000,0
HL.L,20080523,174.00,175.50,173.25,174.50,94100,0
HL.L,20080522,173.00,176.50,173.00,176.00,92700,0
HL.L,20080521,174.00,175.75,173.75,173.75,879300,0
HL.L,20080520,173.25,175.25,173.25,174.25,509400,0
HL.L,20080519,175.00,175.00,173.50,175.00,147100,0
HL.L,20080516,174.75,175.00,172.25,173.50,111900,0
HL.L,20080515,172.50,174.00,170.25,172.25,2705400,0
HL.L,20080514,171.75,173.75,170.00,171.75,291000,0
HL.L,20080513,174.00,174.00,170.75,171.75,615800,0
HL.L,20080512,174.75,177.00,172.00,174.00,111400,0
HL.L,20080509,176.50,176.50,172.00,172.00,79800,0
HL.L,20080508,175.00,176.50,174.25,176.50,62800,0
HL.L,20080507,172.00,182.00,170.50,176.25,266600,0
HL.L,20080506,172.00,172.25,168.00,172.00,72600,0
HL.L,20080502,170.00,172.50,168.50,172.00,144700,0
HL.L,20080501,166.00,169.75,166.00,166.50,250700,0
HL.L,20080430,170.00,170.00,166.25,167.00,358700,0
HL.L,20080429,165.00,169.75,165.00,166.50,1982900,0
HL.L,20080428,165.50,169.75,165.25,167.00,165800,0
HL.L,20080425,170.00,170.00,164.75,164.75,158400,0
HL.L,20080424,170.00,170.00,166.00,167.00,135700,0
HL.L,20080423,170.00,170.00,166.25,167.75,120500,0
HL.L,20080422,170.00,170.00,166.25,168.75,119300,0
HL.L,20080421,174.00,174.00,169.00,169.00,214900,0
HL.L,20080418,172.75,174.00,167.00,174.00,242500,0
HL.L,20080417,171.25,175.00,167.50,169.00,504800,0
HL.L,20080416,165.00,171.00,164.00,169.25,693300,0
HL.L,20080415,164.00,164.50,159.25,164.00,143700,0
HL.L,20080414,168.00,168.00,160.50,162.75,248000,0
HL.L,20080411,170.50,170.75,165.00,169.50,121800,0
HL.L,20080410,171.00,171.00,162.50,169.00,1854700,0
HL.L,20080409,178.00,178.00,171.00,171.00,609000,0
HL.L,20080408,181.25,181.25,176.00,179.00,237100,0
HL.L,20080407,180.00,181.00,179.50,180.00,111600,0
HL.L,20080404,178.00,180.00,173.25,180.00,500500,0
HL.L,20080403,183.00,185.00,175.00,178.00,582200,0
HL.L,20080402,182.00,185.00,178.00,185.00,233500,0
HL.L,20080401,176.00,182.00,176.00,180.00,1527300,0
HL.L,20080331,183.00,183.00,175.75,178.75,592100,0
HL.L,20080328,185.25,186.75,183.25,184.00,270000,0
HL.L,20080327,180.00,189.00,180.00,188.25,343100,0
HL.L,20080326,173.00,184.00,173.00,182.00,326500,0
HL.L,20080325,170.00,178.50,160.25,173.25,588400,0
HL.L,20080320,174.00,174.00,166.00,166.25,1174500,0
HL.L,20080319,183.00,183.00,171.50,175.50,490400,0
HL.L,20080318,185.00,185.00,178.00,178.00,228000,0
HL.L,20080314,184.00,190.00,180.50,181.25,754200,0
HL.L,20080313,182.00,184.75,179.00,181.50,85600,0
HL.L,20080312,185.00,186.00,183.50,186.00,312400,0
HL.L,20080311,178.50,182.00,175.25,180.25,497500,0
HL.L,20080310,188.00,188.00,177.50,179.00,293600,0
HL.L,20080307,182.00,189.25,180.00,188.00,357400,0
HL.L,20080306,186.00,187.25,182.75,183.50,121200,0
HL.L,20080305,192.00,192.00,180.25,188.75,619100,0
HL.L,20080304,190.00,190.00,187.75,189.00,405400,0
HL.L,20080303,193.00,195.00,189.00,192.50,634700,0
HL.L,20080229,197.00,199.00,193.00,198.75,1036000,0
HL.L,20080228,199.00,202.00,195.50,196.00,506700,0
HL.L,20080227,197.00,207.00,194.00,200.00,1086100,0
HL.L,20080226,196.50,201.00,192.00,200.00,276100,0
HL.L,20080225,186.50,197.00,184.00,195.00,928100,0
HL.L,20080222,181.00,185.25,181.00,182.00,247100,0
HL.L,20080221,183.75,185.00,181.00,182.25,260400,0
HL.L,20080220,180.00,183.00,179.00,181.75,705200,0
HL.L,20080219,177.00,183.75,177.00,182.00,390500,0
HL.L,20080218,179.50,181.75,176.00,178.25,589100,0
HL.L,20080215,180.50,181.75,175.00,181.00,278500,0
HL.L,20080214,172.75,184.00,172.75,180.75,775900,0
HL.L,20080213,163.50,172.00,160.00,172.00,3240700,0
HL.L,20080212,163.00,165.25,155.75,164.75,1902700,0
HL.L,20080211,165.00,167.00,157.50,158.00,2323200,0
HL.L,20080208,168.00,169.00,165.00,167.75,243600,0
HL.L,20080207,165.00,167.75,165.00,166.50,763700,0
HL.L,20080206,163.50,168.00,162.00,165.00,318700,0
HL.L,20080205,164.00,166.25,160.50,166.00,596200,0
HL.L,20080204,164.75,168.00,164.25,164.75,326400,0
HL.L,20080201,161.25,170.00,161.25,166.00,1029700,0
HL.L,20080131,158.00,162.00,156.00,160.00,4350200,0
HL.L,20080130,155.00,160.00,154.00,159.00,828000,0
HL.L,20080129,149.50,154.00,148.75,154.00,407800,0
HL.L,20080128,151.25,153.00,147.00,147.00,385200,0
HL.L,20080125,150.75,160.50,148.00,153.00,840100,0
HL.L,20080124,141.75,158.00,141.75,149.00,1089100,0
HL.L,20080123,139.25,139.25,133.00,136.50,469100,0
HL.L,20080122,132.00,141.00,124.25,140.50,985900,0
HL.L,20080121,140.00,140.00,130.00,134.50,700900,0
HL.L,20080118,147.00,147.00,141.00,143.25,374700,0
HL.L,20080117,156.50,156.50,147.50,148.75,1183300,0
HL.L,20080116,156.00,156.00,153.00,155.50,1355500,0
HL.L,20080115,158.25,164.00,156.00,157.50,552300,0
HL.L,20080114,157.00,164.00,156.00,164.00,164300,0
HL.L,20080111,160.00,164.00,156.75,157.00,214900,0
HL.L,20080110,165.25,165.25,160.00,160.00,354600,0
HL.L,20080109,163.00,165.00,154.00,163.00,556100,0
HL.L,20080108,176.00,176.00,163.25,167.75,633500,0
HL.L,20080107,177.00,178.25,173.00,174.25,1029600,0
HL.L,20080104,176.00,176.75,174.00,176.00,475400,0
HL.L,20080103,179.25,184.00,173.00,176.75,283300,0
HL.L,20080102,180.75,183.75,179.25,179.25,193800,0
HL.L,20071231,181.00,182.75,179.00,180.75,62600,0
HL.L,20071228,181.00,183.00,181.00,181.25,96200,0
HL.L,20071227,187.00,187.00,180.25,180.75,120600,0
HL.L,20071224,188.00,188.00,184.00,184.25,12400,0
HL.L,20071221,183.00,188.00,182.50,185.00,787600,0
HL.L,20071220,180.00,182.00,178.00,182.00,146600,0
HL.L,20071219,179.75,179.75,175.00,178.25,1178000,0
HL.L,20071218,177.25,178.75,175.00,177.25,591800,0
HL.L,20071217,180.00,180.75,177.75,178.00,555600,0
HL.L,20071214,186.00,186.00,179.00,180.75,365800,0
HL.L,20071213,183.00,185.00,170.25,184.50,1573700,0
HL.L,20071212,187.00,187.00,184.50,184.75,762800,0
HL.L,20071211,192.00,194.50,188.75,190.75,342000,0
HL.L,20071210,196.50,197.00,192.50,192.50,291600,0
HL.L,20071207,198.00,198.00,193.00,194.25,180500,0
HL.L,20071206,201.75,201.75,195.25,198.00,346000,0
HL.L,20071205,200.00,205.00,198.00,199.00,352400,0
HL.L,20071204,203.00,207.00,200.00,201.00,674700,0
HL.L,20071203,211.00,214.00,203.00,203.75,399100,0
HL.L,20071130,200.00,219.00,200.00,216.25,1469100,0
HL.L,20071129,212.00,212.00,199.75,202.75,238800,0
HL.L,20071128,203.00,215.00,203.00,210.00,684700,0
HL.L,20071127,200.00,202.50,198.00,202.50,608400,0
HL.L,20071126,207.00,207.00,200.25,201.00,700500,0
HL.L,20071123,198.00,206.00,193.00,204.00,854300,0
HL.L,20071122,204.00,204.00,197.50,197.50,2106800,0
HL.L,20071121,202.00,203.00,199.00,201.25,1080500,0
HL.L,20071120,215.00,216.00,201.50,203.75,3153100,0
HL.L,20071119,220.00,221.00,210.00,212.00,2578100,0
HL.L,20071116,218.00,222.00,215.00,218.00,4286100,0
HL.L,20071115,223.75,225.00,218.00,220.00,1189700,0
HL.L,20071114,220.00,225.00,218.00,220.25,966200,0
HL.L,20071113,218.00,219.00,215.00,218.00,986000,0
HL.L,20071112,224.00,224.00,215.00,217.00,1497200,0
HL.L,20071109,225.00,228.50,221.25,223.00,1312900,0
HL.L,20071108,224.00,225.00,219.00,224.00,398900,0
HL.L,20071107,240.00,240.00,223.00,225.25,2728400,0
HL.L,20071106,237.00,239.00,236.00,238.00,1520600,0
HL.L,20071105,233.00,237.00,233.00,236.25,289900,0
HL.L,20071102,233.00,237.00,231.00,237.00,1725400,0
HL.L,20071101,240.00,240.00,236.00,236.50,391800,0
HL.L,20071031,239.00,240.00,237.50,239.00,1421000,0
HL.L,20071030,236.50,239.25,236.00,238.50,1101100,0
HL.L,20071029,238.00,242.25,237.00,238.50,831300,0
HL.L,20071026,230.00,241.00,230.00,236.50,517100,0
HL.L,20071025,227.00,232.00,225.75,232.00,1278300,0
HL.L,20071024,227.00,227.00,223.50,224.75,359700,0
HL.L,20071023,222.50,227.00,222.50,225.50,453400,0
HL.L,20071022,220.00,226.00,219.00,226.00,407100,0
HL.L,20071019,225.00,227.00,225.00,225.50,445600,0
HL.L,20071018,226.50,227.00,225.00,225.50,387300,0
HL.L,20071017,225.00,226.50,225.00,225.50,766900,0
HL.L,20071016,223.25,225.75,223.25,225.75,1535500,0
HL.L,20071015,227.00,227.00,225.00,225.50,427400,0
HL.L,20071012,223.00,227.00,223.00,227.00,189700,0
HL.L,20071011,222.00,226.00,222.00,226.00,602300,0
HL.L,20071010,220.00,226.75,220.00,224.75,1580700,0
HL.L,20071009,213.00,222.00,213.00,222.00,435300,0
HL.L,20071008,222.00,222.00,215.00,216.00,509700,0
HL.L,20071005,215.00,222.00,215.00,222.00,138600,0
HL.L,20071004,215.00,220.00,215.00,218.00,337500,0
HL.L,20071003,217.00,218.25,215.50,218.25,331400,0
HL.L,20071002,216.50,216.75,214.00,216.75,952200,0
HL.L,20071001,213.00,215.00,212.00,213.50,2260900,0
HL.L,20070928,210.00,216.75,208.25,211.25,856600,0
HL.L,20070927,206.00,215.00,206.00,208.00,659300,0
HL.L,20070926,205.00,205.00,201.00,203.00,1161900,0
HL.L,20070925,207.50,209.00,202.00,203.00,1448000,0
HL.L,20070924,208.00,209.00,205.00,207.00,281000,0
HL.L,20070921,207.00,212.00,203.50,208.00,5450100,0
HL.L,20070920,218.00,218.00,205.00,207.00,1316600,0
HL.L,20070919,211.00,217.00,210.25,215.50,2377800,0
HL.L,20070918,207.00,208.00,206.50,208.00,1744600,0
HL.L,20070917,218.00,218.00,208.00,208.75,1973700,0
HL.L,20070914,225.00,225.00,216.50,219.00,1735100,0
HL.L,20070913,215.00,227.00,215.00,226.75,1440200,0
HL.L,20070912,213.00,217.00,212.00,216.21,1070300,0
HL.L,20070911,207.00,212.75,207.00,211.00,255500,0
HL.L,20070910,210.00,210.00,207.50,207.50,505900,0
HL.L,20070907,217.00,217.00,210.25,210.25,509500,0
HL.L,20070906,210.00,215.75,210.00,214.50,1509200,0
HL.L,20070905,210.00,214.00,210.00,213.00,1443600,0
HL.L,20070904,211.75,213.00,210.00,213.00,1099000,0
HL.L,20070903,210.00,213.75,210.00,212.50,2081100,0
HL.L,20070831,202.00,207.00,200.00,207.00,709300,0
HL.L,20070830,197.00,200.75,197.00,200.50,233600,0
HL.L,20070829,190.50,190.50,190.50,190.50,45800,0
HL.L,20070828,195.00,195.00,193.50,192.50,65600,0
HL.L,20070824,192.00,196.75,192.00,195.25,485200,0
HL.L,20070823,190.00,198.00,190.00,192.00,2832900,0
HL.L,20070822,187.00,190.00,187.00,189.00,1069600,0
HL.L,20070821,185.25,186.50,185.00,186.00,444800,0
HL.L,20070820,184.00,190.00,184.00,185.25,389400,0
HL.L,20070817,182.00,184.00,178.50,181.00,1148700,0
HL.L,20070816,183.00,183.00,177.00,177.00,979800,0
HL.L,20070815,190.00,190.00,184.00,184.50,744000,0
HL.L,20070813,190.00,200.75,190.00,194.75,544900,0
HL.L,20070810,195.00,197.00,184.00,187.00,1218500,0
HL.L,20070809,204.00,205.00,195.00,196.75,638400,0
HL.L,20070808,203.00,204.00,201.00,204.00,659500,0
HL.L,20070807,203.00,203.00,200.00,200.00,361900,0
HL.L,20070806,207.00,207.00,198.00,199.50,496100,0
HL.L,20070803,209.00,209.00,208.00,208.25,154500,0
HL.L,20070802,210.00,212.00,210.00,209.50,198500,0
HL.L,20070801,205.00,210.00,204.00,209.00,296300,0
HL.L,20070731,211.00,212.00,209.00,211.00,427600,0
HL.L,20070730,206.00,212.00,206.00,210.00,1483500,0
HL.L,20070727,204.00,208.00,202.25,205.50,1902300,0
HL.L,20070726,223.00,223.00,205.00,206.00,576300,0
HL.L,20070725,225.00,226.00,223.25,223.25,754800,0
HL.L,20070724,228.25,228.25,225.00,226.25,445700,0
HL.L,20070723,230.00,231.00,228.00,229.00,601500,0
HL.L,20070720,228.00,229.50,227.00,228.25,356700,0
HL.L,20070719,225.50,226.00,225.50,225.50,166900,0
HL.L,20070718,229.25,229.25,225.50,226.25,394600,0
HL.L,20070717,227.00,230.00,226.75,230.00,321600,0
HL.L,20070716,225.00,226.00,223.00,226.00,543000,0
HL.L,20070713,222.00,225.00,222.00,225.00,259800,0
HL.L,20070712,217.00,220.00,217.00,220.25,374000,0
HL.L,20070711,215.50,215.50,211.50,213.25,163900,0
HL.L,20070710,218.00,219.75,215.75,216.75,651900,0
HL.L,20070709,227.00,228.50,219.00,220.00,799500,0
HL.L,20070706,222.00,226.25,222.00,224.00,454100,0
HL.L,20070705,217.00,222.00,217.00,221.00,674300,0
HL.L,20070704,212.00,222.00,212.00,219.00,642900,0
HL.L,20070703,207.00,209.50,207.00,209.75,485400,0
HL.L,20070702,207.00,207.00,207.00,209.50,24900,0
HL.L,20070629,207.00,211.00,207.00,207.00,1251100,0
HL.L,20070628,208.00,208.00,208.00,209.00,1185000,0
HL.L,20070627,214.00,214.00,208.75,208.00,1195800,0
HL.L,20070626,213.00,214.50,213.00,214.50,971600,0
HL.L,20070625,213.00,214.50,213.00,214.50,619300,0
HL.L,20070622,216.00,216.00,214.00,214.75,1007100,0
HL.L,20070621,205.00,215.00,205.00,214.00,963000,0
HL.L,20070620,205.00,206.75,204.50,205.00,543300,0
HL.L,20070619,204.00,205.00,202.50,203.00,81100,0
HL.L,20070618,205.00,205.00,204.50,204.50,559900,0
HL.L,20070615,202.00,203.75,202.00,203.00,278000,0
HL.L,20070614,201.25,201.25,201.25,201.25,1084900,0
HL.L,20070613,202.00,203.00,200.00,200.00,2686800,0
HL.L,20070612,203.00,204.00,203.00,203.50,467200,0
HL.L,20070611,201.00,201.00,201.00,201.00,459700,0
HL.L,20070608,204.00,205.00,201.50,201.50,1342000,0
HL.L,20070607,206.50,206.50,205.00,205.50,2032400,0
HL.L,20070606,205.00,205.50,205.00,206.00,450300,0
HL.L,20070605,206.00,208.00,206.00,206.50,280900,0
HL.L,20070604,206.00,206.00,205.00,205.50,1535200,0
HL.L,20070531,205.00,207.50,205.00,206.50,2839200,0
HL.L,20070530,206.00,207.00,205.00,207.00,1201100,0
HL.L,20070529,204.00,206.00,204.00,206.50,2053300,0
HL.L,20070525,206.50,206.50,204.00,205.50,1034500,0
HL.L,20070524,208.00,209.00,207.00,207.50,1254800,0
HL.L,20070523,206.50,210.00,206.50,208.50,3521900,0
HL.L,20070522,206.00,206.50,205.00,207.00,1594800,0
HL.L,20070521,210.50,210.50,203.00,205.50,5502600,0
HL.L,20070518,217.00,218.00,211.00,211.00,5415100,0
HL.L,20070517,215.00,218.00,214.00,215.00,6035700,0
HL.L,20070516,207.25,215.50,207.00,213.50,8380200,0
HL.L,20070515,203.00,214.75,203.00,209.50,44077700,0
