IHG.L,20120824,1616.00,1636.50,1610.72,1616.00,554500,0
IHG.L,20120823,1629.00,1629.00,1603.00,1610.00,1766100,0
IHG.L,20120822,1635.00,1637.00,1614.00,1614.00,577900,0
IHG.L,20120821,1661.00,1670.00,1648.00,1658.00,529300,0
IHG.L,20120820,1658.00,1662.00,1648.00,1655.00,569600,0
IHG.L,20120817,1659.00,1663.00,1650.00,1657.00,567800,0
IHG.L,20120816,1674.00,1678.00,1647.76,1650.00,731800,0
IHG.L,20120815,1668.00,1672.00,1660.00,1667.00,525800,0
IHG.L,20120814,1668.00,1672.00,1660.00,1669.00,706600,0
IHG.L,20120813,1676.00,1679.00,1655.00,1662.00,582100,0
IHG.L,20120810,1664.00,1688.00,1662.10,1672.00,714700,0
IHG.L,20120809,1672.00,1678.00,1665.00,1669.00,821100,0
IHG.L,20120808,1703.00,1718.00,1671.00,1683.00,1641500,0
IHG.L,20120807,1650.00,1761.00,1643.00,1725.00,2093300,0
IHG.L,20120806,1625.00,1639.00,1614.00,1622.00,782700,0
IHG.L,20120803,1583.00,1630.00,1583.00,1626.00,630000,0
IHG.L,20120802,1587.00,1617.00,1583.00,1584.00,866000,0
IHG.L,20120801,1575.00,1594.00,1565.00,1582.00,558000,0
IHG.L,20120731,1588.00,1596.00,1574.00,1577.00,959700,0
IHG.L,20120727,1558.00,1580.00,1553.00,1580.00,647800,0
IHG.L,20120726,1528.00,1553.00,1523.00,1550.00,910000,0
IHG.L,20120725,1522.00,1524.00,1500.00,1523.00,1237300,0
IHG.L,20120724,1534.00,1541.00,1519.00,1524.00,718400,0
IHG.L,20120723,1540.00,1544.00,1516.00,1533.00,1089000,0
IHG.L,20120720,1566.00,1575.00,1552.00,1556.00,773600,0
IHG.L,20120719,1563.00,1571.00,1551.00,1571.00,615600,0
IHG.L,20120718,1518.00,1554.00,1514.00,1554.00,718000,0
IHG.L,20120717,1514.00,1522.00,1502.00,1515.00,815000,0
IHG.L,20120716,1504.00,1509.00,1489.00,1507.00,856600,0
IHG.L,20120713,1500.00,1512.00,1479.00,1502.00,1822000,0
IHG.L,20120712,1536.00,1536.00,1501.00,1503.00,1428500,0
IHG.L,20120711,1552.00,1554.00,1534.00,1550.00,817100,0
IHG.L,20120710,1552.00,1565.00,1535.00,1563.00,839500,0
IHG.L,20120709,1561.00,1561.82,1540.00,1548.00,819400,0
IHG.L,20120706,1545.00,1562.00,1542.00,1555.00,1065800,0
IHG.L,20120705,1555.00,1555.00,1531.00,1541.00,1446500,0
IHG.L,20120704,1559.00,1559.00,1545.00,1550.00,643700,0
IHG.L,20120703,1562.00,1562.00,1535.00,1555.00,819000,0
IHG.L,20120702,1537.00,1552.00,1532.00,1551.00,997300,0
IHG.L,20120629,1551.00,1552.00,1532.00,1535.00,1930000,0
IHG.L,20120628,1530.00,1534.00,1490.00,1507.00,1427100,0
IHG.L,20120627,1527.00,1535.00,1516.00,1533.00,1499500,0
IHG.L,20120626,1512.00,1525.00,1512.00,1519.00,1048300,0
IHG.L,20120625,1527.00,1532.00,1513.00,1520.00,1716300,0
IHG.L,20120622,1550.00,1550.00,1518.00,1523.00,1042700,0
IHG.L,20120621,1562.00,1580.00,1555.00,1565.00,1048200,0
IHG.L,20120620,1540.00,1579.00,1532.00,1573.00,1029900,0
IHG.L,20120619,1498.00,1535.00,1498.00,1535.00,1348100,0
IHG.L,20120618,1518.00,1519.00,1480.00,1492.00,852900,0
IHG.L,20120615,1502.00,1502.00,1471.90,1496.00,1756300,0
IHG.L,20120614,1500.00,1512.00,1490.00,1495.00,894000,0
IHG.L,20120613,1509.00,1520.00,1486.00,1502.00,882400,0
IHG.L,20120612,1498.00,1517.00,1487.00,1510.00,799700,0
IHG.L,20120611,1539.00,1539.00,1500.00,1503.00,631800,0
IHG.L,20120608,1504.00,1509.00,1487.00,1504.00,674200,0
IHG.L,20120607,1484.00,1522.00,1479.00,1507.00,1079200,0
IHG.L,20120606,1482.00,1485.00,1450.00,1470.00,1418100,0
IHG.L,20120601,1530.00,1538.00,1480.00,1482.00,2175800,0
IHG.L,20120531,1448.00,1537.00,1448.00,1526.00,2591100,0
IHG.L,20120530,1455.00,1462.00,1435.00,1438.00,1050300,0
IHG.L,20120529,1437.00,1468.00,1437.00,1465.00,812300,0
IHG.L,20120528,1427.00,1442.00,1419.10,1432.00,268100,0
IHG.L,20120525,1412.00,1428.00,1400.00,1412.00,638600,0
IHG.L,20120524,1409.00,1425.00,1394.00,1406.00,1133300,0
IHG.L,20120523,1424.00,1429.90,1400.00,1400.00,1102700,0
IHG.L,20120522,1424.00,1450.00,1420.10,1446.00,705500,0
IHG.L,20120521,1399.00,1419.01,1385.00,1410.00,927700,0
IHG.L,20120518,1425.00,1425.00,1393.00,1395.00,1708800,0
IHG.L,20120517,1479.00,1485.00,1440.00,1440.00,981000,0
IHG.L,20120516,1464.00,1490.00,1458.00,1478.00,1131900,0
IHG.L,20120514,1495.00,1495.00,1460.00,1471.00,712800,0
IHG.L,20120511,1476.00,1511.00,1476.00,1505.00,782500,0
IHG.L,20120510,1496.00,1499.00,1474.00,1486.00,1301600,0
IHG.L,20120509,1483.00,1490.00,1442.00,1475.00,1708300,0
IHG.L,20120508,1502.00,1505.00,1457.00,1465.00,1650300,0
IHG.L,20120504,1527.00,1534.10,1492.00,1503.00,782500,0
IHG.L,20120503,1521.00,1544.00,1518.00,1532.00,973400,0
IHG.L,20120502,1500.00,1521.10,1486.00,1516.00,1310700,0
IHG.L,20120501,1470.00,1485.10,1465.00,1484.00,907500,0
IHG.L,20120430,1489.00,1494.00,1460.00,1467.00,745300,0
IHG.L,20120427,1452.00,1486.00,1449.00,1485.00,796500,0
IHG.L,20120426,1451.00,1479.00,1451.00,1460.00,1054100,0
IHG.L,20120425,1455.00,1463.00,1448.00,1453.00,650200,0
IHG.L,20120424,1433.00,1449.00,1429.00,1445.00,687700,0
IHG.L,20120423,1469.00,1470.00,1420.00,1425.00,904100,0
IHG.L,20120420,1477.00,1480.00,1460.00,1474.00,829200,0
IHG.L,20120419,1470.00,1496.00,1470.00,1474.00,3007900,0
IHG.L,20120418,1455.00,1469.00,1448.00,1460.00,765200,0
IHG.L,20120417,1442.00,1465.00,1438.00,1463.00,743600,0
IHG.L,20120416,1434.00,1455.00,1434.00,1446.00,638900,0
IHG.L,20120413,1474.00,1474.00,1436.00,1441.00,754900,0
IHG.L,20120412,1427.00,1478.00,1424.00,1471.00,1142900,0
IHG.L,20120411,1406.00,1432.00,1396.00,1428.00,1063200,0
IHG.L,20120410,1425.00,1433.00,1415.00,1415.00,997600,0
IHG.L,20120405,1425.00,1444.00,1419.00,1440.00,861300,0
IHG.L,20120404,1451.00,1463.00,1424.00,1425.00,2840800,0
IHG.L,20120403,1480.00,1481.00,1464.00,1464.00,749200,0
IHG.L,20120402,1453.00,1481.00,1452.90,1480.00,1043400,0
IHG.L,20120330,1428.00,1457.00,1424.00,1453.00,919200,0
IHG.L,20120329,1437.00,1443.00,1421.00,1425.00,976100,0
IHG.L,20120328,1442.00,1461.00,1439.00,1445.00,1024100,0
IHG.L,20120327,1454.00,1466.00,1442.00,1446.00,988000,0
IHG.L,20120326,1455.00,1466.00,1440.00,1453.00,833800,0
IHG.L,20120323,1437.00,1471.70,1426.00,1442.00,656000,0
IHG.L,20120322,1431.00,1444.00,1416.00,1439.00,946900,0
IHG.L,20120321,1430.00,1457.70,1427.07,1436.00,889100,0
IHG.L,20120320,1451.00,1460.00,1441.00,1448.00,1137400,0
IHG.L,20120319,1471.00,1475.00,1456.00,1459.00,1109900,0
IHG.L,20120316,1476.00,1496.00,1469.00,1477.00,1256700,0
IHG.L,20120315,1480.00,1496.00,1462.00,1470.00,946300,0
IHG.L,20120314,1508.00,1508.00,1479.00,1485.00,1141600,0
IHG.L,20120313,1460.00,1498.00,1456.00,1497.00,1343300,0
IHG.L,20120312,1463.00,1466.80,1448.00,1448.00,1232300,0
IHG.L,20120309,1461.00,1469.00,1452.00,1463.00,1107600,0
IHG.L,20120308,1420.00,1463.00,1419.00,1461.00,1077000,0
IHG.L,20120307,1386.00,1421.00,1382.00,1419.00,930100,0
IHG.L,20120306,1433.00,1439.00,1374.00,1383.00,2086200,0
IHG.L,20120305,1441.00,1452.00,1436.00,1441.00,1094000,0
IHG.L,20120302,1449.00,1453.00,1437.00,1447.00,1204300,0
IHG.L,20120301,1433.00,1454.00,1424.00,1450.00,1080400,0
IHG.L,20120229,1437.00,1449.00,1433.48,1434.00,1197400,0
IHG.L,20120228,1432.00,1442.00,1410.00,1440.00,1214800,0
IHG.L,20120227,1394.00,1429.00,1386.00,1425.00,1306800,0
IHG.L,20120224,1411.00,1423.00,1404.00,1405.00,1846700,0
IHG.L,20120223,1412.00,1429.00,1403.00,1407.00,1914800,0
IHG.L,20120222,1428.00,1434.00,1404.00,1420.00,1043200,0
IHG.L,20120221,1440.00,1445.00,1420.00,1423.00,1153700,0
IHG.L,20120220,1415.00,1445.00,1402.00,1440.00,1734900,0
IHG.L,20120217,1397.00,1415.10,1392.00,1410.00,1742300,0
IHG.L,20120216,1370.00,1403.15,1361.00,1382.00,1051600,0
IHG.L,20120215,1385.00,1403.00,1372.00,1387.50,2883700,0
IHG.L,20120214,1399.00,1429.00,1367.00,1372.00,2610300,0
IHG.L,20120213,1406.00,1424.00,1395.00,1402.00,1565800,0
IHG.L,20120210,1386.00,1400.00,1374.00,1397.00,1845500,0
IHG.L,20120209,1373.00,1382.00,1361.00,1379.00,605800,0
IHG.L,20120208,1370.00,1372.00,1358.00,1362.00,742800,0
IHG.L,20120207,1367.00,1367.00,1344.00,1363.00,769400,0
IHG.L,20120206,1372.00,1372.00,1260.00,1367.00,663500,0
IHG.L,20120203,1334.00,1376.00,1323.00,1373.00,1020000,0
IHG.L,20120202,1340.00,1347.00,1316.00,1335.00,1119900,0
IHG.L,20120201,1299.00,1334.00,1297.00,1334.00,910700,0
IHG.L,20120131,1304.00,1311.00,1290.00,1292.00,1575300,0
IHG.L,20120130,1319.00,1319.00,1285.00,1295.00,1298900,0
IHG.L,20120127,1332.00,1338.00,1312.00,1321.00,1149700,0
IHG.L,20120126,1324.00,1372.00,1324.00,1357.00,1692800,0
IHG.L,20120125,1311.00,1332.00,1309.00,1325.00,966200,0
IHG.L,20120124,1332.00,1332.00,1295.00,1304.00,1051900,0
IHG.L,20120123,1318.00,1341.00,1307.00,1338.00,869000,0
IHG.L,20120120,1311.00,1324.00,1294.00,1317.00,1220800,0
IHG.L,20120119,1291.00,1307.00,1285.00,1307.00,1060000,0
IHG.L,20120118,1261.00,1285.13,1250.00,1285.00,1397000,0
IHG.L,20120117,1236.00,1255.00,1220.10,1255.00,873700,0
IHG.L,20120116,1228.00,1236.00,1218.00,1220.00,798900,0
IHG.L,20120113,1245.00,1245.00,1224.00,1235.00,724600,0
IHG.L,20120112,1233.00,1242.00,1225.00,1235.00,1051600,0
IHG.L,20120111,1232.00,1235.00,1199.00,1233.00,1378400,0
IHG.L,20120110,1211.00,1241.00,1205.00,1230.00,1483100,0
IHG.L,20120109,1193.00,1203.00,1178.00,1195.00,1070500,0
IHG.L,20120106,1170.00,1178.00,1164.00,1174.00,1250800,0
IHG.L,20120105,1176.00,1183.00,1154.00,1160.00,2056000,0
IHG.L,20120104,1182.00,1186.00,1166.00,1169.00,912100,0
IHG.L,20120103,1177.00,1201.00,1164.00,1180.00,1236500,0
IHG.L,20111230,1161.00,1168.00,1154.00,1157.00,214600,0
IHG.L,20111229,1152.00,1158.00,1141.00,1154.00,854900,0
IHG.L,20111228,1138.00,1153.00,1127.00,1148.00,1097800,0
IHG.L,20111223,1116.00,1120.00,1106.00,1120.00,241100,0
IHG.L,20111222,1089.00,1109.00,1087.00,1101.00,518300,0
IHG.L,20111221,1100.00,1119.00,1082.00,1090.00,863500,0
IHG.L,20111220,1077.00,1102.00,1071.00,1101.00,667300,0
IHG.L,20111219,1062.00,1086.00,1061.00,1082.00,609100,0
IHG.L,20111216,1078.00,1084.00,1067.00,1067.00,1147900,0
IHG.L,20111215,1074.00,1086.00,1067.00,1072.00,1391900,0
IHG.L,20111214,1085.00,1091.00,1062.00,1068.00,1355000,0
IHG.L,20111213,1105.00,1105.00,1082.00,1098.00,1313200,0
IHG.L,20111212,1119.00,1120.00,1097.00,1105.00,1156900,0
IHG.L,20111209,1077.00,1122.00,1077.00,1117.00,1126500,0
IHG.L,20111208,1124.00,1124.00,1090.00,1090.00,748100,0
IHG.L,20111207,1128.00,1129.00,1098.00,1111.00,625400,0
IHG.L,20111206,1109.00,1128.00,1105.00,1114.00,580600,0
IHG.L,20111205,1127.00,1134.00,1115.00,1116.00,659000,0
IHG.L,20111202,1101.00,1125.00,1101.00,1121.00,783700,0
IHG.L,20111201,1111.00,1121.00,1095.00,1096.00,933500,0
IHG.L,20111130,1046.00,1110.00,1043.00,1106.00,1249100,0
IHG.L,20111129,1049.00,1063.00,1039.00,1058.00,762700,0
IHG.L,20111128,1016.00,1045.00,1014.00,1044.00,963400,0
IHG.L,20111125,1004.00,1011.00,981.00,1005.00,1458600,0
IHG.L,20111124,1009.00,1014.32,996.00,1005.00,1140100,0
IHG.L,20111123,1027.00,1040.00,1000.00,1000.00,1303100,0
IHG.L,20111122,1070.00,1090.00,1035.89,1044.00,1957500,0
IHG.L,20111121,1074.00,1074.00,1044.00,1068.00,2696900,0
IHG.L,20111118,1066.00,1081.00,1062.00,1073.00,1441000,0
IHG.L,20111117,1077.00,1084.10,1055.01,1075.00,2003900,0
IHG.L,20111116,1073.00,1099.00,1064.00,1076.00,1374500,0
IHG.L,20111115,1069.00,1080.00,1047.90,1072.00,1514100,0
IHG.L,20111114,1090.00,1094.00,1064.00,1071.00,454500,0
IHG.L,20111111,1068.00,1094.00,1060.00,1088.00,853500,0
IHG.L,20111110,1026.00,1066.00,1026.00,1063.00,1166900,0
IHG.L,20111109,1096.00,1096.00,1044.00,1047.00,1286200,0
IHG.L,20111108,1095.00,1095.00,1036.00,1073.00,1980100,0
IHG.L,20111107,1099.00,1100.00,1071.00,1095.00,1336300,0
IHG.L,20111104,1128.00,1131.00,1076.00,1087.00,1088700,0
IHG.L,20111103,1078.00,1141.00,1078.00,1122.00,2279600,0
IHG.L,20111102,1092.00,1115.00,1071.00,1101.00,2394900,0
IHG.L,20111101,1129.00,1129.00,1072.00,1076.00,1708200,0
IHG.L,20111031,1186.00,1186.00,1149.00,1149.00,874500,0
IHG.L,20111028,1188.00,1199.00,1178.00,1191.00,862700,0
IHG.L,20111027,1154.00,1185.00,1149.00,1181.00,1138900,0
IHG.L,20111026,1121.00,1138.00,1107.00,1122.00,490400,0
IHG.L,20111025,1115.00,1146.00,1109.00,1123.00,735600,0
IHG.L,20111024,1140.00,1148.00,1119.00,1124.00,1279100,0
IHG.L,20111021,1069.00,1119.00,1067.00,1115.00,1107000,0
IHG.L,20111020,1066.00,1082.00,1058.00,1062.00,844700,0
IHG.L,20111019,1100.00,1108.00,1075.00,1082.00,1098800,0
IHG.L,20111018,1075.00,1097.00,1064.00,1087.00,820500,0
IHG.L,20111017,1101.00,1119.00,1075.00,1082.00,919400,0
IHG.L,20111014,1091.00,1105.00,1086.00,1090.00,656800,0
IHG.L,20111013,1111.00,1122.00,1080.00,1086.00,1018400,0
IHG.L,20111012,1077.00,1133.00,1077.00,1118.00,1962300,0
IHG.L,20111011,1061.00,1077.00,1057.00,1077.00,858200,0
IHG.L,20111010,1075.00,1088.00,1057.00,1083.00,1356200,0
IHG.L,20111007,1033.00,1068.00,1023.00,1061.00,1261800,0
IHG.L,20111006,1004.00,1028.00,995.00,1028.00,2698300,0
IHG.L,20111005,993.50,1002.00,962.50,997.00,2362000,0
IHG.L,20111004,994.50,994.50,953.00,973.00,2134700,0
IHG.L,20111003,1024.00,1031.00,1007.00,1017.00,1112200,0
IHG.L,20110930,1063.00,1063.00,1024.00,1051.00,1564000,0
IHG.L,20110929,1067.00,1077.00,1065.00,1070.00,1150300,0
IHG.L,20110928,1094.00,1095.00,1065.00,1071.00,1110300,0
IHG.L,20110927,1076.00,1104.00,1064.00,1095.00,977600,0
IHG.L,20110926,1023.00,1072.24,1019.00,1055.00,2042000,0
IHG.L,20110923,1028.00,1047.00,1003.00,1038.00,1793400,0
IHG.L,20110922,1046.00,1049.00,1014.00,1020.00,1961700,0
IHG.L,20110921,1090.00,1101.00,1066.00,1068.00,891900,0
IHG.L,20110920,1060.00,1096.00,1060.00,1092.00,683800,0
IHG.L,20110919,1049.00,1071.00,1046.00,1062.00,981100,0
IHG.L,20110916,1073.00,1084.00,1064.00,1067.00,1300500,0
IHG.L,20110915,1052.00,1081.00,1045.00,1067.00,1406100,0
IHG.L,20110914,988.50,1047.00,988.00,1047.00,1825500,0
IHG.L,20110913,1011.00,1011.00,968.00,986.50,2054900,0
IHG.L,20110912,987.50,998.50,971.50,994.00,1365800,0
IHG.L,20110909,1028.00,1034.00,1005.00,1011.00,1219000,0
IHG.L,20110908,1036.00,1055.00,1018.00,1035.00,954900,0
IHG.L,20110907,1030.00,1044.00,1020.00,1039.00,1582400,0
IHG.L,20110906,990.00,1013.00,983.00,1005.00,2116100,0
IHG.L,20110905,1002.00,1007.00,980.00,993.00,1442900,0
IHG.L,20110902,1029.00,1035.00,1007.00,1016.00,1861700,0
IHG.L,20110901,1052.00,1053.00,1009.00,1043.00,1951100,0
IHG.L,20110831,1032.00,1058.00,1023.00,1046.00,1273700,0
IHG.L,20110830,1015.00,1032.00,1001.00,1023.00,1043700,0
IHG.L,20110826,965.00,979.03,947.50,972.50,2567400,0
IHG.L,20110825,983.00,996.50,960.00,964.50,1855100,0
IHG.L,20110824,957.50,971.50,949.50,969.00,2369500,0
IHG.L,20110823,961.50,978.50,950.50,955.00,1466400,0
IHG.L,20110822,947.50,981.50,947.50,960.50,39000,0
IHG.L,20110819,986.50,989.00,945.00,958.50,4312400,0
IHG.L,20110818,1038.00,1050.00,986.50,987.50,2689700,0
IHG.L,20110817,1052.00,1065.00,1039.00,1052.00,1008600,0
IHG.L,20110816,1051.00,1060.00,1041.00,1057.00,925600,0
IHG.L,20110815,1050.00,1065.00,1039.00,1060.00,1276800,0
IHG.L,20110812,1030.00,1046.00,1007.00,1043.00,1740800,0
IHG.L,20110811,1045.00,1045.00,991.50,1027.00,2474400,0
IHG.L,20110810,1060.00,1060.00,1003.00,1011.00,3027900,0
IHG.L,20110809,982.00,1042.00,939.00,1042.00,4611900,0
IHG.L,20110808,1015.00,1045.00,963.00,963.00,2473700,0
IHG.L,20110805,1029.00,1072.00,1014.00,1027.00,2564400,0
IHG.L,20110804,1128.00,1130.00,1047.00,1047.00,2280400,0
IHG.L,20110803,1131.00,1141.00,1093.00,1116.00,2025700,0
IHG.L,20110802,1198.00,1205.00,1147.00,1147.00,2146300,0
IHG.L,20110801,1220.00,1240.00,1200.00,1210.00,1180700,0
IHG.L,20110729,1215.00,1225.00,1201.00,1208.00,1320800,0
IHG.L,20110728,1229.00,1233.00,1212.00,1228.00,1652500,0
IHG.L,20110727,1254.00,1259.00,1236.00,1239.00,774800,0
IHG.L,20110726,1267.00,1271.00,1246.00,1258.00,602900,0
IHG.L,20110725,1256.00,1268.00,1255.00,1266.00,542400,0
IHG.L,20110722,1259.00,1277.00,1252.00,1263.00,768900,0
IHG.L,20110721,1243.00,1251.00,1222.00,1245.00,686100,0
IHG.L,20110720,1232.00,1249.00,1226.00,1243.00,951300,0
IHG.L,20110719,1214.00,1226.00,1204.00,1226.00,921100,0
IHG.L,20110718,1234.00,1240.00,1201.00,1202.00,1199300,0
IHG.L,20110715,1236.00,1245.00,1226.00,1240.00,1169600,0
IHG.L,20110714,1250.00,1265.00,1237.00,1241.00,1072800,0
IHG.L,20110713,1262.00,1291.00,1255.00,1282.00,1092600,0
IHG.L,20110712,1269.00,1273.00,1232.00,1263.00,1992100,0
IHG.L,20110711,1305.00,1312.00,1275.00,1283.00,1294300,0
IHG.L,20110708,1332.00,1333.00,1307.00,1315.00,907300,0
IHG.L,20110707,1316.00,1332.00,1311.00,1331.00,1508900,0
IHG.L,20110706,1307.00,1314.00,1300.00,1305.00,637400,0
IHG.L,20110705,1295.00,1315.00,1295.00,1304.00,875500,0
IHG.L,20110704,1277.00,1303.00,1276.00,1300.00,971200,0
IHG.L,20110701,1277.00,1283.00,1270.00,1275.00,820100,0
IHG.L,20110630,1280.00,1282.00,1266.00,1275.00,1397400,0
IHG.L,20110629,1260.00,1289.00,1260.00,1279.00,1198200,0
IHG.L,20110628,1231.00,1259.00,1231.00,1257.00,1076400,0
IHG.L,20110627,1212.00,1241.00,1211.00,1228.00,994700,0
IHG.L,20110624,1213.00,1230.00,1206.00,1212.00,1023900,0
IHG.L,20110623,1197.00,1200.00,1186.00,1196.00,1745000,0
IHG.L,20110622,1193.00,1208.00,1187.00,1206.00,869800,0
IHG.L,20110621,1179.00,1199.00,1178.00,1197.00,1428700,0
IHG.L,20110620,1159.00,1171.00,1151.00,1167.00,701500,0
IHG.L,20110617,1159.00,1168.00,1141.00,1165.00,1134600,0
IHG.L,20110616,1183.00,1184.00,1146.00,1165.00,1278300,0
IHG.L,20110615,1189.00,1201.00,1187.00,1188.00,1376800,0
IHG.L,20110614,1186.00,1198.00,1173.22,1190.00,2098400,0
IHG.L,20110613,1186.00,1191.00,1172.00,1180.00,1000000,0
IHG.L,20110610,1207.00,1213.00,1184.00,1185.00,1282600,0
IHG.L,20110609,1186.00,1206.00,1180.00,1206.00,1549400,0
IHG.L,20110608,1214.00,1220.00,1188.00,1192.00,1220300,0
IHG.L,20110607,1222.00,1231.79,1215.00,1221.00,1167800,0
IHG.L,20110606,1224.00,1229.00,1216.00,1220.00,1046900,0
IHG.L,20110603,1252.00,1253.00,1216.00,1229.00,1905500,0
IHG.L,20110602,1263.00,1264.00,1247.00,1250.94,1433800,0
IHG.L,20110601,1296.00,1299.00,1274.00,1278.00,1279800,0
IHG.L,20110531,1285.00,1295.00,1282.00,1295.00,1082000,0
IHG.L,20110527,1270.00,1285.00,1260.00,1277.00,1273600,0
IHG.L,20110526,1262.00,1268.00,1252.00,1254.00,938600,0
IHG.L,20110525,1246.00,1258.00,1246.00,1256.00,809500,0
IHG.L,20110524,1257.00,1265.00,1248.00,1258.00,1099400,0
IHG.L,20110523,1262.00,1273.00,1244.00,1252.00,1117900,0
IHG.L,20110520,1283.00,1291.00,1277.00,1283.00,984400,0
IHG.L,20110519,1283.00,1289.00,1273.00,1279.00,631100,0
IHG.L,20110518,1262.00,1275.00,1254.00,1275.00,1029500,0
IHG.L,20110517,1277.00,1278.00,1247.00,1252.00,775600,0
IHG.L,20110516,1280.00,1298.00,1268.00,1277.00,750900,0
IHG.L,20110513,1300.00,1305.00,1279.00,1284.00,724700,0
IHG.L,20110512,1298.00,1307.00,1286.00,1298.00,834800,0
IHG.L,20110511,1304.00,1313.00,1292.00,1306.00,1107300,0
IHG.L,20110510,1273.00,1298.00,1270.00,1298.00,2389700,0
IHG.L,20110509,1252.00,1265.00,1244.00,1249.00,1273400,0
IHG.L,20110506,1269.00,1273.00,1250.00,1260.00,1532000,0
IHG.L,20110505,1272.00,1285.00,1257.00,1263.00,1233900,0
IHG.L,20110504,1282.00,1292.00,1256.00,1265.00,1310900,0
IHG.L,20110503,1316.00,1326.00,1296.00,1300.00,1030600,0
IHG.L,20110428,1316.00,1335.00,1296.00,1311.00,964100,0
IHG.L,20110427,1304.00,1327.00,1297.00,1314.00,768000,0
IHG.L,20110426,1303.00,1316.00,1293.00,1304.00,758300,0
IHG.L,20110421,1300.00,1316.00,1259.00,1300.00,1945300,0
IHG.L,20110420,1276.00,1308.00,1269.00,1295.00,688800,0
IHG.L,20110419,1261.00,1277.00,1257.00,1263.00,636400,0
IHG.L,20110418,1284.00,1286.00,1243.00,1250.00,974300,0
IHG.L,20110415,1285.00,1295.00,1278.00,1280.00,518800,0
IHG.L,20110414,1280.00,1304.00,1275.00,1288.00,1386900,0
IHG.L,20110413,1258.00,1285.00,1256.00,1281.00,1435700,0
IHG.L,20110412,1259.00,1284.00,1257.00,1257.00,1387500,0
IHG.L,20110411,1278.00,1279.00,1256.00,1262.00,750500,0
IHG.L,20110408,1276.00,1287.00,1261.00,1281.00,1158300,0
IHG.L,20110407,1266.00,1279.00,1261.00,1269.00,985700,0
IHG.L,20110406,1265.00,1269.00,1245.56,1267.00,1107500,0
IHG.L,20110405,1272.00,1275.00,1246.00,1259.00,719800,0
IHG.L,20110404,1261.00,1280.00,1256.00,1270.00,616000,0
IHG.L,20110401,1287.00,1291.00,1251.00,1264.00,1359700,0
IHG.L,20110331,1305.00,1313.00,1268.00,1278.00,1166300,0
IHG.L,20110330,1290.00,1308.00,1277.00,1298.00,1199000,0
IHG.L,20110329,1231.00,1279.00,1216.00,1278.00,1583000,0
IHG.L,20110328,1280.00,1292.00,1224.00,1229.00,1929800,0
IHG.L,20110325,1293.00,1312.00,1277.00,1277.00,1045300,0
IHG.L,20110324,1249.00,1292.00,1249.00,1290.00,940400,0
IHG.L,20110323,1250.00,1261.00,1233.00,1249.00,1118300,0
IHG.L,20110322,1267.00,1281.00,1264.00,1272.00,1115700,0
IHG.L,20110321,1289.00,1305.00,1271.00,1272.00,1361100,0
IHG.L,20110318,1253.00,1278.00,1245.00,1274.00,2376200,0
IHG.L,20110317,1230.00,1259.00,1216.00,1251.23,2071300,0
IHG.L,20110316,1237.00,1255.00,1211.00,1228.00,2584200,0
IHG.L,20110315,1272.00,1273.00,1221.00,1255.00,1560300,0
IHG.L,20110314,1307.00,1325.00,1284.00,1287.00,893100,0
IHG.L,20110311,1326.00,1333.00,1309.00,1314.00,806500,0
IHG.L,20110310,1331.00,1344.00,1322.00,1336.00,1078000,0
IHG.L,20110309,1340.00,1379.00,1327.00,1337.00,1780700,0
IHG.L,20110308,1322.00,1340.00,1310.00,1339.00,1187000,0
IHG.L,20110307,1318.00,1345.00,1312.00,1322.00,884800,0
IHG.L,20110304,1333.00,1360.00,1317.00,1319.00,1153500,0
IHG.L,20110303,1323.00,1342.00,1315.00,1331.00,1662400,0
IHG.L,20110302,1305.00,1318.00,1293.00,1310.00,1844400,0
IHG.L,20110301,1367.00,1386.00,1311.00,1314.00,131500,0
IHG.L,20110228,1358.00,1387.00,1344.00,1368.00,398500,0
IHG.L,20110225,1332.00,1360.00,1327.00,1355.00,143800,0
IHG.L,20110224,1338.00,1354.00,1319.00,1325.00,328149500,0
IHG.L,20110223,1394.00,1400.00,1344.00,1352.00,3432400,0
IHG.L,20110222,1408.00,1415.00,1387.00,1405.00,1611900,0
IHG.L,20110221,1432.00,1437.00,1414.00,1415.00,970100,0
IHG.L,20110218,1415.00,1435.00,1406.00,1435.00,1369500,0
IHG.L,20110217,1402.00,1440.00,1400.00,1416.00,1867500,0
IHG.L,20110216,1366.00,1402.00,1356.00,1400.00,1833700,0
IHG.L,20110215,1366.00,1391.90,1324.00,1358.00,2587300,0
IHG.L,20110214,1376.00,1402.00,1369.00,1386.00,1218400,0
IHG.L,20110211,1396.00,1405.00,1359.00,1374.00,1822400,0
IHG.L,20110210,1401.00,1416.00,1364.00,1389.00,2639100,0
IHG.L,20110209,1391.00,1414.00,1379.00,1398.00,1013800,0
IHG.L,20110208,1366.00,1396.00,1359.00,1389.00,1545700,0
IHG.L,20110207,1345.00,1368.00,1335.00,1368.00,826300,0
IHG.L,20110204,1342.00,1356.00,1331.00,1339.00,1121700,0
IHG.L,20110203,1305.00,1343.00,1290.00,1343.00,1981800,0
IHG.L,20110202,1307.00,1329.00,1288.00,1305.00,1034700,0
IHG.L,20110201,1322.00,1323.00,1293.00,1303.00,1232400,0
IHG.L,20110131,1320.00,1321.00,1295.00,1315.00,1138300,0
IHG.L,20110128,1333.00,1339.00,1324.00,1329.00,899600,0
IHG.L,20110127,1355.00,1359.00,1335.00,1335.00,1456000,0
IHG.L,20110126,1321.00,1373.00,1321.00,1353.00,1360900,0
IHG.L,20110125,1306.00,1322.00,1293.00,1316.00,958900,0
IHG.L,20110124,1297.00,1309.00,1287.00,1297.00,617300,0
IHG.L,20110121,1292.00,1305.00,1278.00,1295.00,1240900,0
IHG.L,20110120,1323.00,1328.00,1267.00,1287.00,2886600,0
IHG.L,20110119,1334.00,1344.00,1320.00,1322.00,1331700,0
IHG.L,20110118,1330.00,1349.00,1304.00,1332.00,927000,0
IHG.L,20110117,1332.00,1335.00,1316.00,1323.00,821300,0
IHG.L,20110114,1325.00,1338.00,1316.00,1332.00,809000,0
IHG.L,20110113,1329.00,1329.00,1311.00,1323.00,603100,0
IHG.L,20110112,1327.00,1340.00,1316.00,1326.00,873300,0
IHG.L,20110111,1324.00,1327.00,1315.00,1326.00,767700,0
IHG.L,20110110,1330.00,1331.00,1314.00,1319.00,1243800,0
IHG.L,20110107,1314.00,1330.00,1297.00,1329.00,1910400,0
IHG.L,20110106,1299.00,1324.00,1288.00,1310.00,1176100,0
IHG.L,20110105,1261.00,1305.00,1252.00,1303.00,1374100,0
IHG.L,20110104,1219.00,1281.00,1206.00,1264.00,1294600,0
IHG.L,20101231,1262.00,1262.00,1235.00,1243.00,185100,0
IHG.L,20101230,1262.00,1266.00,1250.00,1261.00,188000,0
IHG.L,20101229,1265.00,1271.00,1252.00,1264.00,407300,0
IHG.L,20101224,1260.00,1270.00,1255.00,1265.00,57100,0
IHG.L,20101223,1267.00,1271.00,1258.00,1263.00,323500,0
IHG.L,20101222,1255.00,1268.00,1250.00,1266.00,429800,0
IHG.L,20101221,1253.00,1260.00,1246.00,1255.00,675800,0
IHG.L,20101220,1251.00,1254.00,1239.00,1249.00,751100,0
IHG.L,20101217,1226.00,1242.00,1223.00,1234.00,1795000,0
IHG.L,20101216,1230.00,1238.00,1221.00,1228.00,938700,0
IHG.L,20101215,1231.00,1240.00,1223.00,1226.00,1740400,0
IHG.L,20101214,1235.00,1239.00,1220.00,1236.00,2607300,0
IHG.L,20101213,1220.00,1235.00,1211.00,1231.00,963200,0
IHG.L,20101210,1225.00,1228.00,1208.00,1217.00,537900,0
IHG.L,20101209,1222.00,1228.00,1213.00,1218.00,827200,0
IHG.L,20101208,1224.00,1231.00,1213.00,1215.00,833200,0
IHG.L,20101207,1229.00,1237.00,1220.00,1233.27,1274500,0
IHG.L,20101206,1216.00,1232.00,1213.00,1224.00,1192200,0
IHG.L,20101203,1211.00,1227.00,1191.00,1212.00,1182700,0
IHG.L,20101202,1160.00,1212.00,1157.00,1209.00,1957700,0
IHG.L,20101201,1151.00,1164.00,1145.00,1153.00,2240300,0
IHG.L,20101130,1138.00,1151.00,1133.00,1140.00,1076500,0
IHG.L,20101129,1167.00,1175.00,1133.00,1133.00,1989100,0
IHG.L,20101126,1161.00,1166.00,1136.00,1163.00,1026900,0
IHG.L,20101125,1151.00,1167.00,1151.00,1167.00,1533200,0
IHG.L,20101124,1116.00,1144.00,1114.00,1142.00,3221300,0
IHG.L,20101123,1135.00,1148.00,1111.00,1116.00,1366100,0
IHG.L,20101122,1156.00,1164.00,1138.00,1138.00,1086900,0
IHG.L,20101119,1141.00,1149.00,1134.00,1141.00,1348900,0
IHG.L,20101118,1105.00,1146.00,1105.00,1139.00,2096900,0
IHG.L,20101117,1082.00,1104.00,1073.00,1104.00,1382400,0
IHG.L,20101116,1103.00,1103.00,1080.00,1081.00,855800,0
IHG.L,20101115,1094.00,1115.00,1090.00,1103.00,1379800,0
IHG.L,20101112,1081.00,1110.00,1075.00,1099.00,1295600,0
IHG.L,20101111,1101.00,1110.00,1089.00,1101.00,2348000,0
IHG.L,20101110,1145.00,1145.00,1098.00,1100.00,2274900,0
IHG.L,20101109,1180.00,1180.00,1120.00,1139.50,3932700,0
IHG.L,20101108,1210.00,1218.00,1199.00,1202.00,1184500,0
IHG.L,20101105,1222.00,1231.00,1209.00,1211.00,1209000,0
IHG.L,20101104,1215.00,1226.00,1209.00,1222.00,1498600,0
IHG.L,20101103,1208.00,1215.00,1202.00,1206.00,1039000,0
IHG.L,20101102,1201.00,1210.00,1191.00,1206.00,1363000,0
IHG.L,20101101,1216.00,1217.00,1205.00,1206.00,1003100,0
IHG.L,20101029,1203.00,1215.00,1203.00,1207.00,1200500,0
IHG.L,20101028,1206.00,1217.00,1198.00,1206.00,1024700,0
IHG.L,20101027,1197.00,1215.00,1197.00,1206.00,919200,0
IHG.L,20101026,1222.00,1223.00,1202.00,1207.00,1036700,0
IHG.L,20101025,1215.00,1238.00,1211.00,1225.00,1679800,0
IHG.L,20101022,1213.00,1227.00,1204.00,1213.00,1272500,0
IHG.L,20101021,1166.00,1230.00,1166.00,1215.00,3199300,0
IHG.L,20101020,1176.00,1176.00,1157.00,1172.00,512100,0
IHG.L,20101019,1193.00,1193.00,1172.00,1175.00,636000,0
IHG.L,20101018,1170.00,1192.00,1169.00,1189.00,645900,0
IHG.L,20101015,1167.00,1175.00,1160.00,1172.00,816200,0
IHG.L,20101014,1168.00,1169.00,1146.00,1161.00,765800,0
IHG.L,20101013,1159.00,1185.00,1156.00,1163.00,1636300,0
IHG.L,20101012,1154.00,1159.00,1142.00,1158.00,643100,0
IHG.L,20101011,1159.00,1166.00,1150.00,1159.00,443400,0
IHG.L,20101008,1149.00,1157.00,1135.00,1154.00,846400,0
IHG.L,20101007,1167.00,1173.00,1150.00,1155.00,1532900,0
IHG.L,20101006,1151.00,1178.00,1149.00,1172.00,1905900,0
IHG.L,20101005,1130.00,1148.00,1115.00,1146.00,1086000,0
IHG.L,20101004,1130.00,1135.00,1119.00,1127.00,719600,0
IHG.L,20101001,1144.00,1151.00,1123.00,1128.00,1502400,0
IHG.L,20100930,1141.00,1155.00,1126.00,1136.00,1825000,0
IHG.L,20100929,1148.00,1170.00,1137.00,1150.00,2247600,0
IHG.L,20100928,1132.00,1143.00,1115.00,1142.00,1673200,0
IHG.L,20100927,1133.00,1142.00,1127.00,1133.00,1679400,0
IHG.L,20100924,1109.00,1136.00,1101.00,1134.00,689900,0
IHG.L,20100923,1125.00,1129.00,1094.00,1114.00,799700,0
IHG.L,20100922,1141.00,1143.00,1116.00,1119.00,954100,0
IHG.L,20100921,1133.00,1146.00,1127.00,1142.00,931700,0
IHG.L,20100920,1121.00,1133.00,1115.00,1133.00,907600,0
IHG.L,20100917,1120.00,1129.00,1114.00,1122.00,2719600,0
IHG.L,20100916,1119.00,1121.00,1100.00,1107.00,984300,0
IHG.L,20100915,1117.00,1127.00,1107.00,1118.87,1395200,0
IHG.L,20100914,1127.00,1127.00,1108.00,1115.00,1118600,0
IHG.L,20100913,1110.00,1121.00,1102.00,1116.00,790100,0
IHG.L,20100910,1093.00,1114.00,1093.00,1104.00,1467600,0
IHG.L,20100909,1077.00,1100.00,1077.00,1099.00,1413700,0
IHG.L,20100908,1060.00,1085.00,1058.00,1082.00,1680900,0
IHG.L,20100907,1067.00,1070.00,1051.00,1065.00,1143400,0
IHG.L,20100906,1072.00,1079.00,1063.00,1073.00,771500,0
IHG.L,20100903,1050.00,1070.00,1042.00,1062.00,2685100,0
IHG.L,20100902,1041.00,1050.00,1025.00,1046.00,2591600,0
IHG.L,20100901,1000.00,1045.00,998.00,1043.00,5681800,0
IHG.L,20100831,1004.00,1005.00,962.00,982.00,5396900,0
IHG.L,20100827,1011.00,1016.00,1000.00,1012.00,1493100,0
IHG.L,20100826,1011.00,1027.00,1005.00,1012.00,2159100,0
IHG.L,20100825,1009.00,1020.00,997.00,999.50,1632800,0
IHG.L,20100824,1027.00,1035.00,1006.00,1017.00,1432000,0
IHG.L,20100823,1011.00,1037.00,1011.00,1031.00,1323400,0
IHG.L,20100820,1044.00,1044.00,1003.00,1006.00,2765700,0
IHG.L,20100819,1065.00,1073.00,1038.00,1043.00,2554000,0
IHG.L,20100818,1072.00,1076.00,1057.00,1058.00,1975900,0
IHG.L,20100817,1072.00,1086.00,1066.00,1068.00,1836300,0
IHG.L,20100816,1079.00,1084.00,1063.00,1069.00,1576800,0
IHG.L,20100813,1064.00,1074.00,1057.00,1073.00,1870700,0
IHG.L,20100812,1074.00,1086.00,1048.00,1054.00,1958100,0
IHG.L,20100811,1082.00,1094.00,1069.00,1071.00,1249400,0
IHG.L,20100810,1125.00,1125.00,1061.00,1078.00,2961300,0
IHG.L,20100809,1139.00,1151.00,1117.00,1124.00,1866500,0
IHG.L,20100806,1128.00,1137.00,1094.00,1117.00,1755600,0
IHG.L,20100805,1138.00,1139.00,1121.00,1121.00,1323600,0
IHG.L,20100804,1127.00,1135.00,1122.00,1131.00,2685800,0
IHG.L,20100803,1125.00,1125.00,1115.00,1121.00,1192400,0
IHG.L,20100802,1108.00,1121.00,1102.00,1121.00,1613300,0
IHG.L,20100730,1107.00,1113.00,1103.00,1103.00,2373400,0
IHG.L,20100729,1106.00,1118.00,1101.00,1107.00,2792000,0
IHG.L,20100728,1116.00,1120.00,1100.00,1108.00,2318800,0
IHG.L,20100727,1140.00,1150.00,1098.00,1110.00,10147400,0
IHG.L,20100726,1197.00,1200.00,1179.00,1199.00,921500,0
IHG.L,20100723,1162.00,1199.00,1162.00,1189.00,1023900,0
IHG.L,20100722,1137.00,1161.00,1112.00,1160.00,1205400,0
IHG.L,20100721,1110.00,1141.00,1105.00,1136.00,974200,0
IHG.L,20100720,1113.00,1113.00,1094.00,1105.00,557000,0
IHG.L,20100719,1110.00,1114.00,1090.00,1104.00,912200,0
IHG.L,20100716,1128.00,1136.00,1107.00,1108.00,988000,0
IHG.L,20100715,1151.00,1153.00,1114.00,1120.00,1259400,0
IHG.L,20100714,1154.00,1168.00,1145.00,1160.00,904800,0
IHG.L,20100713,1114.00,1155.00,1114.00,1155.00,926900,0
IHG.L,20100712,1117.00,1127.00,1109.00,1120.00,617500,0
IHG.L,20100709,1118.00,1123.00,1107.00,1120.00,818800,0
IHG.L,20100708,1112.00,1121.00,1110.00,1114.00,947600,0
IHG.L,20100707,1080.00,1101.00,1061.00,1100.00,1462800,0
IHG.L,20100706,1050.00,1091.00,1045.00,1084.00,1042400,0
IHG.L,20100705,1056.00,1056.00,1042.00,1047.00,570700,0
IHG.L,20100702,1048.00,1059.00,1040.00,1051.00,917100,0
IHG.L,20100701,1046.00,1065.00,1024.00,1046.00,1965600,0
IHG.L,20100630,1104.00,1104.00,1057.00,1063.00,3630100,0
IHG.L,20100629,1148.00,1151.00,1105.00,1105.00,1739200,0
IHG.L,20100628,1148.00,1168.00,1142.00,1160.00,751600,0
IHG.L,20100625,1143.00,1144.00,1130.00,1138.00,1149900,0
IHG.L,20100624,1181.00,1181.00,1134.00,1138.00,1171000,0
IHG.L,20100623,1167.00,1191.00,1167.00,1173.00,883300,0
IHG.L,20100622,1199.00,1218.00,1177.00,1184.00,1866100,0
IHG.L,20100621,1231.00,1243.00,1202.00,1208.00,713200,0
IHG.L,20100618,1211.00,1222.00,1205.00,1215.00,1194300,0
IHG.L,20100617,1213.00,1223.00,1204.00,1206.00,765800,0
IHG.L,20100616,1239.00,1244.00,1203.00,1216.00,980000,0
IHG.L,20100615,1183.00,1242.00,1183.00,1224.00,1530000,0
IHG.L,20100614,1172.00,1198.00,1165.00,1197.00,1387700,0
IHG.L,20100611,1146.00,1170.00,1138.00,1155.00,1240000,0
IHG.L,20100610,1105.00,1148.00,1105.00,1141.00,1321800,0
IHG.L,20100609,1085.00,1110.00,1085.00,1109.00,1339600,0
IHG.L,20100608,1090.00,1093.00,1058.00,1067.00,1645900,0
IHG.L,20100607,1084.00,1110.00,1075.00,1087.00,3017600,0
IHG.L,20100604,1145.00,1151.00,1095.00,1099.00,1799900,0
IHG.L,20100603,1127.00,1150.00,1119.00,1142.00,1082900,0
IHG.L,20100602,1089.00,1109.00,1078.00,1109.00,1127400,0
IHG.L,20100601,1094.00,1102.00,1065.00,1094.00,833300,0
IHG.L,20100528,1096.00,1108.00,1087.00,1094.00,951600,0
IHG.L,20100527,1065.00,1092.00,1053.00,1088.00,1378900,0
IHG.L,20100526,1044.00,1079.00,1033.00,1063.00,1979000,0
IHG.L,20100525,1049.00,1059.00,1018.00,1023.00,2099900,0
IHG.L,20100524,1081.00,1091.00,1071.00,1083.00,1036300,0
IHG.L,20100521,1071.00,1096.00,1057.00,1076.00,2525900,0
IHG.L,20100520,1120.00,1127.00,1060.00,1077.00,2629800,0
IHG.L,20100519,1123.00,1141.00,1112.00,1115.00,2425800,0
IHG.L,20100518,1142.00,1151.00,1126.00,1137.00,1548900,0
IHG.L,20100517,1119.00,1140.00,1110.00,1128.00,1175600,0
IHG.L,20100514,1137.00,1145.00,1126.00,1131.00,1681700,0
IHG.L,20100513,1150.00,1153.00,1133.00,1141.00,888900,0
IHG.L,20100512,1094.00,1144.00,1091.00,1139.00,1133200,0
IHG.L,20100511,1102.00,1116.00,1069.00,1102.00,1396700,0
IHG.L,20100510,1047.00,1107.00,1035.00,1106.00,2458600,0
IHG.L,20100507,1047.00,1069.00,1010.00,1028.00,3114900,0
IHG.L,20100506,1082.00,1110.00,1076.00,1076.00,1742600,0
IHG.L,20100505,1122.00,1122.00,1088.00,1093.00,1218700,0
IHG.L,20100504,1169.00,1172.00,1118.00,1120.00,1780000,0
IHG.L,20100430,1137.00,1175.00,1137.00,1159.00,1992500,0
IHG.L,20100429,1069.00,1139.00,1069.00,1136.00,2248900,0
IHG.L,20100428,1079.00,1086.00,1063.00,1071.00,1462400,0
IHG.L,20100427,1120.00,1123.00,1084.00,1084.00,2088000,0
IHG.L,20100426,1137.00,1162.00,1129.00,1130.00,1713000,0
IHG.L,20100423,1075.00,1130.00,1074.00,1122.00,1918600,0
IHG.L,20100422,1058.00,1080.00,1048.00,1075.00,2031500,0
IHG.L,20100421,1050.00,1059.00,1046.00,1054.00,941200,0
IHG.L,20100420,1042.00,1049.00,1036.00,1046.00,609800,0
IHG.L,20100419,1047.00,1047.00,1030.00,1038.00,648000,0
IHG.L,20100416,1057.00,1070.00,1049.00,1049.00,984900,0
IHG.L,20100415,1052.00,1067.00,1051.00,1066.00,669500,0
IHG.L,20100414,1057.00,1060.00,1043.00,1048.00,1372500,0
IHG.L,20100413,1062.00,1062.00,1048.00,1054.00,992700,0
IHG.L,20100412,1061.00,1066.00,1054.00,1062.00,541600,0
IHG.L,20100409,1044.00,1067.00,1044.00,1059.00,1214800,0
IHG.L,20100408,1050.00,1053.00,1026.00,1033.00,998800,0
IHG.L,20100407,1066.00,1072.00,1050.00,1053.00,1216500,0
IHG.L,20100406,1044.00,1065.00,1043.00,1065.00,1486700,0
IHG.L,20100401,1035.00,1052.00,1032.00,1045.00,903100,0
IHG.L,20100331,1041.00,1056.00,1026.00,1032.00,1123800,0
IHG.L,20100330,1043.00,1052.00,1027.00,1043.00,1904800,0
IHG.L,20100329,1047.00,1056.00,1034.00,1036.00,1275500,0
IHG.L,20100326,1034.00,1048.00,1030.00,1046.00,727800,0
IHG.L,20100325,1021.00,1043.00,1020.00,1040.00,999800,0
IHG.L,20100324,1024.00,1034.00,1015.00,1019.00,1183600,0
IHG.L,20100323,1021.00,1043.00,1018.00,1040.00,1217900,0
IHG.L,20100322,1019.00,1020.00,1004.00,1019.00,945000,0
IHG.L,20100319,997.50,1023.00,997.00,1019.00,2253500,0
IHG.L,20100318,997.00,1008.00,989.50,1003.00,584500,0
IHG.L,20100317,998.50,1000.00,992.25,998.50,1006700,0
IHG.L,20100316,993.50,1000.00,985.00,992.50,780100,0
IHG.L,20100315,990.50,993.50,980.00,985.00,580000,0
IHG.L,20100312,990.00,992.50,984.50,990.00,937000,0
IHG.L,20100311,972.50,990.00,972.50,989.00,1161600,0
IHG.L,20100310,959.00,975.50,959.00,973.50,1162700,0
IHG.L,20100309,958.00,963.00,951.50,960.00,943000,0
IHG.L,20100308,965.00,967.50,958.00,959.00,877300,0
IHG.L,20100305,954.50,966.00,950.00,961.50,877000,0
IHG.L,20100304,949.50,959.00,948.00,953.00,1802300,0
IHG.L,20100303,970.00,985.00,953.50,953.50,2461800,0
IHG.L,20100302,949.50,984.00,945.00,975.00,2111500,0
IHG.L,20100301,929.50,948.50,921.00,946.00,1318200,0
IHG.L,20100226,921.50,923.00,910.50,920.00,1833800,0
IHG.L,20100225,906.00,921.00,901.00,909.50,1716200,0
IHG.L,20100224,908.50,917.50,902.50,908.50,1405600,0
IHG.L,20100223,915.50,920.00,905.00,908.50,1196100,0
IHG.L,20100222,920.00,923.00,909.50,911.00,1067600,0
IHG.L,20100219,899.50,919.50,895.50,917.00,2178200,0
IHG.L,20100218,902.50,910.00,894.00,904.50,1716300,0
IHG.L,20100217,897.50,906.00,842.00,901.50,3235000,0
IHG.L,20100216,928.50,928.50,882.00,893.00,2677100,0
IHG.L,20100215,918.00,929.00,915.50,920.00,933400,0
IHG.L,20100212,915.00,925.00,908.50,915.00,2460800,0
IHG.L,20100211,912.00,920.00,899.50,907.50,1365900,0
IHG.L,20100210,903.00,918.00,895.50,910.50,1071000,0
IHG.L,20100209,891.50,905.50,891.50,900.00,1803400,0
IHG.L,20100208,889.50,898.50,879.50,893.00,1549900,0
IHG.L,20100205,894.00,894.00,874.50,887.00,2495200,0
IHG.L,20100204,897.50,905.00,883.00,888.50,2008600,0
IHG.L,20100203,914.50,918.00,896.00,898.00,2084300,0
IHG.L,20100202,907.00,928.50,899.50,916.00,1870800,0
IHG.L,20100201,898.50,912.50,894.50,904.00,2224300,0
IHG.L,20100129,909.00,913.50,898.00,900.50,1697700,0
IHG.L,20100128,928.50,931.00,903.00,903.00,2077600,0
IHG.L,20100127,929.00,941.50,917.00,919.50,1790700,0
IHG.L,20100126,917.50,935.50,911.50,935.50,758900,0
IHG.L,20100125,911.00,930.00,906.00,921.00,761200,0
IHG.L,20100122,929.50,933.50,914.00,915.50,1555900,0
IHG.L,20100121,937.00,950.00,928.00,930.00,1512600,0
IHG.L,20100120,937.50,948.00,930.00,934.00,1179100,0
IHG.L,20100119,931.00,941.00,918.50,937.00,919100,0
IHG.L,20100118,920.00,933.50,915.00,932.00,511200,0
IHG.L,20100115,917.50,935.00,912.50,919.50,2856200,0
IHG.L,20100114,917.50,924.00,912.00,917.50,770300,0
IHG.L,20100113,906.00,917.50,905.50,914.00,689600,0
IHG.L,20100112,926.00,927.00,904.50,910.50,697800,0
IHG.L,20100111,925.00,939.50,924.00,926.50,1076400,0
IHG.L,20100108,900.50,923.00,900.00,921.50,948700,0
IHG.L,20100107,898.50,908.50,889.50,903.50,626700,0
IHG.L,20100106,901.00,903.50,889.50,898.50,501900,0
IHG.L,20100105,902.50,904.00,888.50,901.50,1347300,0
IHG.L,20100104,880.00,907.00,878.00,904.50,1087000,0
IHG.L,20091231,895.50,904.00,891.50,893.00,101500,0
IHG.L,20091230,903.00,907.50,891.00,895.50,284700,0
IHG.L,20091229,900.00,910.50,897.00,900.50,427400,0
IHG.L,20091224,892.00,900.00,891.50,900.00,84500,0
IHG.L,20091223,892.50,898.00,886.00,896.50,670200,0
IHG.L,20091222,890.50,899.00,881.00,888.00,472500,0
IHG.L,20091221,872.50,898.00,869.00,891.00,674700,0
IHG.L,20091218,884.50,890.00,867.00,867.00,1426500,0
IHG.L,20091217,880.50,890.50,877.00,880.50,857400,0
IHG.L,20091216,887.50,893.50,882.50,885.00,3738300,0
IHG.L,20091215,902.00,906.50,883.00,889.00,1913100,0
IHG.L,20091214,914.50,926.50,895.50,897.00,1678000,0
IHG.L,20091211,887.00,909.00,887.00,903.50,1141500,0
IHG.L,20091210,880.00,892.00,872.50,890.50,1242800,0
IHG.L,20091209,869.50,899.00,869.00,883.50,2209700,0
IHG.L,20091208,861.50,878.50,859.00,870.50,1194700,0
IHG.L,20091207,872.00,875.00,858.50,869.50,727400,0
IHG.L,20091204,869.50,878.50,852.50,870.50,932800,0
IHG.L,20091203,864.50,882.00,862.50,869.50,1153400,0
IHG.L,20091202,853.50,861.00,847.00,855.00,1385800,0
IHG.L,20091201,848.50,857.00,846.00,856.00,847400,0
IHG.L,20091130,844.00,845.50,830.50,841.50,1492000,0
IHG.L,20091127,805.50,843.00,803.00,840.00,2052000,0
IHG.L,20091126,847.50,855.00,808.50,814.50,1195200,0
IHG.L,20091125,853.50,857.00,843.00,850.00,1254100,0
IHG.L,20091124,846.00,858.00,841.50,844.00,1604100,0
IHG.L,20091123,835.00,852.50,833.00,846.00,892800,0
IHG.L,20091120,835.50,841.50,814.00,824.00,1494400,0
IHG.L,20091119,845.50,849.00,829.00,833.50,1637000,0
IHG.L,20091118,858.50,863.50,847.00,849.50,836200,0
IHG.L,20091117,856.50,869.50,849.00,857.00,2009300,0
IHG.L,20091116,861.00,865.50,851.00,855.50,1206900,0
IHG.L,20091113,840.50,871.00,839.00,857.35,2682200,0
IHG.L,20091112,833.00,841.50,826.00,838.00,1472800,0
IHG.L,20091111,829.50,839.00,821.50,832.00,1460200,0
IHG.L,20091110,842.00,868.50,812.00,825.00,3254300,0
IHG.L,20091109,835.00,843.00,831.00,842.50,645100,0
IHG.L,20091106,820.50,831.50,815.50,823.98,2098900,0
IHG.L,20091105,809.50,824.50,800.00,817.50,1081700,0
IHG.L,20091104,793.50,823.50,793.00,819.50,1453300,0
IHG.L,20091103,795.00,800.50,770.00,797.00,1845600,0
IHG.L,20091102,784.00,803.00,779.00,800.00,1824800,0
IHG.L,20091030,795.50,808.00,778.50,785.00,1933600,0
IHG.L,20091029,765.00,800.00,764.50,797.00,1412900,0
IHG.L,20091028,785.00,785.00,762.50,763.50,2371200,0
IHG.L,20091027,802.00,807.00,779.00,785.50,1546100,0
IHG.L,20091026,815.50,825.00,798.00,802.50,1079200,0
IHG.L,20091023,827.50,834.00,809.00,811.50,1297700,0
IHG.L,20091022,839.50,840.50,807.50,819.00,2015900,0
IHG.L,20091021,838.50,849.50,826.00,838.71,1577500,0
IHG.L,20091020,854.50,858.00,833.00,834.00,1003900,0
IHG.L,20091019,837.50,854.50,831.50,853.00,615800,0
IHG.L,20091016,862.00,862.00,831.00,836.00,1863400,0
IHG.L,20091015,845.00,869.50,844.00,857.00,2895900,0
IHG.L,20091014,832.50,848.00,831.50,840.50,1058400,0
IHG.L,20091013,829.00,836.00,819.00,823.00,1189200,0
IHG.L,20091012,825.00,833.00,810.00,823.50,572100,0
IHG.L,20091009,807.00,830.50,803.00,823.50,2119900,0
IHG.L,20091008,829.00,841.00,797.50,811.50,3205600,0
IHG.L,20091007,829.00,843.00,819.00,825.50,3023000,0
IHG.L,20091006,783.50,806.50,778.50,799.00,1399800,0
IHG.L,20091005,772.00,783.50,764.00,783.00,1476500,0
IHG.L,20091002,795.00,799.00,769.00,771.50,1751500,0
IHG.L,20091001,809.00,824.50,801.00,804.50,1930200,0
IHG.L,20090930,831.50,839.00,803.50,812.50,1556900,0
IHG.L,20090929,822.50,828.00,813.00,825.00,749900,0
IHG.L,20090928,800.50,816.50,793.00,813.00,1313400,0
IHG.L,20090925,813.00,818.50,804.00,804.00,1282500,0
IHG.L,20090924,826.00,829.50,807.50,809.00,1312300,0
IHG.L,20090923,820.00,839.50,819.50,825.50,1568000,0
IHG.L,20090922,817.50,833.00,814.50,820.00,947200,0
IHG.L,20090921,819.00,832.50,806.00,810.50,1392700,0
IHG.L,20090918,826.00,832.00,817.00,824.00,1936400,0
IHG.L,20090917,830.50,838.50,811.50,823.50,1246700,0
IHG.L,20090916,794.00,828.00,786.00,826.50,1636900,0
IHG.L,20090915,794.00,802.50,786.00,790.00,744000,0
IHG.L,20090914,788.00,792.00,779.00,790.00,989000,0
IHG.L,20090911,788.50,806.50,788.50,796.50,1307200,0
IHG.L,20090910,797.00,797.50,785.50,790.50,1459500,0
IHG.L,20090909,803.00,815.50,795.00,797.50,2019700,0
IHG.L,20090908,784.00,828.50,784.00,810.00,3763400,0
IHG.L,20090907,747.00,770.00,737.50,768.00,738800,0
IHG.L,20090904,738.00,753.00,738.00,743.00,897400,0
IHG.L,20090903,728.00,744.50,728.00,738.50,1258300,0
IHG.L,20090902,742.00,746.00,721.00,730.50,1686600,0
IHG.L,20090901,765.50,775.00,735.00,746.00,1469100,0
IHG.L,20090828,764.00,779.00,759.00,765.50,1424000,0
IHG.L,20090827,772.50,785.00,758.00,761.50,1700000,0
IHG.L,20090826,780.50,788.00,765.00,770.50,1680900,0
IHG.L,20090825,771.50,787.00,766.50,783.00,1058800,0
IHG.L,20090824,777.50,795.50,777.50,781.50,1784700,0
IHG.L,20090821,741.50,780.50,731.00,775.50,762700,0
IHG.L,20090820,736.50,747.00,732.50,744.50,730800,0
IHG.L,20090819,722.50,733.00,718.50,733.00,355900,0
IHG.L,20090818,703.50,725.50,700.00,725.50,602900,0
IHG.L,20090817,718.50,725.00,697.50,701.00,474300,0
IHG.L,20090814,719.50,740.50,712.00,723.00,270500,0
IHG.L,20090813,719.50,732.00,717.50,726.50,618600,0
IHG.L,20090812,735.00,738.50,718.50,721.00,362700,0
IHG.L,20090811,764.00,764.00,725.00,728.00,280500,0
IHG.L,20090810,742.00,768.50,739.00,758.00,229600,0
IHG.L,20090807,744.00,748.00,727.00,746.00,925400,0
IHG.L,20090806,725.50,752.50,723.00,742.00,321600,0
IHG.L,20090805,688.50,732.00,688.00,722.00,676100,0
IHG.L,20090804,690.00,690.00,671.50,685.50,388800,0
IHG.L,20090803,680.50,693.50,678.00,688.50,484300,0
IHG.L,20090731,666.00,687.50,665.50,679.00,306900,0
IHG.L,20090730,643.50,675.00,639.50,669.50,350900,0
IHG.L,20090729,632.50,647.50,632.50,643.90,383800,0
IHG.L,20090728,636.00,644.50,629.00,632.00,260000,0
IHG.L,20090727,651.50,654.50,632.00,637.50,209100,0
IHG.L,20090724,639.50,652.00,636.00,646.00,142100,0
IHG.L,20090723,641.50,643.50,622.50,638.50,295900,0
IHG.L,20090722,641.50,643.50,632.50,638.50,525700,0
IHG.L,20090721,639.00,644.50,631.50,638.50,1096000,0
IHG.L,20090720,626.00,637.50,619.00,636.00,414300,0
IHG.L,20090717,624.50,626.50,604.00,621.00,539200,0
IHG.L,20090716,633.50,637.00,617.50,621.50,883400,0
IHG.L,20090715,616.50,635.00,616.50,631.00,589900,0
IHG.L,20090714,614.00,621.00,610.00,618.50,220300,0
IHG.L,20090713,599.50,614.50,597.00,612.16,205600,0
IHG.L,20090710,600.00,611.00,592.50,598.50,198700,0
IHG.L,20090709,596.00,609.50,584.50,602.46,279900,0
IHG.L,20090708,605.50,609.50,590.00,592.00,704200,0
IHG.L,20090707,616.50,620.00,606.00,608.66,361500,0
IHG.L,20090706,603.00,615.00,597.00,611.00,357700,0
IHG.L,20090703,620.00,624.50,607.00,612.00,324500,0
IHG.L,20090702,633.00,640.00,619.00,621.51,308600,0
IHG.L,20090701,622.50,642.00,620.00,638.50,388100,0
IHG.L,20090630,640.50,640.50,622.50,623.00,816400,0
IHG.L,20090629,618.00,642.00,618.00,637.50,500500,0
IHG.L,20090626,629.00,641.50,614.50,619.00,252500,0
IHG.L,20090625,624.50,627.00,606.50,625.50,291700,0
IHG.L,20090624,606.00,627.50,598.00,624.71,631800,0
IHG.L,20090623,593.00,606.00,592.00,599.00,200600,0
IHG.L,20090622,620.00,620.50,595.00,596.00,614500,0
IHG.L,20090619,598.00,625.50,598.00,623.00,2288200,0
IHG.L,20090618,615.50,621.00,589.00,599.50,516500,0
IHG.L,20090617,634.00,640.50,614.00,616.50,529500,0
IHG.L,20090616,640.50,645.00,628.00,638.00,831800,0
IHG.L,20090615,661.00,661.00,636.50,637.50,982500,0
IHG.L,20090612,666.00,672.50,656.00,661.50,220700,0
IHG.L,20090611,662.00,669.00,655.00,663.00,267500,0
IHG.L,20090610,670.00,677.50,661.00,665.00,153900,0
IHG.L,20090609,666.00,682.50,654.50,659.00,231000,0
IHG.L,20090608,665.00,670.00,659.00,667.50,138400,0
IHG.L,20090605,662.00,673.00,660.00,671.50,631000,0
IHG.L,20090604,663.50,672.50,647.50,660.50,296700,0
IHG.L,20090603,675.50,676.00,658.50,665.50,243500,0
IHG.L,20090602,676.00,682.50,662.00,672.00,203000,0
IHG.L,20090601,666.50,684.50,660.50,682.00,412700,0
IHG.L,20090529,673.00,678.50,653.50,653.50,687100,0
IHG.L,20090528,669.00,674.50,656.00,665.00,794200,0
IHG.L,20090527,639.00,682.00,639.00,675.00,687300,0
IHG.L,20090526,628.00,642.00,617.50,637.00,190500,0
IHG.L,20090522,642.50,645.00,626.50,630.00,162500,0
IHG.L,20090521,656.00,659.00,634.00,639.00,512700,0
IHG.L,20090520,663.00,680.50,659.50,661.50,198400,0
IHG.L,20090519,661.00,677.00,650.00,663.00,218800,0
IHG.L,20090518,634.50,655.00,623.50,652.00,323900,0
IHG.L,20090515,655.50,655.50,632.50,639.00,396600,0
IHG.L,20090514,633.50,650.50,627.00,647.00,379000,0
IHG.L,20090513,666.50,667.50,630.50,635.00,789600,0
IHG.L,20090512,640.00,703.50,640.00,675.00,2590800,0
IHG.L,20090511,660.00,660.00,638.50,658.50,545400,0
IHG.L,20090508,676.50,685.00,653.00,664.00,577200,0
IHG.L,20090507,687.00,736.00,685.50,689.50,482600,0
IHG.L,20090506,663.00,696.00,663.00,688.00,492800,0
IHG.L,20090505,647.00,690.00,647.00,669.50,732800,0
IHG.L,20090501,634.50,650.00,620.50,626.00,355200,0
IHG.L,20090430,659.50,673.00,638.00,647.00,1295300,0
IHG.L,20090429,634.50,661.00,632.50,660.00,619100,0
IHG.L,20090428,624.50,635.00,615.50,632.50,571200,0
IHG.L,20090427,652.00,652.00,632.00,643.50,705000,0
IHG.L,20090424,640.00,675.00,640.00,672.00,321500,0
IHG.L,20090423,611.50,650.00,607.50,634.00,2338600,0
IHG.L,20090422,613.00,632.50,608.50,615.00,796300,0
IHG.L,20090421,607.50,624.00,595.00,616.50,879900,0
IHG.L,20090420,659.50,659.50,606.00,612.50,918600,0
IHG.L,20090417,644.00,662.00,633.50,658.00,4349400,0
IHG.L,20090416,615.00,650.00,605.00,643.50,3618600,0
IHG.L,20090415,587.50,621.00,575.50,606.00,3372000,0
IHG.L,20090414,579.00,605.50,578.50,593.00,2575400,0
IHG.L,20090409,572.00,595.50,564.00,589.00,2466800,0
IHG.L,20090408,554.00,577.00,554.00,571.50,2119900,0
IHG.L,20090407,589.00,594.50,562.50,565.00,4240300,0
IHG.L,20090406,610.50,617.50,588.00,601.00,5367700,0
IHG.L,20090403,607.00,619.00,597.00,612.00,3245400,0
IHG.L,20090402,573.00,608.00,567.50,604.00,4886700,0
IHG.L,20090401,527.00,562.50,520.00,559.00,3306500,0
IHG.L,20090331,509.00,535.00,509.00,531.00,3050700,0
IHG.L,20090330,506.50,512.00,497.00,503.50,2254900,0
IHG.L,20090327,520.00,529.50,518.00,519.00,2812300,0
IHG.L,20090326,527.00,530.00,510.00,520.50,2674900,0
IHG.L,20090325,535.00,535.50,523.50,532.00,2945500,0
IHG.L,20090324,569.50,573.00,538.50,555.00,3146700,0
IHG.L,20090323,552.00,562.50,544.00,559.50,2225200,0
IHG.L,20090320,551.50,555.50,538.00,547.50,4367800,0
IHG.L,20090319,514.00,559.50,512.00,554.00,8120200,0
IHG.L,20090318,516.00,520.50,508.00,512.50,4219900,0
IHG.L,20090317,497.25,508.00,491.00,508.00,2716500,0
IHG.L,20090316,495.50,506.00,490.75,501.50,2353700,0
IHG.L,20090313,475.25,494.00,475.25,489.75,3925000,0
IHG.L,20090312,472.00,473.00,446.50,469.75,6675200,0
IHG.L,20090311,474.75,483.00,458.00,475.00,4760800,0
IHG.L,20090310,442.75,477.25,437.50,474.00,4282800,0
IHG.L,20090309,448.75,448.75,433.75,446.00,2968500,0
IHG.L,20090306,455.00,463.00,443.50,448.00,4156200,0
IHG.L,20090305,475.75,476.00,457.25,457.25,3604300,0
IHG.L,20090304,463.00,476.00,459.00,475.00,4153600,0
IHG.L,20090303,467.25,476.25,455.75,459.00,2718600,0
IHG.L,20090302,477.25,481.00,464.75,466.75,3804900,0
IHG.L,20090227,485.75,486.00,475.00,483.75,4886300,0
IHG.L,20090226,474.50,497.25,468.00,489.50,4567400,0
IHG.L,20090225,474.00,489.50,464.00,473.00,5485300,0
IHG.L,20090224,454.50,472.00,454.00,468.75,4804300,0
IHG.L,20090223,463.00,465.75,451.50,454.25,3419200,0
IHG.L,20090220,474.00,477.25,455.00,457.00,3872500,0
IHG.L,20090219,482.00,487.25,475.50,479.75,5601300,0
IHG.L,20090218,485.00,492.50,475.00,481.25,7203100,0
IHG.L,20090217,475.00,493.25,470.00,487.25,7343600,0
IHG.L,20090216,472.00,485.00,470.00,475.00,2297600,0
IHG.L,20090213,507.00,510.50,479.00,486.25,7815800,0
IHG.L,20090212,529.50,533.00,492.25,499.25,6609500,0
IHG.L,20090211,535.00,536.50,519.50,532.00,1974100,0
IHG.L,20090210,554.00,555.00,536.00,536.00,2035700,0
IHG.L,20090209,559.50,568.00,550.50,557.50,2012500,0
IHG.L,20090206,530.00,564.00,529.00,559.00,4312600,0
IHG.L,20090205,513.50,526.50,507.00,517.50,2355300,0
IHG.L,20090204,525.00,532.00,518.50,523.50,2507600,0
IHG.L,20090203,514.00,525.00,507.00,521.50,1752800,0
IHG.L,20090202,516.00,522.50,508.00,514.00,1888800,0
IHG.L,20090130,534.50,546.00,515.50,525.00,2829600,0
IHG.L,20090129,547.50,555.00,513.50,532.00,3192200,0
IHG.L,20090128,533.50,557.50,528.00,554.00,2837400,0
IHG.L,20090127,520.50,530.00,512.00,528.00,2276600,0
IHG.L,20090126,520.00,527.00,501.50,521.00,3246500,0
IHG.L,20090123,524.50,527.50,507.00,517.50,1571700,0
IHG.L,20090122,533.00,540.00,520.50,524.50,2251400,0
IHG.L,20090121,507.50,532.00,495.50,523.50,3493400,0
IHG.L,20090120,546.50,549.50,504.50,516.50,2634600,0
IHG.L,20090119,567.00,567.00,534.00,546.00,1065400,0
IHG.L,20090116,550.00,567.50,534.00,555.50,2583100,0
IHG.L,20090115,551.00,559.50,530.00,535.00,1720200,0
IHG.L,20090114,591.00,591.00,544.50,554.50,1898500,0
IHG.L,20090113,598.00,603.50,571.00,584.00,1709900,0
IHG.L,20090112,611.00,624.50,592.00,602.00,1664000,0
IHG.L,20090109,604.00,616.00,588.50,613.50,2254300,0
IHG.L,20090108,604.50,619.00,578.50,596.00,1658800,0
IHG.L,20090107,620.00,631.50,600.50,604.00,2259100,0
IHG.L,20090106,628.50,628.50,612.00,622.00,2017600,0
IHG.L,20090105,603.00,623.50,602.00,615.50,1138600,0
IHG.L,20090102,565.00,600.50,543.50,597.50,975600,0
IHG.L,20081231,574.50,580.00,562.00,562.00,168600,0
IHG.L,20081230,569.50,569.50,550.50,565.00,744700,0
IHG.L,20081229,562.00,577.50,548.00,563.50,2038200,0
IHG.L,20081224,585.00,585.00,544.00,558.50,182100,0
IHG.L,20081223,560.50,575.50,558.00,572.00,834100,0
IHG.L,20081222,564.00,564.00,544.00,558.50,947000,0
IHG.L,20081219,562.00,571.00,535.00,562.00,1720400,0
IHG.L,20081218,571.00,582.00,562.50,568.00,2018100,0
IHG.L,20081217,571.50,577.50,554.50,570.00,1686200,0
IHG.L,20081216,561.50,583.50,553.00,564.00,1526500,0
IHG.L,20081215,560.00,563.50,551.00,559.50,1055600,0
IHG.L,20081212,555.00,566.50,540.50,557.00,1293100,0
IHG.L,20081211,566.00,584.50,557.00,574.50,1854500,0
IHG.L,20081210,567.00,567.00,537.50,565.00,1676700,0
IHG.L,20081209,529.00,578.50,517.50,564.00,2494400,0
IHG.L,20081208,541.00,545.50,520.50,537.00,1737200,0
IHG.L,20081205,527.50,531.50,494.75,504.00,1682400,0
IHG.L,20081204,511.50,552.00,507.00,529.50,2071300,0
IHG.L,20081203,518.00,528.00,497.00,517.00,1791100,0
IHG.L,20081202,490.75,524.50,478.50,520.00,2591800,0
IHG.L,20081201,529.00,532.00,491.50,495.50,1841600,0
IHG.L,20081128,520.00,528.50,510.50,527.50,879200,0
IHG.L,20081127,506.50,521.50,505.50,517.00,642800,0
IHG.L,20081126,495.50,509.00,491.25,501.50,1207000,0
IHG.L,20081125,480.50,514.00,467.50,500.00,3118500,0
IHG.L,20081124,453.50,483.75,450.00,482.25,2561800,0
IHG.L,20081121,459.50,464.50,437.00,447.50,2244000,0
IHG.L,20081120,468.50,469.25,451.00,460.25,3256800,0
IHG.L,20081119,486.25,487.50,473.50,477.50,2267400,0
IHG.L,20081118,473.00,482.50,460.00,482.25,2288000,0
IHG.L,20081117,483.00,497.00,468.75,472.00,1280200,0
IHG.L,20081114,495.50,509.50,482.25,488.50,2078700,0
IHG.L,20081113,482.75,493.50,472.50,482.00,1783200,0
IHG.L,20081112,509.00,511.50,478.50,487.25,2248800,0
IHG.L,20081111,520.00,521.00,495.00,499.00,3588000,0
IHG.L,20081110,550.00,551.00,534.50,540.00,3917200,0
IHG.L,20081107,550.00,558.50,539.00,542.50,2878200,0
IHG.L,20081106,565.00,570.00,525.50,545.00,2604100,0
IHG.L,20081105,577.50,595.50,561.00,586.50,2115000,0
IHG.L,20081104,542.00,579.00,528.50,577.00,4032600,0
IHG.L,20081103,535.50,542.50,524.00,536.00,2155900,0
IHG.L,20081031,536.50,536.50,502.00,526.50,3153000,0
IHG.L,20081030,517.50,532.50,500.00,532.50,2903400,0
IHG.L,20081029,504.00,519.50,491.00,504.50,3087800,0
IHG.L,20081028,484.00,498.00,467.00,482.25,3758200,0
IHG.L,20081027,491.75,493.00,466.00,472.25,3129600,0
IHG.L,20081024,527.50,527.50,480.25,508.00,5090700,0
IHG.L,20081023,550.50,550.50,517.00,542.50,4508200,0
IHG.L,20081022,536.00,549.00,528.00,536.00,2174800,0
IHG.L,20081021,550.00,551.50,533.00,539.00,2721700,0
IHG.L,20081020,558.00,569.50,525.50,550.50,3606000,0
IHG.L,20081017,564.00,571.50,529.50,542.00,4440200,0
IHG.L,20081016,550.00,559.00,530.00,544.50,3979000,0
IHG.L,20081015,604.50,604.50,564.00,569.00,4235500,0
IHG.L,20081014,634.00,667.50,575.00,600.50,2596800,0
IHG.L,20081013,625.50,625.50,582.00,610.50,6276800,0
IHG.L,20081010,554.50,587.50,536.00,574.50,3352200,0
IHG.L,20081009,608.00,631.00,593.50,598.00,3396200,0
IHG.L,20081008,601.50,648.00,580.00,593.00,2682400,0
IHG.L,20081007,623.00,656.00,596.00,622.00,2014900,0
IHG.L,20081006,638.50,638.50,600.00,615.50,2148300,0
IHG.L,20081003,644.00,664.00,625.50,654.50,3183400,0
IHG.L,20081002,674.00,686.00,637.50,642.00,3893000,0
IHG.L,20081001,695.00,703.00,668.00,675.00,3246400,0
IHG.L,20080930,655.50,702.00,650.50,688.00,3677800,0
IHG.L,20080929,684.00,697.50,659.50,670.00,3490800,0
IHG.L,20080926,681.00,698.00,670.00,691.00,3951600,0
IHG.L,20080925,692.50,713.00,680.00,690.00,3210500,0
IHG.L,20080924,711.00,715.00,678.50,688.50,5521800,0
IHG.L,20080923,727.00,737.00,701.00,707.50,3764600,0
IHG.L,20080922,774.00,774.00,734.00,739.50,2017000,0
IHG.L,20080919,740.00,801.50,731.00,766.00,5184500,0
IHG.L,20080918,709.50,732.00,687.00,694.50,4536500,0
IHG.L,20080917,736.00,740.00,690.00,696.00,4805300,0
IHG.L,20080916,739.50,770.50,716.50,733.00,5135900,0
IHG.L,20080915,742.00,762.50,725.00,753.00,2135200,0
IHG.L,20080912,778.00,778.00,746.00,762.00,2312500,0
IHG.L,20080911,763.00,770.00,747.00,762.50,1798100,0
IHG.L,20080910,787.50,787.50,761.50,766.00,3472900,0
IHG.L,20080909,780.00,816.50,774.00,787.00,5561000,0
IHG.L,20080908,766.50,789.50,750.00,770.00,1223300,0
IHG.L,20080905,740.50,751.50,726.50,737.50,2002500,0
IHG.L,20080904,770.50,775.00,745.50,747.00,1289600,0
IHG.L,20080903,768.50,780.00,755.00,772.00,2414100,0
IHG.L,20080902,761.00,792.50,761.00,773.50,3260200,0
IHG.L,20080901,736.50,770.50,725.00,757.50,2055300,0
IHG.L,20080829,733.00,751.00,724.00,744.00,2429000,0
IHG.L,20080828,713.50,739.00,698.00,730.50,1920500,0
IHG.L,20080827,717.50,720.00,696.00,715.00,1765000,0
IHG.L,20080826,719.50,723.50,707.50,719.00,1588500,0
IHG.L,20080822,703.50,736.50,699.50,731.50,1757100,0
IHG.L,20080821,698.00,725.00,688.50,702.50,1518300,0
IHG.L,20080820,711.50,728.50,697.50,705.00,1798700,0
IHG.L,20080819,718.50,723.00,706.50,710.50,2634300,0
IHG.L,20080818,727.50,733.00,715.00,725.00,2673000,0
IHG.L,20080815,747.00,753.00,716.00,725.50,3886900,0
IHG.L,20080814,752.00,762.50,734.50,745.00,1268400,0
IHG.L,20080813,790.00,790.00,736.50,744.50,3223000,0
IHG.L,20080812,733.00,824.00,733.00,773.00,5572200,0
IHG.L,20080811,728.00,755.50,717.00,750.50,2800400,0
IHG.L,20080808,710.00,737.00,709.00,731.00,1846300,0
IHG.L,20080807,722.00,732.00,710.00,719.00,2372800,0
IHG.L,20080806,718.00,745.50,713.00,728.00,2741400,0
IHG.L,20080805,669.00,731.50,669.00,725.00,3433900,0
IHG.L,20080804,648.50,677.50,648.50,668.00,1916600,0
IHG.L,20080801,652.00,682.50,649.00,666.00,2699900,0
IHG.L,20080731,666.50,677.00,654.00,666.00,2410200,0
IHG.L,20080730,674.00,686.00,664.50,671.00,1703300,0
IHG.L,20080729,654.00,684.50,649.00,673.00,2809600,0
IHG.L,20080728,685.00,689.00,664.50,670.00,1919800,0
IHG.L,20080725,681.00,697.00,662.50,689.00,3348500,0
IHG.L,20080724,746.50,750.50,689.50,695.00,4306400,0
IHG.L,20080723,710.00,742.50,702.00,737.00,3134700,0
IHG.L,20080722,693.00,694.50,649.50,691.00,3733000,0
IHG.L,20080721,728.00,728.00,689.50,704.00,3044500,0
IHG.L,20080718,690.00,738.50,681.50,727.50,3851800,0
IHG.L,20080717,668.50,700.50,659.00,693.50,5056200,0
IHG.L,20080716,622.00,647.00,606.50,641.00,2814200,0
IHG.L,20080715,619.50,627.00,594.50,617.50,3651100,0
IHG.L,20080714,630.00,658.50,628.00,630.50,3041500,0
IHG.L,20080711,638.00,655.00,616.00,616.00,3245400,0
IHG.L,20080710,671.00,681.00,635.00,637.00,4234300,0
IHG.L,20080709,666.00,696.50,666.00,686.00,2513000,0
IHG.L,20080708,643.50,657.50,631.50,653.00,1534200,0
IHG.L,20080707,644.50,665.50,638.00,660.50,2069200,0
IHG.L,20080704,658.50,658.50,634.00,635.50,1512900,0
IHG.L,20080703,639.00,664.00,630.00,660.00,2249700,0
IHG.L,20080702,643.50,662.00,640.00,647.50,3742500,0
IHG.L,20080701,666.50,669.00,635.50,647.50,3102500,0
IHG.L,20080630,664.50,678.00,657.50,673.00,1590000,0
IHG.L,20080627,665.50,673.50,653.50,667.50,3304200,0
IHG.L,20080626,707.50,717.50,667.50,669.00,3668700,0
IHG.L,20080625,692.50,719.50,686.00,717.00,2278200,0
IHG.L,20080624,689.50,692.50,675.00,688.00,2990700,0
IHG.L,20080623,688.00,703.00,678.50,693.50,2792800,0
IHG.L,20080620,713.00,718.50,688.00,698.50,3084500,0
IHG.L,20080619,703.50,715.50,701.00,706.00,2515200,0
IHG.L,20080618,728.00,728.00,706.50,711.00,1579900,0
IHG.L,20080617,723.50,742.50,723.50,729.00,2440900,0
IHG.L,20080616,735.00,744.50,714.00,724.00,2309700,0
IHG.L,20080613,727.50,739.00,708.50,734.50,2601000,0
IHG.L,20080612,713.50,735.00,701.00,733.00,4631800,0
IHG.L,20080611,745.00,756.50,713.00,716.50,4281400,0
IHG.L,20080610,751.50,767.50,739.00,744.50,3482800,0
IHG.L,20080606,806.00,813.00,775.00,777.50,4693300,0
IHG.L,20080605,810.00,811.00,793.50,806.00,3884600,0
IHG.L,20080604,800.50,814.00,791.00,810.50,3198000,0
IHG.L,20080603,799.00,803.00,785.00,797.50,4979700,0
IHG.L,20080602,828.50,829.50,799.00,803.50,5459900,0
IHG.L,20080530,814.00,840.00,813.00,832.00,3172700,0
IHG.L,20080529,827.50,831.50,809.00,812.00,2247100,0
IHG.L,20080528,818.00,829.00,803.50,825.50,1842200,0
IHG.L,20080527,817.50,820.00,795.50,811.50,2227300,0
IHG.L,20080523,822.50,822.50,799.50,802.50,2808700,0
IHG.L,20080522,810.50,827.00,805.50,821.00,2062100,0
IHG.L,20080521,836.50,847.00,815.50,820.00,1735000,0
IHG.L,20080520,861.50,861.50,835.00,835.50,1699900,0
IHG.L,20080519,855.00,865.50,846.00,865.00,1138400,0
IHG.L,20080516,860.50,872.50,852.50,854.00,2264900,0
IHG.L,20080515,855.00,855.00,844.00,852.50,991500,0
IHG.L,20080514,856.50,867.00,829.50,855.00,3144800,0
IHG.L,20080513,851.50,863.00,841.50,855.00,1800800,0
IHG.L,20080512,857.00,873.50,843.00,848.50,2112500,0
IHG.L,20080509,843.50,861.00,832.00,853.50,2393100,0
IHG.L,20080508,844.00,850.00,835.00,846.00,2614400,0
IHG.L,20080507,820.50,862.50,820.50,852.00,3179500,0
IHG.L,20080506,830.00,842.50,818.50,825.50,2548400,0
IHG.L,20080502,818.00,837.00,817.50,835.00,3258000,0
IHG.L,20080501,812.00,813.00,791.00,807.00,1079600,0
IHG.L,20080430,809.50,817.50,795.50,811.00,1398600,0
IHG.L,20080429,820.00,820.00,802.50,809.50,2333200,0
IHG.L,20080428,828.00,837.50,818.00,820.00,1672200,0
IHG.L,20080425,802.50,832.00,799.00,828.00,3558900,0
IHG.L,20080424,802.00,802.00,780.00,797.50,3027400,0
IHG.L,20080423,807.50,807.50,791.00,802.00,1938200,0
IHG.L,20080422,811.50,815.00,798.00,803.00,2352900,0
IHG.L,20080421,839.50,850.00,811.50,820.00,1756500,0
IHG.L,20080418,816.50,852.00,809.00,840.50,2598600,0
IHG.L,20080417,807.00,820.50,806.00,811.50,2500200,0
IHG.L,20080416,797.00,811.00,778.00,805.50,2717000,0
IHG.L,20080415,782.00,793.50,771.50,786.00,1688800,0
IHG.L,20080414,779.50,792.00,770.50,779.50,1651700,0
IHG.L,20080411,801.00,808.50,776.50,786.00,1482200,0
IHG.L,20080410,808.50,815.00,785.00,792.00,3070500,0
IHG.L,20080409,823.00,832.50,806.50,807.00,1429600,0
IHG.L,20080408,835.50,845.00,815.50,823.00,1703700,0
IHG.L,20080407,831.50,848.00,825.00,835.50,1964000,0
IHG.L,20080404,813.00,830.00,797.50,830.00,2804600,0
IHG.L,20080403,820.50,826.00,799.00,807.00,2053900,0
IHG.L,20080402,801.50,829.50,798.50,824.00,3734500,0
IHG.L,20080401,753.00,804.50,753.00,802.00,3541100,0
IHG.L,20080331,760.50,767.50,751.00,760.00,1787500,0
IHG.L,20080328,774.50,786.00,767.00,768.50,1685300,0
IHG.L,20080327,789.50,798.50,773.00,777.00,2484000,0
IHG.L,20080326,780.50,791.50,774.50,784.50,2682300,0
IHG.L,20080325,770.00,815.50,770.00,795.00,3653700,0
IHG.L,20080320,759.50,769.50,747.00,752.00,3334600,0
IHG.L,20080319,772.00,773.50,740.50,762.50,2703300,0
IHG.L,20080318,746.00,765.50,732.00,760.00,2408200,0
IHG.L,20080314,773.00,789.00,759.00,768.00,1653700,0
IHG.L,20080313,774.00,785.50,757.00,771.50,2433500,0
IHG.L,20080312,798.50,803.00,780.00,791.00,2885400,0
IHG.L,20080311,771.00,801.50,762.50,779.00,3863100,0
IHG.L,20080310,782.00,791.50,762.00,764.50,2481900,0
IHG.L,20080307,776.00,802.50,761.00,790.00,2425900,0
IHG.L,20080306,800.00,804.00,776.00,780.00,1769400,0
IHG.L,20080305,775.50,806.00,775.00,796.00,3182200,0
IHG.L,20080304,762.00,777.00,753.50,766.50,3024400,0
IHG.L,20080303,756.00,774.00,751.50,762.00,2246500,0
IHG.L,20080229,799.50,811.50,767.00,771.50,2458800,0
IHG.L,20080228,846.50,860.00,803.50,806.00,2775900,0
IHG.L,20080227,851.50,851.50,821.50,847.50,1987300,0
IHG.L,20080226,841.00,851.00,826.50,845.00,1522100,0
IHG.L,20080225,816.00,838.00,816.00,836.00,1528900,0
IHG.L,20080222,819.00,825.00,806.50,811.50,2409600,0
IHG.L,20080221,830.50,838.50,818.00,820.50,2370400,0
IHG.L,20080220,827.50,837.00,807.00,827.00,2380100,0
IHG.L,20080219,770.50,838.00,754.00,828.00,5761800,0
IHG.L,20080218,745.00,776.00,745.00,771.50,1966300,0
IHG.L,20080215,768.00,779.00,737.00,744.00,2863600,0
IHG.L,20080214,776.00,782.50,759.00,769.00,2201200,0
IHG.L,20080213,748.00,773.50,738.00,769.50,2319500,0
IHG.L,20080212,734.50,753.50,725.00,751.00,2810000,0
IHG.L,20080211,733.50,750.50,719.00,724.50,1786000,0
IHG.L,20080208,751.00,757.50,729.50,735.50,2458000,0
IHG.L,20080207,755.00,757.50,735.00,739.00,2009000,0
IHG.L,20080206,741.00,758.00,729.00,757.00,2262100,0
IHG.L,20080205,790.00,790.00,738.50,743.00,3005400,0
IHG.L,20080204,783.00,794.00,776.00,787.00,1351800,0
IHG.L,20080201,786.00,803.00,767.50,780.50,3527600,0
IHG.L,20080131,776.50,790.00,730.50,773.50,4879600,0
IHG.L,20080130,788.50,809.00,772.50,777.50,2717400,0
IHG.L,20080129,775.00,800.50,773.00,796.00,2861300,0
IHG.L,20080128,748.50,775.00,742.00,772.50,3951400,0
IHG.L,20080125,773.00,785.00,750.00,763.00,4770300,0
IHG.L,20080124,739.50,787.50,739.00,753.50,4059900,0
IHG.L,20080123,712.50,735.00,687.00,718.50,6125600,0
IHG.L,20080122,615.00,700.00,612.50,699.00,4140700,0
IHG.L,20080121,668.50,672.50,644.00,644.00,4622200,0
IHG.L,20080118,690.00,714.00,675.00,680.50,5109400,0
IHG.L,20080117,700.00,713.00,685.00,686.50,4097300,0
IHG.L,20080116,695.50,710.00,673.00,694.00,3969600,0
IHG.L,20080115,738.50,744.50,702.00,703.50,2213800,0
IHG.L,20080114,746.50,757.00,729.50,739.50,3646700,0
IHG.L,20080111,698.50,752.00,687.50,747.00,8246400,0
IHG.L,20080110,734.50,736.00,709.00,711.50,6044200,0
IHG.L,20080109,767.50,767.50,716.00,724.50,5054700,0
IHG.L,20080108,778.50,786.00,771.00,775.50,3059000,0
IHG.L,20080107,812.50,814.00,760.00,767.50,3196600,0
IHG.L,20080104,851.00,867.00,813.50,816.50,1852000,0
IHG.L,20080103,852.00,865.50,810.50,861.00,2915100,0
IHG.L,20080102,877.50,886.00,857.00,858.50,3537600,0
IHG.L,20071231,876.50,898.00,875.00,884.00,679100,0
IHG.L,20071228,889.50,889.50,862.50,884.00,2216100,0
IHG.L,20071227,896.50,896.50,879.50,889.00,927500,0
IHG.L,20071224,882.00,893.00,881.50,889.50,196800,0
IHG.L,20071221,886.50,894.00,874.50,882.00,2718900,0
IHG.L,20071220,873.50,885.00,867.00,873.50,2162500,0
IHG.L,20071219,887.00,887.00,863.00,877.00,3211000,0
IHG.L,20071218,884.50,909.50,884.50,897.00,2598700,0
IHG.L,20071217,920.50,920.50,889.50,892.50,2591700,0
IHG.L,20071214,946.00,946.50,920.00,931.00,1159700,0
IHG.L,20071213,958.50,958.50,933.00,933.00,2619500,0
IHG.L,20071212,955.50,980.00,940.00,964.50,2278900,0
IHG.L,20071211,960.50,977.50,960.00,961.50,1853900,0
IHG.L,20071210,947.00,967.00,945.50,962.00,1902000,0
IHG.L,20071207,950.00,975.00,950.00,955.50,1660800,0
IHG.L,20071206,933.50,962.00,933.50,949.50,2332400,0
IHG.L,20071205,920.50,935.00,917.00,935.00,1570500,0
IHG.L,20071204,938.00,948.50,907.50,911.50,2398900,0
IHG.L,20071203,937.50,949.50,935.00,940.00,1820200,0
IHG.L,20071130,942.50,954.00,929.00,933.50,1914400,0
IHG.L,20071129,948.00,957.50,933.00,943.00,2431200,0
IHG.L,20071128,917.00,943.00,915.50,940.00,2529700,0
IHG.L,20071127,914.50,932.00,901.00,914.00,2927000,0
IHG.L,20071126,948.00,948.00,913.00,916.00,2732100,0
IHG.L,20071123,903.00,939.00,903.00,935.00,2352900,0
IHG.L,20071122,913.00,914.50,894.50,904.50,4177400,0
IHG.L,20071121,930.50,937.00,895.00,904.50,4645000,0
IHG.L,20071120,941.00,943.00,909.00,940.50,3075700,0
IHG.L,20071119,942.00,972.00,927.00,931.00,3887300,0
IHG.L,20071116,950.00,957.50,934.00,945.50,2371600,0
IHG.L,20071115,963.50,966.50,949.00,955.50,2926700,0
IHG.L,20071114,970.50,980.00,953.50,957.50,2259200,0
IHG.L,20071113,960.00,970.00,948.00,959.50,3207100,0
IHG.L,20071112,961.50,971.50,948.00,963.00,2515200,0
IHG.L,20071109,992.00,992.00,950.50,961.50,3365800,0
IHG.L,20071108,969.00,993.00,954.00,984.00,4926800,0
IHG.L,20071107,1017.00,1036.00,979.50,988.00,3558100,0
IHG.L,20071106,1068.00,1072.00,1018.00,1025.00,3604100,0
IHG.L,20071105,1058.00,1058.00,1027.00,1050.00,2903400,0
IHG.L,20071102,1106.00,1117.00,1057.00,1061.00,3407400,0
IHG.L,20071101,1116.00,1124.00,1085.00,1106.00,2208400,0
IHG.L,20071031,1099.00,1126.00,1081.00,1120.00,2469500,0
IHG.L,20071030,1111.00,1118.00,1091.00,1092.00,2913300,0
IHG.L,20071029,1123.00,1134.00,1104.00,1110.00,2000800,0
IHG.L,20071026,1109.00,1126.00,1095.00,1117.00,3087800,0
IHG.L,20071025,1051.00,1101.00,1039.00,1095.00,5419800,0
IHG.L,20071024,1042.00,1049.00,1025.00,1034.00,1859800,0
IHG.L,20071023,1035.00,1044.00,1029.00,1036.00,1665100,0
IHG.L,20071022,1014.00,1033.00,1014.00,1021.00,1931400,0
IHG.L,20071019,1051.00,1057.00,1031.00,1036.00,1751000,0
IHG.L,20071018,1052.00,1061.00,1032.00,1048.00,2958900,0
IHG.L,20071017,1036.00,1053.00,1036.00,1046.00,2657500,0
IHG.L,20071016,1036.00,1059.00,1012.00,1037.00,4485900,0
IHG.L,20071015,1061.00,1069.00,1038.00,1038.00,1567700,0
IHG.L,20071012,1066.00,1070.00,1054.00,1065.00,1993300,0
IHG.L,20071011,1083.00,1083.00,1069.00,1073.00,3187200,0
IHG.L,20071010,1077.00,1098.00,1065.00,1078.00,5138300,0
IHG.L,20071009,1070.00,1089.00,1070.00,1078.00,3756600,0
IHG.L,20071008,1053.00,1077.00,1036.00,1073.00,3181900,0
IHG.L,20071005,1015.00,1065.00,1003.00,1055.00,8298600,0
IHG.L,20071004,1017.00,1043.00,1013.00,1015.00,4034900,0
IHG.L,20071003,1019.00,1040.00,1009.00,1020.00,3903600,0
IHG.L,20071002,1001.00,1026.00,995.50,1013.00,4508100,0
IHG.L,20071001,963.00,996.00,963.00,993.50,2742700,0
IHG.L,20070928,944.00,973.50,944.00,970.50,15315500,0
IHG.L,20070927,927.00,950.00,921.50,948.00,5649500,0
IHG.L,20070926,939.50,939.50,917.00,919.00,9546700,0
IHG.L,20070925,959.00,974.50,923.50,931.50,8579100,0
IHG.L,20070924,973.00,981.00,965.00,967.00,3081900,0
IHG.L,20070921,982.00,996.50,972.00,977.50,3462000,0
IHG.L,20070920,985.00,995.50,970.50,990.00,4566300,0
IHG.L,20070919,972.00,989.50,959.00,986.00,9836300,0
IHG.L,20070918,923.00,939.00,913.50,931.00,7058600,0
IHG.L,20070917,960.50,967.00,922.50,928.00,4726800,0
IHG.L,20070914,975.00,990.50,934.00,965.00,5837000,0
IHG.L,20070913,984.50,989.50,975.50,986.50,2667700,0
IHG.L,20070912,975.00,988.00,965.50,981.00,2394800,0
IHG.L,20070911,971.00,976.50,962.00,971.00,2502400,0
IHG.L,20070910,976.50,976.50,951.50,958.00,3510200,0
IHG.L,20070907,997.00,1028.00,965.00,969.50,4760400,0
IHG.L,20070906,995.00,1016.00,982.00,997.00,4632700,0
IHG.L,20070905,1031.00,1047.00,991.00,1000.00,4038900,0
IHG.L,20070904,1042.00,1042.00,1023.00,1035.00,1927100,0
IHG.L,20070903,1047.00,1053.00,1029.00,1038.00,2142200,0
IHG.L,20070831,1036.00,1043.00,1028.00,1037.00,3031500,0
IHG.L,20070830,1056.00,1056.00,1015.00,1035.00,3305200,0
IHG.L,20070829,1019.00,1040.00,1012.00,1036.00,1575300,0
IHG.L,20070828,1070.00,1071.00,1024.00,1029.00,2834800,0
IHG.L,20070824,1068.00,1081.00,1055.00,1065.00,1608400,0
IHG.L,20070823,1062.00,1088.00,1062.00,1068.00,2983800,0
IHG.L,20070822,1030.00,1055.00,1022.00,1051.00,4464300,0
IHG.L,20070821,1040.00,1040.00,995.50,1006.00,3760700,0
IHG.L,20070820,1025.00,1056.00,1025.00,1030.00,1438500,0
IHG.L,20070817,1005.00,1042.00,966.00,1032.00,9049300,0
IHG.L,20070816,1026.00,1029.00,986.50,997.00,4620400,0
IHG.L,20070815,1086.00,1092.00,1034.00,1049.00,4766500,0
IHG.L,20070813,1082.00,1115.00,1081.00,1101.00,2897700,0
IHG.L,20070810,1120.00,1130.00,1047.00,1066.00,5126600,0
IHG.L,20070809,1155.00,1165.00,1089.00,1129.00,7598100,0
IHG.L,20070808,1117.00,1154.00,1094.00,1150.00,5374400,0
IHG.L,20070807,1098.00,1117.00,1090.00,1103.00,3422200,0
IHG.L,20070806,1100.00,1121.00,1087.00,1093.00,4584600,0
IHG.L,20070803,1116.00,1125.00,1099.00,1111.00,2043600,0
IHG.L,20070802,1134.00,1138.00,1106.00,1109.00,5476800,0
IHG.L,20070801,1114.00,1134.00,1093.00,1119.00,4904800,0
IHG.L,20070731,1111.00,1134.00,1111.00,1134.00,3974300,0
IHG.L,20070730,1098.00,1124.00,1087.00,1103.00,4057700,0
IHG.L,20070727,1099.00,1119.00,1072.00,1098.00,7332700,0
IHG.L,20070726,1199.00,1204.00,1109.00,1109.00,6855700,0
IHG.L,20070725,1216.00,1221.00,1191.00,1199.00,4055800,0
IHG.L,20070724,1246.00,1246.00,1212.00,1222.00,2747200,0
IHG.L,20070723,1245.00,1264.00,1241.00,1247.00,1784100,0
IHG.L,20070720,1269.00,1280.00,1248.00,1252.00,2696300,0
IHG.L,20070719,1263.00,1280.00,1251.00,1265.00,2492000,0
IHG.L,20070718,1270.00,1282.00,1255.00,1259.00,1881200,0
IHG.L,20070717,1301.00,1301.00,1276.00,1282.00,982600,0
IHG.L,20070716,1310.00,1310.00,1286.00,1298.00,1628800,0
IHG.L,20070713,1306.00,1314.00,1294.00,1297.00,2139600,0
IHG.L,20070712,1290.00,1297.00,1281.00,1293.00,2955700,0
IHG.L,20070711,1253.00,1300.00,1253.00,1289.00,5626000,0
IHG.L,20070710,1292.00,1295.00,1264.00,1266.00,2261100,0
IHG.L,20070709,1301.00,1301.00,1280.00,1296.00,2419800,0
IHG.L,20070706,1311.00,1317.00,1291.00,1298.00,5730200,0
IHG.L,20070705,1305.00,1318.00,1291.00,1316.00,8313700,0
IHG.L,20070704,1320.00,1339.00,1293.00,1307.00,8374800,0
IHG.L,20070703,1250.00,1262.00,1246.00,1258.00,1516100,0
IHG.L,20070702,1239.00,1253.00,1223.00,1245.00,2428400,0
IHG.L,20070629,1254.00,1261.00,1222.00,1244.00,4084600,0
IHG.L,20070628,1271.00,1274.00,1248.00,1257.00,4469000,0
IHG.L,20070627,1280.00,1291.00,1256.00,1257.00,6182100,0
IHG.L,20070626,1276.00,1297.00,1276.00,1292.00,1604300,0
IHG.L,20070625,1290.00,1292.00,1272.00,1288.00,2400300,0
IHG.L,20070622,1305.00,1308.00,1286.00,1292.00,2633200,0
IHG.L,20070621,1300.00,1312.00,1281.00,1305.00,2133600,0
IHG.L,20070620,1316.00,1325.00,1301.00,1303.00,3411200,0
IHG.L,20070619,1331.00,1337.00,1307.00,1307.00,4729500,0
IHG.L,20070618,1377.00,1377.00,1324.00,1326.00,8562800,0
IHG.L,20070615,1345.00,1367.00,1331.00,1362.00,3525000,0
IHG.L,20070614,1345.00,1347.00,1328.00,1335.00,2709200,0
IHG.L,20070613,1318.00,1337.00,1308.00,1321.00,2770300,0
IHG.L,20070612,1338.00,1338.00,1321.00,1324.00,1359600,0
IHG.L,20070611,1322.00,1347.00,1307.00,1331.00,16544300,0
IHG.L,20070608,1310.00,1321.00,1291.00,1303.00,6321700,0
IHG.L,20070607,1318.00,1374.00,1302.00,1305.00,4301800,0
IHG.L,20070606,1370.00,1377.00,1314.00,1318.00,3056500,0
IHG.L,20070605,1407.00,1424.00,1361.00,1370.00,6595300,0
IHG.L,20070604,1415.00,1417.00,1390.00,1413.00,2414900,0
IHG.L,20070601,1365.00,1404.00,1363.00,1658.55,7588900,0
IHG.L,20070531,1350.00,1364.00,1344.00,1622.81,2398500,0
IHG.L,20070530,1348.00,1355.00,1340.00,1609.70,1978000,0
IHG.L,20070529,1353.00,1360.00,1348.00,1609.70,1636200,0
IHG.L,20070528,1343.00,1343.00,1343.00,1600.17,000,0
IHG.L,20070525,1342.00,1352.00,1337.00,1600.17,6150500,0
IHG.L,20070524,1348.00,1361.00,1345.00,1602.55,2014700,0
IHG.L,20070523,1340.00,1360.00,1340.00,1607.32,2413300,0
IHG.L,20070522,1350.00,1358.00,1340.00,1604.94,4104500,0
IHG.L,20070521,1373.00,1373.00,1331.00,1601.36,4128600,0
IHG.L,20070518,1336.00,1369.00,1336.00,1624.00,5851800,0
IHG.L,20070517,1366.00,1366.00,1333.00,1596.60,5906900,0
IHG.L,20070516,1271.00,1419.00,1264.00,1634.72,25977900,0
IHG.L,20070515,1269.00,1271.00,1262.00,1508.43,9617000,0
IHG.L,20070514,1263.00,1271.00,1252.00,1504.85,9747700,0
IHG.L,20070511,1246.00,1256.00,1238.00,1489.36,4484600,0
IHG.L,20070510,1236.00,1258.00,1232.00,1489.36,3981300,0
IHG.L,20070509,1260.00,1261.00,1237.00,1479.83,2915800,0
IHG.L,20070508,1255.00,1257.00,1240.00,1488.17,2157500,0
IHG.L,20070507,1260.00,1260.00,1260.00,1501.28,000,0
IHG.L,20070504,1253.00,1281.00,1244.00,1501.28,1854700,0
IHG.L,20070503,1235.00,1255.00,1221.00,1488.17,4121400,0
IHG.L,20070502,1235.00,1238.00,1224.00,1471.49,3438800,0
IHG.L,20070501,1209.00,1240.00,1199.00,1463.15,3263600,0
IHG.L,20070430,1213.00,1225.00,1205.00,1448.85,2934200,0
IHG.L,20070427,1226.00,1237.00,1217.00,1457.19,3183100,0
IHG.L,20070426,1233.00,1249.00,1227.00,1467.92,3951600,0
IHG.L,20070425,1229.00,1235.00,1221.00,1456.00,2836600,0
IHG.L,20070424,1240.00,1248.00,1216.00,1453.62,3186500,0
IHG.L,20070423,1223.00,1256.00,1215.00,1479.83,5581100,0
IHG.L,20070420,1263.00,1263.00,1217.00,1458.38,12045900,0
IHG.L,20070419,1269.00,1270.00,1253.00,1495.32,2201700,0
IHG.L,20070418,1286.00,1286.00,1264.00,1519.15,2094900,0
IHG.L,20070417,1297.00,1297.00,1276.00,1527.49,3771000,0
IHG.L,20070416,1305.00,1306.00,1290.00,1541.79,2521100,0
IHG.L,20070413,1265.00,1295.00,1265.00,1541.79,2651900,0
IHG.L,20070412,1261.00,1272.00,1253.00,1512.00,3072900,0
IHG.L,20070411,1276.00,1289.00,1262.00,1508.43,2095600,0
IHG.L,20070410,1291.00,1291.00,1273.00,1526.30,2134300,0
IHG.L,20070409,1284.00,1284.00,1284.00,1529.87,000,0
IHG.L,20070406,1284.00,1284.00,1284.00,1529.87,000,0
IHG.L,20070405,1278.00,1301.00,1275.00,1529.87,3304600,0
IHG.L,20070404,1277.00,1282.00,1260.00,1522.72,3943700,0
IHG.L,20070403,1263.00,1275.00,1260.00,1510.81,1680500,0
IHG.L,20070402,1249.00,1264.00,1249.00,1503.66,2313700,0
IHG.L,20070330,1265.00,1270.00,1256.00,1496.51,1103900,0
IHG.L,20070329,1261.00,1267.00,1254.00,1502.47,2856400,0
IHG.L,20070328,1254.00,1257.00,1245.00,1488.17,1978800,0
IHG.L,20070327,1259.00,1264.00,1246.00,1492.94,2730600,0
IHG.L,20070326,1277.00,1280.00,1251.00,1498.89,2038600,0
IHG.L,20070323,1280.00,1280.00,1251.00,1510.81,2165800,0
IHG.L,20070322,1289.00,1289.00,1266.00,1521.53,6349700,0
IHG.L,20070321,1260.00,1272.00,1251.00,1512.00,4804400,0
IHG.L,20070320,1225.00,1272.00,1215.00,1509.62,8073200,0
IHG.L,20070319,1220.00,1230.00,1216.00,1459.58,2041500,0
IHG.L,20070316,1206.00,1221.00,1200.00,1445.28,3218500,0
IHG.L,20070315,1204.00,1218.00,1188.00,1447.66,3651300,0
IHG.L,20070314,1191.00,1202.00,1181.00,1408.34,3031000,0
IHG.L,20070313,1223.00,1234.00,1210.00,1441.70,2455400,0
IHG.L,20070312,1250.00,1250.00,1227.00,1465.53,2171800,0
IHG.L,20070309,1240.00,1246.00,1225.00,1477.45,2056500,0
IHG.L,20070308,1234.00,1243.00,1220.00,1481.02,2714300,0
IHG.L,20070307,1225.00,1236.00,1215.00,1457.19,3659500,0
IHG.L,20070306,1201.00,1214.00,1195.00,1439.32,3056600,0
IHG.L,20070305,1185.00,1210.00,1166.00,1428.60,4942000,0
IHG.L,20070302,1200.00,1215.00,1181.00,1442.89,5613200,0
IHG.L,20070301,1194.00,1227.00,1185.00,1423.83,8139800,0
IHG.L,20070228,1192.00,1209.00,1179.00,1429.79,7457100,0
IHG.L,20070227,1248.00,1248.00,1200.00,1440.51,8329300,0
IHG.L,20070226,1229.00,1255.00,1220.00,1491.75,3946700,0
IHG.L,20070223,1229.00,1235.00,1215.00,1459.58,5816300,0
IHG.L,20070222,1248.00,1260.00,1230.00,1466.72,7991900,0
IHG.L,20070221,1277.00,1277.00,1244.00,1488.17,4071500,0
IHG.L,20070220,1291.00,1305.00,1267.00,1515.58,5324300,0
IHG.L,20070219,1300.00,1310.00,1290.00,1545.36,2330800,0
IHG.L,20070216,1306.00,1312.00,1301.00,1552.51,1242500,0
IHG.L,20070215,1310.00,1314.00,1296.00,1553.70,2057500,0
IHG.L,20070214,1310.00,1317.00,1295.00,1566.81,3848800,0
IHG.L,20070213,1298.00,1305.00,1293.00,1546.55,2261600,0
IHG.L,20070212,1289.00,1300.00,1285.00,1534.64,3341300,0
IHG.L,20070209,1310.00,1316.00,1283.00,1531.06,3423000,0
IHG.L,20070208,1315.00,1315.00,1294.00,1548.94,1726900,0
IHG.L,20070207,1291.00,1310.00,1291.00,1558.47,2074200,0
IHG.L,20070206,1288.00,1296.00,1285.00,1538.21,2024600,0
IHG.L,20070205,1280.00,1293.00,1280.00,1538.21,1639100,0
IHG.L,20070202,1270.00,1301.00,1266.00,1535.83,5307500,0
IHG.L,20070201,1266.00,1290.00,1266.00,1516.77,7619200,0
IHG.L,20070131,1274.00,1283.00,1270.00,1514.38,2414000,0
IHG.L,20070130,1289.00,1291.00,1279.00,1531.06,2075000,0
IHG.L,20070129,1287.00,1298.00,1269.00,1533.45,2911200,0
IHG.L,20070126,1276.00,1297.00,1275.00,1519.15,3730600,0
IHG.L,20070125,1282.00,1306.00,1282.00,1539.40,7878500,0
IHG.L,20070124,1302.00,1302.00,1276.00,1532.26,3583500,0
IHG.L,20070123,1313.00,1313.00,1283.00,1553.70,5596900,0
IHG.L,20070122,1322.00,1350.00,1292.00,1558.47,8941100,0
IHG.L,20070119,1256.00,1340.00,1256.00,1548.94,13038800,0
IHG.L,20070118,1220.00,1257.00,1220.00,1495.32,13739900,0
IHG.L,20070117,1216.00,1226.00,1193.00,1453.62,3557800,0
IHG.L,20070116,1237.00,1237.00,1206.00,1444.09,1374300,0
IHG.L,20070115,1225.00,1252.00,1216.00,1469.11,2903700,0
IHG.L,20070112,1195.00,1228.00,1189.00,1460.77,9485200,0
IHG.L,20070111,1184.00,1201.00,1176.00,1419.06,4696100,0
IHG.L,20070110,1205.00,1207.00,1182.00,1410.72,3720800,0
IHG.L,20070109,1203.00,1221.00,1197.00,1439.32,3091300,0
IHG.L,20070108,1204.00,1219.00,1200.00,1429.79,2919700,0
IHG.L,20070105,1200.00,1220.00,1195.00,1436.94,3956300,0
IHG.L,20070104,1230.00,1230.00,1206.00,1440.51,5950800,0
IHG.L,20070103,1278.00,1278.00,1234.00,1472.68,4512000,0
IHG.L,20070102,1277.00,1278.00,1257.00,1514.38,1782200,0
IHG.L,20070101,1262.00,1262.00,1262.00,1503.66,000,0
IHG.L,20061229,1272.00,1272.00,1250.00,1503.66,478800,0
IHG.L,20061228,1264.00,1289.00,1258.00,1507.23,2019300,0
IHG.L,20061227,1248.00,1326.00,1230.00,1491.75,4957000,0
IHG.L,20061226,1217.00,1217.00,1217.00,1450.04,000,0
IHG.L,20061225,1217.00,1217.00,1217.00,1450.04,000,0
IHG.L,20061222,1163.00,1217.00,1160.00,1450.04,2163700,0
IHG.L,20061221,1151.00,1172.00,1150.00,1383.32,1444700,0
IHG.L,20061220,1147.00,1166.00,1147.00,1374.98,1887200,0
IHG.L,20061219,1149.00,1152.00,1136.00,1359.49,2034900,0
IHG.L,20061218,1129.00,1165.00,1129.00,1370.21,1921200,0
IHG.L,20061215,1144.50,1145.00,1128.00,1351.75,4603200,0
IHG.L,20061214,1129.00,1158.50,1129.00,1366.64,2381500,0
IHG.L,20061213,1114.50,1156.50,1108.00,1348.77,3996700,0
IHG.L,20061212,1108.50,1116.00,1104.00,1327.92,2908400,0
IHG.L,20061211,1095.50,1105.00,1093.00,1315.40,2232200,0
IHG.L,20061208,1086.00,1096.00,1083.50,1302.30,2729600,0
IHG.L,20061207,1077.00,1098.00,1067.00,1305.28,5317100,0
IHG.L,20061206,1070.00,1076.50,1062.00,1280.85,2746300,0
IHG.L,20061205,1042.00,1074.00,1040.00,1276.09,4561200,0
IHG.L,20061204,1017.50,1047.50,1017.50,1241.53,3899100,0
IHG.L,20061201,1026.00,1036.00,1013.50,1212.34,4555400,0
IHG.L,20061130,1026.50,1033.00,1012.50,1213.53,3023300,0
IHG.L,20061129,1016.00,1031.00,1009.00,1227.23,3235100,0
IHG.L,20061128,1025.00,1026.50,1008.50,1204.60,3576200,0
IHG.L,20061127,1039.50,1047.00,1027.00,1225.45,1924400,0
IHG.L,20061124,1041.00,1044.00,1026.50,1232.00,1844200,0
IHG.L,20061123,1049.00,1053.50,1042.50,1246.30,1093700,0
IHG.L,20061122,1044.00,1060.50,1036.00,1249.87,3160400,0
IHG.L,20061121,1033.50,1051.00,1033.50,1244.51,1406500,0
IHG.L,20061120,1044.00,1047.50,1036.50,1237.36,2273100,0
IHG.L,20061117,1065.50,1071.00,1041.50,1243.92,3533600,0
IHG.L,20061116,1052.50,1063.50,1049.50,1264.17,1001500,0
IHG.L,20061115,1070.00,1070.00,1050.00,1262.98,1998900,0
IHG.L,20061114,1050.00,1089.00,1037.00,1269.53,4690700,0
IHG.L,20061113,1059.50,1059.50,1044.00,1249.28,1805600,0
IHG.L,20061110,1057.00,1058.00,1042.00,1257.02,1951300,0
IHG.L,20061109,1053.00,1061.00,1041.00,1254.64,2396500,0
IHG.L,20061108,1047.50,1061.50,1040.50,1258.81,2581800,0
IHG.L,20061107,1034.50,1061.00,1034.50,1258.81,4552300,0
IHG.L,20061106,1013.00,1045.00,1010.00,1237.36,6636100,0
IHG.L,20061103,1000.00,1021.00,996.50,1210.55,5343400,0
IHG.L,20061102,999.00,1010.50,993.50,1193.28,4071300,0
IHG.L,20061101,1002.00,1014.00,997.50,1199.83,3217400,0
IHG.L,20061031,1000.50,1018.50,995.00,1202.21,2936100,0
IHG.L,20061030,1006.50,1013.00,1000.00,1195.06,3335600,0
IHG.L,20061027,1020.00,1027.00,1009.50,1205.19,1752300,0
IHG.L,20061026,1019.00,1032.50,1016.00,1213.53,4960300,0
IHG.L,20061025,1006.50,1034.50,1006.50,1214.13,5103200,0
IHG.L,20061024,999.50,1017.00,996.00,1201.62,4215300,0
IHG.L,20061023,1006.00,1007.50,993.50,1185.53,2099200,0
IHG.L,20061020,969.50,999.50,969.50,1187.92,6984900,0
IHG.L,20061019,976.50,981.00,966.50,1158.72,2531200,0
IHG.L,20061018,964.00,984.00,964.00,1165.87,3892700,0
IHG.L,20061017,972.50,972.50,954.00,1137.87,2244800,0
IHG.L,20061016,962.00,973.00,962.00,1155.75,2890900,0
IHG.L,20061013,965.00,965.00,956.00,1146.21,2235000,0
IHG.L,20061012,960.00,966.50,952.50,1145.62,1019900,0
IHG.L,20061011,966.50,967.50,954.50,1141.45,2937300,0
IHG.L,20061010,954.00,965.00,950.50,1147.40,2709000,0
IHG.L,20061009,962.50,962.50,950.50,1139.06,2623500,0
IHG.L,20061006,965.00,984.00,961.00,1146.81,5163400,0
IHG.L,20061005,942.00,956.50,938.50,1137.87,3710900,0
IHG.L,20061004,935.00,940.00,932.50,1117.02,4252600,0
IHG.L,20061003,925.00,936.50,918.00,1115.23,3312900,0
IHG.L,20061002,943.50,943.50,927.00,1109.28,2771100,0
IHG.L,20060929,941.50,942.00,930.50,1114.64,3134800,0
IHG.L,20060928,922.00,944.00,922.00,1116.43,2967000,0
IHG.L,20060927,933.50,936.50,921.50,1101.53,2271400,0
IHG.L,20060926,924.00,930.50,916.50,1105.11,2893400,0
IHG.L,20060925,931.00,934.00,920.00,1099.75,1293500,0
IHG.L,20060922,932.50,933.50,917.00,1100.34,1873300,0
IHG.L,20060921,932.50,936.50,927.50,1113.45,2630900,0
IHG.L,20060920,933.50,940.50,923.50,1115.83,4121500,0
IHG.L,20060919,935.00,940.00,927.00,1108.68,2344000,0
IHG.L,20060918,952.00,952.00,933.00,1118.21,1981400,0
IHG.L,20060915,943.50,950.50,941.00,1127.75,2396600,0
IHG.L,20060914,941.00,952.00,935.00,1118.21,3033300,0
IHG.L,20060913,943.00,964.00,935.00,1124.17,4963000,0
IHG.L,20060912,921.00,935.00,916.00,1113.45,2564400,0
IHG.L,20060911,922.50,925.00,913.00,1096.17,1645100,0
IHG.L,20060908,921.50,924.00,913.50,1099.15,2361800,0
IHG.L,20060907,924.00,926.50,902.50,1090.21,4619900,0
IHG.L,20060906,921.50,926.50,917.00,1101.53,2282900,0
IHG.L,20060905,931.50,931.50,923.00,1103.32,1007100,0
IHG.L,20060904,918.50,932.50,918.50,1104.51,1878800,0
IHG.L,20060901,917.50,922.00,914.50,1096.77,2025900,0
IHG.L,20060831,917.00,922.00,915.00,1094.98,2310400,0
IHG.L,20060830,915.50,922.00,911.00,1096.17,2208400,0
IHG.L,20060829,923.50,929.50,912.50,1089.62,2539900,0
IHG.L,20060828,916.00,916.00,916.00,1091.40,000,0
IHG.L,20060825,910.00,920.00,910.00,1091.40,1619900,0
IHG.L,20060824,896.00,913.50,891.50,1084.26,3538900,0
IHG.L,20060823,900.00,905.50,892.00,1067.57,7088900,0
IHG.L,20060822,900.00,908.50,880.00,1069.96,6421700,0
IHG.L,20060821,905.00,924.00,893.00,1077.11,10179000,0
IHG.L,20060818,881.00,907.50,881.00,1078.30,7931000,0
IHG.L,20060817,871.50,882.00,870.00,1049.11,3472500,0
IHG.L,20060816,870.00,873.50,863.00,1032.43,3383100,0
IHG.L,20060815,846.50,866.00,846.50,1029.45,3682300,0
IHG.L,20060814,856.00,856.00,844.50,1011.57,2782700,0
IHG.L,20060811,844.00,854.50,838.00,1006.81,2561400,0
IHG.L,20060810,854.00,855.00,831.50,999.66,7859600,0
IHG.L,20060809,874.50,874.50,859.00,1031.23,3817500,0
IHG.L,20060808,870.00,874.50,866.00,1034.81,4391400,0
IHG.L,20060807,855.00,867.50,855.00,1025.28,2154000,0
IHG.L,20060804,844.50,861.50,844.00,1023.49,3855800,0
IHG.L,20060803,858.50,858.50,858.50,1022.89,000,0
IHG.L,20060802,862.50,866.00,853.00,1022.89,5109800,0
IHG.L,20060801,864.00,869.00,854.50,1022.89,2644300,0
IHG.L,20060731,860.50,875.00,857.00,1032.43,5601300,0
IHG.L,20060728,893.00,893.00,857.50,1022.89,10514000,0
IHG.L,20060727,911.00,919.00,896.50,1072.34,6351100,0
IHG.L,20060726,918.00,923.00,905.00,1084.26,3692900,0
IHG.L,20060725,917.50,922.00,908.00,1094.38,2499100,0
IHG.L,20060724,900.00,913.00,900.00,1085.45,2974400,0
IHG.L,20060721,924.50,932.50,897.00,1071.75,3000800,0
IHG.L,20060720,922.00,931.00,915.50,1102.72,2232100,0
IHG.L,20060719,912.50,923.00,902.00,1097.36,1690300,0
IHG.L,20060718,909.50,915.00,903.00,1077.70,2462900,0
IHG.L,20060717,915.00,922.00,904.00,1085.45,4672100,0
IHG.L,20060714,925.00,934.50,915.00,1092.00,3117700,0
IHG.L,20060713,950.00,962.00,936.50,1121.19,3827900,0
IHG.L,20060712,958.00,960.00,950.00,1136.68,1965800,0
IHG.L,20060711,950.00,960.00,948.00,1138.47,2610500,0
IHG.L,20060710,945.00,956.50,944.50,1137.28,1314300,0
IHG.L,20060707,946.00,954.00,943.50,1131.32,990400,0
IHG.L,20060706,941.00,952.50,941.00,1133.11,1580400,0
IHG.L,20060705,948.50,954.00,934.50,1121.19,955900,0
IHG.L,20060704,950.00,956.50,938.50,1133.11,1238400,0
IHG.L,20060703,949.50,955.50,946.50,1137.28,1241100,0
IHG.L,20060630,947.00,950.00,942.00,1126.55,2613300,0
IHG.L,20060629,917.50,937.50,917.00,1116.43,2225600,0
IHG.L,20060628,910.00,918.00,906.00,1089.62,1354900,0
IHG.L,20060627,920.50,920.61,908.38,1084.85,1497200,0
IHG.L,20060626,925.50,925.71,910.50,1092.00,2163300,0
IHG.L,20060623,925.50,928.00,923.65,1102.13,2339400,0
IHG.L,20060622,922.00,922.00,915.00,1098.55,10123100,0
IHG.L,20060621,918.00,923.59,907.78,1084.85,5084100,0
IHG.L,20060620,910.50,926.11,903.15,1090.81,3499500,0
IHG.L,20060619,920.00,920.00,908.00,1090.21,1590400,0
IHG.L,20060616,931.00,926.00,905.50,1082.47,5383600,0
IHG.L,20060615,910.50,921.21,899.39,1092.00,4035500,0
IHG.L,20060614,898.50,939.24,890.27,1078.30,4381600,0
IHG.L,20060613,917.00,917.00,876.71,1069.36,5850800,0
IHG.L,20060612,952.50,952.50,921.50,1107.49,1906800,0
