KAZ.L,20120824,675.00,678.50,648.00,660.50,2551100,0
KAZ.L,20120823,703.00,715.64,673.00,680.50,4580000,0
KAZ.L,20120822,731.50,731.50,697.50,704.50,3164900,0
KAZ.L,20120821,722.00,745.00,722.00,735.00,1377100,0
KAZ.L,20120820,741.00,741.00,709.50,716.50,1224000,0
KAZ.L,20120817,740.00,744.00,723.00,740.00,1215300,0
KAZ.L,20120816,721.00,737.50,712.50,735.00,1490100,0
KAZ.L,20120815,731.00,731.76,713.50,715.00,1047800,0
KAZ.L,20120814,744.00,752.35,729.00,733.00,1352000,0
KAZ.L,20120810,736.50,748.33,733.50,746.00,1330700,0
KAZ.L,20120809,761.00,768.28,739.00,749.00,1728000,0
KAZ.L,20120808,746.00,758.87,737.00,757.00,1625100,0
KAZ.L,20120807,742.00,755.24,738.12,750.00,1951700,0
KAZ.L,20120806,724.00,744.32,720.12,741.00,1805700,0
KAZ.L,20120803,683.00,730.10,682.00,723.50,3010200,0
KAZ.L,20120802,708.00,714.02,677.50,679.00,2010100,0
KAZ.L,20120801,706.00,714.20,702.00,711.00,859300,0
KAZ.L,20120731,721.50,723.74,705.00,705.00,1624200,0
KAZ.L,20120727,694.00,703.00,674.00,699.00,1478000,0
KAZ.L,20120726,669.00,690.50,661.00,687.00,1989800,0
KAZ.L,20120725,665.00,681.06,661.50,663.00,2379000,0
KAZ.L,20120724,680.00,687.00,665.50,668.00,1173600,0
KAZ.L,20120723,692.50,693.30,666.50,674.50,2147000,0
KAZ.L,20120720,725.00,730.69,700.00,703.50,1735100,0
KAZ.L,20120719,717.50,724.85,713.25,723.50,1364600,0
KAZ.L,20120718,712.00,719.50,701.04,715.00,1228300,0
KAZ.L,20120717,729.50,739.00,704.00,707.00,2003800,0
KAZ.L,20120716,742.00,742.00,723.00,727.50,1123100,0
KAZ.L,20120713,726.00,746.00,703.50,744.00,2597500,0
KAZ.L,20120712,709.00,721.00,708.00,701.50,1637200,0
KAZ.L,20120711,715.00,726.50,706.50,715.50,1406100,0
KAZ.L,20120710,719.00,742.00,714.50,723.00,1441300,0
KAZ.L,20120709,726.00,730.98,709.89,716.50,1255600,0
KAZ.L,20120706,756.50,756.50,722.00,725.00,1268400,0
KAZ.L,20120705,753.50,774.00,746.50,758.00,2001900,0
KAZ.L,20120704,757.50,760.75,749.00,751.00,1098600,0
KAZ.L,20120703,736.50,761.50,725.00,757.00,2757000,0
KAZ.L,20120702,729.00,738.50,721.00,730.00,1247100,0
KAZ.L,20120629,710.50,735.00,695.00,721.50,2763800,0
KAZ.L,20120628,693.50,695.50,673.50,686.50,1881800,0
KAZ.L,20120627,687.00,695.23,671.50,691.50,2000400,0
KAZ.L,20120626,671.00,697.00,668.50,682.00,2247600,0
KAZ.L,20120625,699.00,709.00,672.00,674.00,2856600,0
KAZ.L,20120622,713.00,713.06,698.00,702.00,2074600,0
KAZ.L,20120621,740.00,752.51,718.00,724.00,1877500,0
KAZ.L,20120620,742.00,767.00,742.00,755.50,1786600,0
KAZ.L,20120619,718.50,750.81,715.00,743.00,1963100,0
KAZ.L,20120618,737.00,749.50,703.50,715.50,1972400,0
KAZ.L,20120615,707.00,728.00,701.50,722.50,2205600,0
KAZ.L,20120614,698.00,704.63,681.00,695.50,1261200,0
KAZ.L,20120613,706.00,712.50,686.50,701.50,1653600,0
KAZ.L,20120612,691.00,709.06,678.50,701.00,1892800,0
KAZ.L,20120611,735.00,740.60,687.50,692.50,1790700,0
KAZ.L,20120608,715.00,717.00,695.00,705.00,1904200,0
KAZ.L,20120607,720.00,755.00,702.00,728.00,2941500,0
KAZ.L,20120606,671.50,714.50,671.50,714.50,2252600,0
KAZ.L,20120601,670.00,674.64,642.00,665.00,2261700,0
KAZ.L,20120531,686.00,695.65,654.50,665.00,2428400,0
KAZ.L,20120530,704.00,705.00,676.50,680.00,2119500,0
KAZ.L,20120529,701.00,715.00,695.50,710.50,1843200,0
KAZ.L,20120528,685.50,705.95,685.50,690.50,1001200,0
KAZ.L,20120525,690.00,699.17,674.66,680.00,1382500,0
KAZ.L,20120524,691.50,696.39,678.50,689.50,1641300,0
KAZ.L,20120523,722.50,723.45,679.00,679.50,3071200,0
KAZ.L,20120522,717.00,741.50,714.00,737.50,2269500,0
KAZ.L,20120521,690.00,712.25,685.00,707.00,2874000,0
KAZ.L,20120518,679.50,700.50,669.84,693.50,2587600,0
KAZ.L,20120517,712.50,712.50,680.85,690.50,2062600,0
KAZ.L,20120516,695.50,723.00,677.00,711.50,2687400,0
KAZ.L,20120514,755.00,755.00,732.50,737.00,1722700,0
KAZ.L,20120511,772.00,772.00,746.50,764.00,2751800,0
KAZ.L,20120510,768.00,795.50,766.50,776.00,3258300,0
KAZ.L,20120509,750.00,761.04,739.00,759.00,2215200,0
KAZ.L,20120508,770.00,780.70,743.00,745.50,2816200,0
KAZ.L,20120504,821.00,821.85,771.00,774.00,3657000,0
KAZ.L,20120503,851.50,862.06,821.00,825.00,2952000,0
KAZ.L,20120502,879.50,884.00,848.00,850.00,2470600,0
KAZ.L,20120501,866.50,878.00,857.00,877.50,1176900,0
KAZ.L,20120430,882.00,886.27,858.50,861.00,1783100,0
KAZ.L,20120427,850.00,890.50,846.80,879.00,2201500,0
KAZ.L,20120426,881.50,890.00,855.50,871.00,2310200,0
KAZ.L,20120425,859.00,886.18,859.00,882.00,2750700,0
KAZ.L,20120424,855.00,863.65,843.00,857.50,2296000,0
KAZ.L,20120423,880.00,880.92,842.00,849.00,2457200,0
KAZ.L,20120420,874.00,895.84,867.50,889.50,3662700,0
KAZ.L,20120419,866.00,881.50,863.50,868.50,2889400,0
KAZ.L,20120418,881.50,900.50,861.50,861.50,4127500,0
KAZ.L,20120417,869.00,904.50,863.50,897.50,3715000,0
KAZ.L,20120416,876.50,896.00,873.50,874.00,2790100,0
KAZ.L,20120413,898.00,903.50,875.00,880.00,2019700,0
KAZ.L,20120412,873.00,902.65,872.00,896.50,2484300,0
KAZ.L,20120411,848.00,881.57,848.00,869.00,2445900,0
KAZ.L,20120410,887.00,893.46,853.00,853.00,2737600,0
KAZ.L,20120405,887.00,915.00,872.49,906.50,2541600,0
KAZ.L,20120404,915.00,915.50,882.00,887.00,3038200,0
KAZ.L,20120403,922.00,929.44,911.50,917.00,2365800,0
KAZ.L,20120402,919.50,932.50,898.00,920.50,3789900,0
KAZ.L,20120330,900.00,932.00,898.50,908.00,3419200,0
KAZ.L,20120329,900.00,914.96,880.50,892.50,2919500,0
KAZ.L,20120328,940.00,948.50,900.50,906.50,3222000,0
KAZ.L,20120327,935.00,970.00,926.00,944.50,3212700,0
KAZ.L,20120326,939.00,944.50,915.00,925.00,2712700,0
KAZ.L,20120323,913.00,937.30,901.50,935.50,3428900,0
KAZ.L,20120322,934.00,934.00,900.50,913.00,3303800,0
KAZ.L,20120321,949.00,954.41,924.00,934.00,2492700,0
KAZ.L,20120320,957.00,957.00,924.50,940.50,2319700,0
KAZ.L,20120319,960.50,969.47,940.00,965.00,2391100,0
KAZ.L,20120316,964.00,981.50,958.50,960.00,2797900,0
KAZ.L,20120315,947.50,981.50,943.00,961.50,2476900,0
KAZ.L,20120314,980.50,990.44,943.50,943.50,3526100,0
KAZ.L,20120313,967.00,987.50,872.29,986.00,2939500,0
KAZ.L,20120312,964.50,982.36,951.50,955.50,4683500,0
KAZ.L,20120309,968.00,969.00,936.00,958.00,2760200,0
KAZ.L,20120308,947.00,983.50,947.00,966.00,3901700,0
KAZ.L,20120307,919.00,956.71,919.00,945.18,4511800,0
KAZ.L,20120306,945.00,949.00,913.50,925.20,6389100,0
KAZ.L,20120305,985.00,987.90,946.00,951.50,4945200,0
KAZ.L,20120302,1058.00,1087.00,997.00,1000.00,5997500,0
KAZ.L,20120301,1110.00,1133.00,1055.00,1062.00,4900700,0
KAZ.L,20120229,1161.00,1168.00,1108.00,1109.00,3188900,0
KAZ.L,20120228,1146.00,1159.98,1135.00,1154.00,1525600,0
KAZ.L,20120227,1149.00,1154.14,1120.00,1137.00,2332600,0
KAZ.L,20120224,1165.00,1174.00,1154.00,1163.00,1701200,0
KAZ.L,20120223,1147.00,1173.00,1144.00,1163.00,2017800,0
KAZ.L,20120222,1162.00,1168.00,1144.00,1148.00,1590200,0
KAZ.L,20120221,1151.00,1168.00,1136.00,1163.00,2035300,0
KAZ.L,20120220,1140.00,1166.00,1135.91,1147.00,1862200,0
KAZ.L,20120217,1140.00,1149.00,1120.00,1124.00,1716800,0
KAZ.L,20120216,1105.00,1121.00,1084.00,1119.00,2944300,0
KAZ.L,20120215,1139.00,1148.91,1111.00,1117.00,1803600,0
KAZ.L,20120214,1127.00,1143.32,1110.23,1121.00,1929700,0
KAZ.L,20120213,1142.00,1167.00,1124.00,1139.00,1537700,0
KAZ.L,20120210,1162.00,1172.00,1118.00,1124.00,2302000,0
KAZ.L,20120209,1173.00,1185.59,1159.00,1177.00,2209300,0
KAZ.L,20120208,1173.00,1193.00,1163.00,1165.00,2406300,0
KAZ.L,20120207,1190.00,1192.00,1129.00,1160.00,3217100,0
KAZ.L,20120206,1215.00,1221.00,1183.00,1190.00,1760500,0
KAZ.L,20120203,1185.00,1223.00,1170.00,1214.00,2392700,0
KAZ.L,20120202,1200.00,1214.00,1164.00,1191.00,3519500,0
KAZ.L,20120201,1146.00,1191.00,1131.00,1191.00,2458400,0
KAZ.L,20120131,1143.00,1164.00,1129.00,1136.00,2721800,0
KAZ.L,20120130,1150.00,1161.32,1122.00,1137.00,2554900,0
KAZ.L,20120127,1178.00,1195.00,1151.00,1160.00,2110000,0
KAZ.L,20120126,1118.00,1210.00,1114.00,1194.00,4075200,0
KAZ.L,20120125,1115.00,1128.00,1096.00,1113.00,1266700,0
KAZ.L,20120124,1115.00,1121.60,1093.00,1106.00,1567400,0
KAZ.L,20120123,1123.00,1140.00,1116.00,1133.00,1515300,0
KAZ.L,20120120,1112.00,1132.00,1095.22,1123.00,2404600,0
KAZ.L,20120119,1095.00,1113.00,1087.20,1113.00,2794200,0
KAZ.L,20120118,1088.00,1101.00,1062.00,1101.00,1624700,0
KAZ.L,20120117,1092.00,1104.00,1068.00,1088.00,2249600,0
KAZ.L,20120116,1046.00,1071.00,1032.00,1067.00,1254100,0
KAZ.L,20120113,1064.00,1088.00,1025.00,1052.00,2161800,0
KAZ.L,20120112,1027.00,1080.76,1024.50,1051.00,2158800,0
KAZ.L,20120111,1040.00,1055.59,1010.00,1026.00,2704200,0
KAZ.L,20120110,998.00,1041.00,995.50,1037.00,2320700,0
KAZ.L,20120109,995.50,1005.00,973.00,979.00,2258500,0
KAZ.L,20120106,975.00,1011.00,959.40,983.92,3045000,0
KAZ.L,20120105,993.50,1004.00,970.50,981.50,3078600,0
KAZ.L,20120104,1011.00,1026.89,986.50,996.00,1591600,0
KAZ.L,20120103,943.50,1021.16,943.50,1015.00,2600100,0
KAZ.L,20111230,919.00,930.00,912.70,927.00,237200,0
KAZ.L,20111229,916.50,921.00,901.50,915.50,611000,0
KAZ.L,20111228,915.50,937.00,903.50,912.50,927400,0
KAZ.L,20111223,923.00,933.50,916.00,926.50,621600,0
KAZ.L,20111222,893.00,921.84,893.00,917.00,2341100,0
KAZ.L,20111221,900.00,912.50,881.00,885.50,1892300,0
KAZ.L,20111220,843.50,890.50,843.00,886.50,2201400,0
KAZ.L,20111219,862.00,885.58,844.50,851.00,1742100,0
KAZ.L,20111216,856.50,891.00,856.00,874.00,1758200,0
KAZ.L,20111215,850.50,872.50,842.22,847.00,2281800,0
KAZ.L,20111214,884.50,899.00,846.50,846.50,2640600,0
KAZ.L,20111213,880.00,916.00,879.00,895.00,2161300,0
KAZ.L,20111212,939.50,940.43,879.50,880.00,2766800,0
KAZ.L,20111209,907.00,956.79,891.50,943.00,2238700,0
KAZ.L,20111208,960.50,983.00,919.50,919.50,3645700,0
KAZ.L,20111207,979.00,994.05,935.00,941.00,2957500,0
KAZ.L,20111206,945.00,977.05,936.89,964.00,1637300,0
KAZ.L,20111205,966.50,981.00,956.50,968.50,1495600,0
KAZ.L,20111202,933.00,965.00,931.00,956.00,3251200,0
KAZ.L,20111201,928.50,945.00,908.69,918.00,1791400,0
KAZ.L,20111130,851.00,942.00,830.00,925.00,4235200,0
KAZ.L,20111129,859.00,872.00,839.62,868.50,2112300,0
KAZ.L,20111128,820.50,860.13,814.50,857.50,2012800,0
KAZ.L,20111125,806.50,819.96,782.00,805.00,1273300,0
KAZ.L,20111124,792.50,817.38,795.50,807.50,1264000,0
KAZ.L,20111123,795.00,809.50,786.44,788.50,2019900,0
KAZ.L,20111122,816.50,833.97,799.50,798.00,1282000,0
KAZ.L,20111121,856.00,856.50,807.50,807.50,2056800,0
KAZ.L,20111118,867.00,890.00,858.50,862.50,1677800,0
KAZ.L,20111117,909.00,918.34,867.73,876.00,2080200,0
KAZ.L,20111116,902.00,925.50,894.00,915.00,2186300,0
KAZ.L,20111115,905.50,922.00,885.50,909.00,1395600,0
KAZ.L,20111114,942.00,951.58,909.00,911.50,923500,0
KAZ.L,20111111,912.00,932.50,903.50,931.50,1378300,0
KAZ.L,20111110,895.50,929.50,891.50,907.50,2191100,0
KAZ.L,20111109,972.50,975.00,903.50,923.00,2828200,0
KAZ.L,20111108,938.50,969.00,932.50,950.50,1722600,0
KAZ.L,20111107,937.00,957.03,917.78,935.00,2030100,0
KAZ.L,20111104,947.00,974.50,935.38,951.00,3353900,0
KAZ.L,20111103,879.50,945.24,866.50,936.00,2911900,0
KAZ.L,20111102,877.50,914.00,856.50,906.00,2691700,0
KAZ.L,20111101,902.00,908.00,854.00,861.50,4245200,0
KAZ.L,20111031,998.00,1000.12,927.50,927.50,2958300,0
KAZ.L,20111028,1020.00,1045.15,990.00,1017.00,2065900,0
KAZ.L,20111027,977.50,1018.78,964.00,1016.00,2953600,0
KAZ.L,20111026,920.00,947.50,910.50,929.00,2161100,0
KAZ.L,20111025,917.00,948.50,900.00,918.50,2611700,0
KAZ.L,20111024,894.50,932.50,878.50,925.00,3436300,0
KAZ.L,20111021,836.50,864.00,831.00,856.50,3009400,0
KAZ.L,20111020,844.50,867.00,824.00,830.50,2293700,0
KAZ.L,20111019,888.50,902.00,863.00,874.50,1659400,0
KAZ.L,20111018,848.50,882.50,831.00,874.50,2734300,0
KAZ.L,20111017,917.50,939.56,864.00,872.50,2354200,0
KAZ.L,20111014,885.50,926.00,872.00,900.00,1915600,0
KAZ.L,20111013,920.50,943.75,871.00,878.50,2607700,0
KAZ.L,20111012,882.50,936.00,864.50,932.00,2488300,0
KAZ.L,20111011,881.50,891.50,853.50,883.50,2056500,0
KAZ.L,20111010,866.50,891.50,842.50,889.25,1491700,0
KAZ.L,20111007,860.00,870.00,826.00,857.50,2666800,0
KAZ.L,20111006,798.50,847.50,795.50,847.50,2896700,0
KAZ.L,20111005,748.00,785.50,739.50,782.50,2272800,0
KAZ.L,20111004,765.00,774.00,700.00,730.00,4450300,0
KAZ.L,20111003,761.50,785.87,752.00,763.00,2736900,0
KAZ.L,20110930,827.00,850.00,788.00,793.00,2521400,0
KAZ.L,20110929,832.00,858.18,820.50,825.50,3503200,0
KAZ.L,20110928,859.50,868.50,832.00,840.50,4363100,0
KAZ.L,20110927,820.50,864.00,811.00,858.70,4757500,0
KAZ.L,20110926,788.88,808.44,764.50,782.00,3258000,0
KAZ.L,20110923,859.00,861.00,775.00,814.00,4689800,0
KAZ.L,20110922,924.00,924.00,846.50,846.50,4517200,0
KAZ.L,20110921,987.00,1000.50,958.50,966.00,1801100,0
KAZ.L,20110920,992.00,1005.31,992.00,992.00,1329700,0
KAZ.L,20110919,1027.00,1030.00,977.00,977.00,2613400,0
KAZ.L,20110916,1070.00,1080.00,1047.00,1052.00,1908400,0
KAZ.L,20110915,1043.00,1088.51,1035.00,1066.00,2119100,0
KAZ.L,20110914,1000.00,1048.00,996.00,1033.00,1636500,0
KAZ.L,20110913,1016.00,1031.00,968.00,1016.00,2291500,0
KAZ.L,20110912,985.00,1015.24,962.00,998.50,2490300,0
KAZ.L,20110909,1064.00,1078.00,1012.00,1018.00,2235100,0
KAZ.L,20110908,1048.00,1084.00,1038.00,1076.00,2043300,0
KAZ.L,20110907,1021.00,1054.00,1004.00,1050.00,1711800,0
KAZ.L,20110906,983.00,1017.78,971.50,993.50,2330600,0
KAZ.L,20110905,1012.00,1016.00,982.00,989.50,1715500,0
KAZ.L,20110902,1060.00,1064.00,1028.00,1040.00,2180500,0
KAZ.L,20110901,1098.00,1098.00,1053.00,1076.00,1449400,0
KAZ.L,20110831,1058.00,1096.00,1036.00,1091.00,2135700,0
KAZ.L,20110830,1040.00,1051.00,1022.00,1051.00,1406600,0
KAZ.L,20110826,1016.00,1019.00,964.50,991.00,3483500,0
KAZ.L,20110825,968.00,1025.00,968.00,997.00,2763900,0
KAZ.L,20110824,933.50,974.36,917.50,948.00,2025000,0
KAZ.L,20110823,942.50,961.50,917.50,927.50,2716400,0
KAZ.L,20110822,934.00,975.00,920.50,925.50,134200,0
KAZ.L,20110819,953.00,973.06,899.00,949.50,4130600,0
KAZ.L,20110818,1026.00,1026.61,950.00,958.00,3048200,0
KAZ.L,20110817,1020.00,1063.88,1010.00,1044.00,1715600,0
KAZ.L,20110816,1034.00,1040.05,1010.00,1029.00,1667200,0
KAZ.L,20110815,1036.00,1061.21,1026.00,1050.00,1904500,0
KAZ.L,20110812,958.50,1030.00,937.00,1015.00,3513500,0
KAZ.L,20110811,954.50,966.21,907.00,954.50,4284600,0
KAZ.L,20110810,1000.00,1042.00,902.00,918.00,6361000,0
KAZ.L,20110809,962.50,1004.00,892.00,995.00,5192900,0
KAZ.L,20110808,1051.00,1073.00,955.50,957.00,4444800,0
KAZ.L,20110805,1030.00,1206.81,1023.00,1064.00,3625800,0
KAZ.L,20110804,1215.00,1217.62,1088.00,1099.00,4076300,0
KAZ.L,20110803,1230.00,1243.00,1190.00,1199.00,3158100,0
KAZ.L,20110802,1310.00,1311.00,1251.00,1255.00,2500700,0
KAZ.L,20110801,1365.00,1385.00,1311.00,1313.00,1609400,0
KAZ.L,20110729,1321.00,1358.38,1306.00,1348.00,1991100,0
KAZ.L,20110728,1329.00,1352.00,1312.00,1337.00,1521400,0
KAZ.L,20110727,1341.00,1378.00,1328.00,1344.00,1455000,0
KAZ.L,20110726,1357.00,1373.00,1334.00,1347.00,2369400,0
KAZ.L,20110725,1334.00,1362.00,1334.00,1349.00,619800,0
KAZ.L,20110722,1368.00,1387.00,1349.00,1356.00,1104800,0
KAZ.L,20110721,1349.00,1363.16,1305.00,1351.00,1035500,0
KAZ.L,20110720,1363.00,1371.00,1331.00,1346.00,1680700,0
KAZ.L,20110719,1315.00,1347.00,1315.00,1343.00,1700000,0
KAZ.L,20110718,1314.00,1325.30,1297.00,1302.00,932400,0
KAZ.L,20110715,1336.00,1349.00,1320.00,1328.60,1069800,0
KAZ.L,20110714,1340.00,1375.00,1332.00,1350.00,1677900,0
KAZ.L,20110713,1317.00,1369.58,1315.00,1365.00,1434500,0
KAZ.L,20110712,1295.00,1326.00,1276.00,1299.00,1901100,0
KAZ.L,20110711,1346.00,1357.00,1310.00,1321.00,1642200,0
KAZ.L,20110708,1406.00,1410.00,1345.00,1352.00,1514100,0
KAZ.L,20110707,1374.00,1414.00,1370.00,1405.00,1435500,0
KAZ.L,20110706,1381.00,1383.00,1351.00,1363.00,1560300,0
KAZ.L,20110705,1388.00,1406.00,1372.00,1384.00,1688400,0
KAZ.L,20110704,1402.00,1409.00,1393.00,1395.00,1259400,0
KAZ.L,20110701,1382.00,1400.00,1366.00,1399.00,1699300,0
KAZ.L,20110630,1377.00,1384.00,1350.00,1380.00,1744500,0
KAZ.L,20110629,1320.00,1355.00,1313.00,1350.00,1665400,0
KAZ.L,20110628,1272.00,1315.00,1262.00,1309.50,1593300,0
KAZ.L,20110627,1243.00,1266.00,1243.00,1264.00,1312000,0
KAZ.L,20110624,1273.00,1304.00,1251.00,1255.00,1737900,0
KAZ.L,20110623,1290.00,1290.00,1249.00,1251.00,1769600,0
KAZ.L,20110622,1295.00,1312.00,1281.00,1300.00,1402600,0
KAZ.L,20110621,1260.00,1299.00,1257.00,1298.00,1157100,0
KAZ.L,20110620,1236.00,1248.00,1223.00,1247.00,2066200,0
KAZ.L,20110617,1230.00,1269.00,1217.00,1261.00,2167300,0
KAZ.L,20110616,1266.00,1267.00,1230.00,1240.00,2228100,0
KAZ.L,20110615,1280.00,1299.07,1274.00,1282.00,3960000,0
KAZ.L,20110614,1241.00,1284.00,1235.00,1282.00,3743100,0
KAZ.L,20110613,1225.00,1265.00,1221.00,1235.00,3006900,0
KAZ.L,20110610,1247.00,1251.86,1202.00,1209.00,2440100,0
KAZ.L,20110609,1223.00,1254.00,1223.00,1243.00,1867100,0
KAZ.L,20110608,1264.00,1270.00,1226.28,1229.00,2238600,0
KAZ.L,20110607,1275.00,1288.00,1262.00,1271.00,1752900,0
KAZ.L,20110606,1264.00,1289.00,1257.00,1278.00,1412200,0
KAZ.L,20110603,1282.00,1310.00,1246.00,1263.00,1688500,0
KAZ.L,20110602,1275.00,1291.00,1260.00,1271.00,1822500,0
KAZ.L,20110601,1316.00,1320.72,1291.00,1294.00,2969500,0
KAZ.L,20110531,1308.00,1325.00,1299.00,1314.00,2010400,0
KAZ.L,20110527,1275.00,1303.00,1270.00,1296.00,2444800,0
KAZ.L,20110526,1267.00,1286.00,1253.00,1262.00,2820900,0
KAZ.L,20110525,1219.00,1259.00,1216.00,1256.00,2465000,0
KAZ.L,20110524,1212.00,1246.01,1211.00,1235.00,1757100,0
KAZ.L,20110523,1225.00,1500.00,1196.00,1207.00,2024300,0
KAZ.L,20110520,1244.00,1274.00,1232.00,1249.00,2549600,0
KAZ.L,20110519,1272.00,1280.00,1236.00,1237.00,1926400,0
KAZ.L,20110518,1232.00,1270.00,1232.00,1256.00,2024700,0
KAZ.L,20110517,1231.00,1259.00,1216.00,1217.00,1788000,0
KAZ.L,20110516,1205.00,1249.00,1200.00,1242.00,1848100,0
KAZ.L,20110513,1240.00,1256.00,1212.00,1213.00,1446000,0
KAZ.L,20110512,1242.00,1245.80,1201.00,1229.00,3267500,0
KAZ.L,20110511,1308.00,1308.00,1259.00,1265.00,1656000,0
KAZ.L,20110510,1283.00,1310.00,1283.00,1301.00,1599600,0
KAZ.L,20110509,1273.00,1301.00,1250.00,1283.00,1873800,0
KAZ.L,20110506,1262.00,1278.85,1229.00,1272.00,3495400,0
KAZ.L,20110505,1300.00,1321.95,1255.00,1260.00,2659800,0
KAZ.L,20110504,1321.00,1343.00,1287.00,1305.00,3116000,0
KAZ.L,20110503,1380.00,1380.00,1321.00,1332.00,2371200,0
KAZ.L,20110428,1381.00,1399.00,1372.00,1379.00,1348200,0
KAZ.L,20110427,1390.00,1394.00,1360.00,1366.00,1512000,0
KAZ.L,20110426,1380.00,1395.12,1359.00,1391.00,1435600,0
KAZ.L,20110421,1360.00,1385.00,1360.00,1385.00,1951300,0
KAZ.L,20110420,1329.00,1359.00,1328.00,1356.00,1961800,0
KAZ.L,20110419,1315.00,1334.10,1311.00,1313.00,2045700,0
KAZ.L,20110418,1362.00,1367.30,1302.00,1308.00,2233600,0
KAZ.L,20110415,1373.00,1384.89,1351.60,1359.00,1514500,0
KAZ.L,20110414,1408.00,1417.00,1366.00,1368.00,3128800,0
KAZ.L,20110413,1415.00,1437.68,1407.00,1409.00,1479300,0
KAZ.L,20110412,1451.00,1467.00,1411.82,1419.00,2388400,0
KAZ.L,20110411,1489.00,1505.00,1482.00,1493.00,1185100,0
KAZ.L,20110408,1479.00,1502.65,1474.00,1489.00,1910300,0
KAZ.L,20110407,1475.00,1481.00,1450.36,1461.00,1666700,0
KAZ.L,20110406,1441.00,1470.00,1441.00,1468.00,1704800,0
KAZ.L,20110405,1420.00,1440.12,1412.00,1433.00,1127300,0
KAZ.L,20110404,1408.00,1439.00,1402.00,1426.00,1696800,0
KAZ.L,20110401,1378.00,1418.00,1377.00,1408.00,1305700,0
KAZ.L,20110331,1402.00,1418.00,1388.00,1394.00,1930300,0
KAZ.L,20110330,1448.00,1457.00,1405.00,1407.00,2299400,0
KAZ.L,20110329,1444.00,1447.00,1403.00,1426.00,1370900,0
KAZ.L,20110328,1439.00,1451.00,1397.00,1425.00,1276500,0
KAZ.L,20110325,1445.00,1459.00,1424.00,1447.00,1230400,0
KAZ.L,20110324,1428.00,1445.00,1417.00,1431.00,1823800,0
KAZ.L,20110323,1362.00,1432.00,1362.00,1431.00,2326000,0
KAZ.L,20110322,1380.00,1393.00,1360.00,1370.00,1483400,0
KAZ.L,20110321,1383.00,1393.00,1365.00,1372.00,1268300,0
KAZ.L,20110318,1353.00,1375.00,1332.00,1357.00,2390700,0
KAZ.L,20110317,1316.00,1353.00,1313.00,1344.00,2406400,0
KAZ.L,20110316,1344.00,1350.00,1289.00,1300.00,2481800,0
KAZ.L,20110315,1285.00,1319.00,1225.00,1312.00,3992100,0
KAZ.L,20110314,1329.00,1355.00,1317.00,1323.00,1688600,0
KAZ.L,20110311,1324.00,1353.00,1296.00,1330.00,2081000,0
KAZ.L,20110310,1354.00,1355.00,1328.03,1334.00,3075900,0
KAZ.L,20110309,1410.00,1417.00,1372.00,1380.00,1831800,0
KAZ.L,20110308,1450.00,1459.00,1386.89,1406.00,3002300,0
KAZ.L,20110307,1468.00,1486.00,1439.00,1448.00,1118800,0
KAZ.L,20110304,1491.00,1517.00,1458.00,1473.00,2469900,0
KAZ.L,20110303,1468.00,1493.00,1432.00,1487.00,2637300,0
KAZ.L,20110302,1402.00,1446.59,1360.00,1437.00,1539400,0
KAZ.L,20110301,1460.00,1485.00,1412.00,1427.00,1550200,0
KAZ.L,20110228,1440.00,1452.00,1429.00,1444.00,2163300,0
KAZ.L,20110225,1423.00,1457.00,1392.00,1432.00,1566252500,0
KAZ.L,20110224,1390.00,1414.20,1367.89,1401.00,707262200,0
KAZ.L,20110223,1441.00,1456.70,1393.00,1393.00,2321900,0
KAZ.L,20110222,1445.00,1463.00,1421.00,1448.00,1994100,0
KAZ.L,20110221,1483.00,1497.00,1448.00,1452.00,1397500,0
KAZ.L,20110218,1509.00,1513.99,1471.00,1481.00,1561600,0
KAZ.L,20110217,1546.00,1550.00,1495.00,1505.00,1705700,0
KAZ.L,20110216,1546.00,1572.00,1524.89,1538.00,1420300,0
KAZ.L,20110215,1557.00,1563.00,1530.00,1538.00,1605300,0
KAZ.L,20110214,1554.00,1554.00,1537.00,1579.00,890800,0
KAZ.L,20110211,1565.00,1573.00,1522.00,1558.00,1629000,0
KAZ.L,20110210,1567.00,1574.00,1531.00,1548.00,1283200,0
KAZ.L,20110209,1613.00,1619.00,1564.00,1569.00,1766600,0
KAZ.L,20110208,1631.00,1640.00,1584.00,1622.00,1406800,0
KAZ.L,20110207,1617.00,1636.00,1599.00,1631.00,855200,0
KAZ.L,20110204,1606.00,1633.00,1593.00,1610.00,1149200,0
KAZ.L,20110203,1595.00,1608.00,1574.00,1594.00,999700,0
KAZ.L,20110202,1595.00,1625.00,1574.00,1594.00,1508600,0
KAZ.L,20110201,1530.00,1584.00,1528.00,1578.00,1982200,0
KAZ.L,20110131,1492.00,1522.00,1476.00,1506.00,1571100,0
KAZ.L,20110128,1536.00,1541.00,1491.00,1505.00,2150000,0
KAZ.L,20110127,1553.00,1587.00,1538.00,1541.00,1701500,0
KAZ.L,20110126,1510.00,1556.00,1503.00,1533.00,1518500,0
KAZ.L,20110125,1566.00,1566.00,1492.00,1500.00,1963700,0
KAZ.L,20110124,1556.00,1566.00,1527.00,1558.00,1369000,0
KAZ.L,20110121,1551.00,1579.00,1521.00,1544.00,2031000,0
KAZ.L,20110120,1613.00,1617.00,1535.00,1538.00,3153600,0
KAZ.L,20110119,1680.00,1691.00,1612.00,1622.00,1306300,0
KAZ.L,20110118,1640.00,1676.00,1635.00,1665.00,1421400,0
KAZ.L,20110117,1640.00,1643.00,1600.00,1616.00,976000,0
KAZ.L,20110114,1656.00,1660.00,1612.00,1640.00,1550100,0
KAZ.L,20110113,1679.00,1689.00,1660.00,1662.00,1339000,0
KAZ.L,20110112,1640.00,1677.00,1630.00,1671.00,2163100,0
KAZ.L,20110111,1565.00,1626.00,1559.00,1612.00,1506400,0
KAZ.L,20110110,1575.00,1578.00,1526.00,1552.00,1700300,0
KAZ.L,20110107,1619.00,1621.00,1579.00,1591.00,1523900,0
KAZ.L,20110106,1624.00,1658.00,1597.00,1619.00,1388000,0
KAZ.L,20110105,1640.00,1642.00,1596.00,1624.00,1930000,0
KAZ.L,20110104,1686.00,1700.00,1638.00,1649.00,1369200,0
KAZ.L,20101231,1631.00,1640.00,1614.00,1614.00,177500,0
KAZ.L,20101230,1637.00,1647.00,1624.00,1637.00,450600,0
KAZ.L,20101229,1611.00,1638.00,1603.00,1638.00,416500,0
KAZ.L,20101224,1609.00,1618.00,1593.00,1610.00,56500,0
KAZ.L,20101223,1638.00,1638.00,1611.00,1615.42,658900,0
KAZ.L,20101222,1613.00,1635.00,1592.00,1633.00,935500,0
KAZ.L,20101221,1597.00,1636.00,1589.00,1612.00,1688400,0
KAZ.L,20101220,1571.00,1604.00,1569.00,1578.00,865400,0
KAZ.L,20101217,1590.00,1608.00,1559.00,1583.00,1450000,0
KAZ.L,20101216,1576.00,1590.00,1549.00,1574.00,1240200,0
KAZ.L,20101215,1575.00,1583.00,1530.00,1577.00,1756100,0
KAZ.L,20101214,1585.00,1596.00,1568.00,1581.00,1064900,0
KAZ.L,20101213,1546.00,1595.00,1546.00,1592.00,1545900,0
KAZ.L,20101210,1524.00,1540.00,1502.00,1529.00,884100,0
KAZ.L,20101209,1545.00,1567.00,1498.00,1514.91,1387200,0
KAZ.L,20101208,1531.00,1545.00,1513.00,1523.00,2224800,0
KAZ.L,20101207,1532.00,1595.00,1530.00,1558.56,3131400,0
KAZ.L,20101206,1518.00,1531.00,1498.00,1524.00,1405900,0
KAZ.L,20101203,1491.00,1527.00,1473.00,1511.00,1730800,0
KAZ.L,20101202,1481.00,1499.00,1451.00,1487.00,2800300,0
KAZ.L,20101201,1411.00,1471.00,1404.00,1462.00,2575500,0
KAZ.L,20101130,1412.00,1415.00,1364.00,1386.00,2133500,0
KAZ.L,20101129,1440.00,1457.00,1393.00,1395.00,2290600,0
KAZ.L,20101126,1446.00,1462.00,1415.00,1430.00,1971300,0
KAZ.L,20101125,1455.00,1471.00,1440.00,1467.00,1488500,0
KAZ.L,20101124,1414.00,1457.00,1398.00,1449.00,2174000,0
KAZ.L,20101123,1415.00,1422.00,1391.00,1391.00,1872100,0
KAZ.L,20101122,1476.00,1490.00,1431.00,1440.00,1240900,0
KAZ.L,20101119,1469.00,1469.00,1432.00,1450.00,1816900,0
KAZ.L,20101118,1449.00,1478.00,1447.00,1470.00,2276500,0
KAZ.L,20101117,1411.00,1448.00,1393.00,1426.00,2540800,0
KAZ.L,20101116,1495.00,1495.00,1415.00,1421.00,3001800,0
KAZ.L,20101115,1490.00,1528.00,1463.00,1514.00,1507000,0
KAZ.L,20101112,1503.00,1527.00,1468.00,1498.00,2512500,0
KAZ.L,20101111,1527.00,1568.00,1520.00,1551.00,2814100,0
KAZ.L,20101110,1540.00,1540.00,1476.00,1494.00,2084200,0
KAZ.L,20101109,1505.00,1571.00,1496.00,1553.00,1910700,0
KAZ.L,20101108,1483.00,1510.00,1476.00,1507.00,1663300,0
KAZ.L,20101105,1475.00,1500.00,1417.00,1497.00,3138200,0
KAZ.L,20101104,1406.00,1465.00,1395.00,1462.00,2962400,0
KAZ.L,20101103,1391.00,1393.00,1360.00,1369.00,1131000,0
KAZ.L,20101102,1340.00,1390.00,1338.00,1386.00,2525900,0
KAZ.L,20101101,1340.00,1364.00,1333.00,1339.00,1850400,0
KAZ.L,20101029,1336.00,1338.00,1305.00,1316.00,3264300,0
KAZ.L,20101028,1354.00,1355.00,1311.00,1326.00,1442000,0
KAZ.L,20101027,1378.00,1379.00,1314.00,1321.00,3312300,0
KAZ.L,20101026,1400.00,1418.00,1363.00,1391.00,2726100,0
KAZ.L,20101025,1360.00,1392.00,1350.00,1380.00,1908800,0
KAZ.L,20101022,1333.00,1348.00,1323.00,1333.00,1914000,0
KAZ.L,20101021,1322.00,1359.00,1305.00,1338.00,3210600,0
KAZ.L,20101020,1311.00,1337.00,1296.00,1324.00,3075300,0
KAZ.L,20101019,1378.00,1380.00,1312.00,1318.00,2805100,0
KAZ.L,20101018,1368.00,1373.00,1348.00,1359.00,2560300,0
KAZ.L,20101015,1415.00,1420.00,1360.00,1384.00,2843800,0
KAZ.L,20101014,1410.00,1433.00,1402.00,1417.00,2964600,0
KAZ.L,20101013,1396.00,1410.00,1392.00,1405.00,7762300,0
KAZ.L,20101012,1390.00,1390.00,1359.00,1375.00,2977700,0
KAZ.L,20101011,1404.00,1417.00,1393.00,1406.00,2728600,0
KAZ.L,20101008,1402.00,1413.00,1367.00,1405.00,2329200,0
KAZ.L,20101007,1449.00,1450.00,1392.00,1400.00,7131000,0
KAZ.L,20101006,1435.00,1491.00,1431.00,1483.00,2134700,0
KAZ.L,20101005,1387.00,1432.00,1359.00,1427.00,3636500,0
KAZ.L,20101004,1463.00,1473.00,1420.00,1423.00,1549100,0
KAZ.L,20101001,1460.00,1475.00,1444.00,1461.00,1846900,0
KAZ.L,20100930,1442.00,1488.00,1434.00,1452.00,1866000,0
KAZ.L,20100929,1469.00,1477.00,1439.00,1457.00,1558900,0
KAZ.L,20100928,1427.00,1463.00,1412.00,1460.00,2134600,0
KAZ.L,20100927,1417.00,1455.00,1417.00,1442.00,1831900,0
KAZ.L,20100924,1398.00,1426.00,1368.00,1421.00,3169800,0
KAZ.L,20100923,1452.00,1453.00,1384.00,1428.00,2488400,0
KAZ.L,20100922,1409.00,1448.00,1388.00,1441.00,1826100,0
KAZ.L,20100921,1396.00,1423.00,1395.00,1400.00,1711000,0
KAZ.L,20100920,1396.00,1404.00,1371.00,1402.00,1056800,0
KAZ.L,20100917,1388.00,1410.00,1381.00,1388.00,2626100,0
KAZ.L,20100916,1350.00,1369.00,1338.00,1365.00,1095300,0
KAZ.L,20100915,1363.00,1372.00,1336.00,1355.00,1492200,0
KAZ.L,20100914,1346.00,1369.00,1339.00,1363.00,2519100,0
KAZ.L,20100913,1308.00,1352.00,1301.00,1352.00,2244100,0
KAZ.L,20100910,1291.00,1314.00,1284.00,1285.00,1445300,0
KAZ.L,20100909,1266.00,1309.00,1264.00,1295.00,1606900,0
KAZ.L,20100908,1230.00,1285.00,1222.00,1276.00,1658400,0
KAZ.L,20100907,1253.00,1263.00,1237.00,1246.00,1306600,0
KAZ.L,20100906,1296.00,1300.00,1268.00,1268.00,878300,0
KAZ.L,20100903,1250.00,1298.00,1240.00,1285.00,2534200,0
KAZ.L,20100902,1225.00,1260.00,1221.00,1247.00,2538000,0
KAZ.L,20100901,1170.00,1236.00,1164.00,1236.00,2760900,0
KAZ.L,20100831,1111.00,1156.00,1097.00,1156.00,1861700,0
KAZ.L,20100827,1126.00,1142.00,1099.00,1138.00,1870600,0
KAZ.L,20100826,1097.00,1133.00,1095.00,1129.00,2567000,0
KAZ.L,20100825,1101.00,1114.00,1062.00,1073.00,1862800,0
KAZ.L,20100824,1136.00,1136.00,1079.00,1103.00,1897400,0
KAZ.L,20100823,1148.00,1170.00,1143.00,1148.00,1213900,0
KAZ.L,20100820,1183.00,1191.00,1138.00,1141.00,2124400,0
KAZ.L,20100819,1210.00,1226.00,1184.00,1188.00,2380800,0
KAZ.L,20100818,1220.00,1224.00,1196.00,1203.00,1558200,0
KAZ.L,20100817,1187.00,1223.00,1187.00,1219.00,1590500,0
KAZ.L,20100816,1163.00,1184.00,1151.00,1176.00,861500,0
KAZ.L,20100813,1180.00,1198.00,1143.00,1156.00,1373200,0
KAZ.L,20100812,1160.00,1178.00,1133.00,1170.00,2020400,0
KAZ.L,20100811,1226.00,1226.00,1166.00,1168.00,2194400,0
KAZ.L,20100810,1261.00,1261.00,1222.00,1241.00,1922000,0
KAZ.L,20100809,1280.00,1305.00,1266.00,1271.81,1322200,0
KAZ.L,20100806,1270.00,1300.00,1257.00,1268.00,2131900,0
KAZ.L,20100805,1262.00,1290.00,1243.00,1263.00,1933400,0
KAZ.L,20100804,1252.00,1280.00,1225.00,1266.00,1484500,0
KAZ.L,20100803,1277.00,1277.00,1251.00,1262.00,2095200,0
KAZ.L,20100802,1239.00,1279.00,1218.00,1278.00,2584300,0
KAZ.L,20100730,1222.00,1230.00,1196.00,1216.00,2383400,0
KAZ.L,20100729,1205.00,1248.00,1196.00,1220.00,2407400,0
KAZ.L,20100728,1230.00,1246.00,1192.00,1197.00,2439500,0
KAZ.L,20100727,1198.00,1236.00,1197.00,1216.00,3738400,0
KAZ.L,20100726,1199.00,1222.00,1185.00,1203.00,2325900,0
KAZ.L,20100723,1164.00,1198.00,1157.00,1185.00,2766900,0
KAZ.L,20100722,1097.00,1168.00,1090.00,1163.00,3983000,0
KAZ.L,20100721,1049.00,1112.00,1049.00,1106.00,4279500,0
KAZ.L,20100720,1005.00,1037.00,991.00,1034.00,3021000,0
KAZ.L,20100719,1013.00,1037.00,1007.00,1017.00,2117900,0
KAZ.L,20100716,1058.00,1072.00,1017.00,1024.00,2911300,0
KAZ.L,20100715,1065.00,1067.00,1036.00,1051.00,2711500,0
KAZ.L,20100714,1084.00,1094.00,1049.00,1071.00,1670900,0
KAZ.L,20100713,1053.00,1089.00,1044.00,1075.80,1329100,0
KAZ.L,20100712,1086.00,1091.00,1053.00,1057.00,1711400,0
KAZ.L,20100709,1071.00,1094.00,1061.00,1088.00,2149800,0
KAZ.L,20100708,1059.00,1068.00,1042.00,1061.00,2666700,0
KAZ.L,20100707,1024.00,1039.00,985.50,1037.00,3267900,0
KAZ.L,20100706,975.50,1037.00,975.50,1037.00,2035100,0
KAZ.L,20100705,1002.00,1007.00,966.50,967.50,1267100,0
KAZ.L,20100702,990.50,1015.00,973.50,984.50,2291500,0
KAZ.L,20100701,977.50,995.00,955.50,965.00,3398900,0
KAZ.L,20100630,1031.00,1035.00,989.50,994.00,3533500,0
KAZ.L,20100629,1087.00,1087.00,1029.00,1032.00,2855900,0
KAZ.L,20100628,1076.00,1101.00,1056.00,1087.00,2144700,0
KAZ.L,20100625,1106.00,1120.00,1060.00,1067.00,1843500,0
KAZ.L,20100624,1181.00,1188.00,1103.00,1110.00,2337100,0
KAZ.L,20100623,1171.00,1210.00,1159.00,1169.00,1147100,0
KAZ.L,20100622,1219.00,1219.00,1183.00,1196.00,1455900,0
KAZ.L,20100621,1224.00,1265.00,1217.00,1235.00,2240200,0
KAZ.L,20100618,1185.00,1201.00,1176.00,1194.00,1931900,0
KAZ.L,20100617,1186.00,1203.00,1171.00,1180.00,1441200,0
KAZ.L,20100616,1200.00,1210.00,1179.00,1193.00,1296800,0
KAZ.L,20100615,1170.00,1203.00,1166.00,1193.00,1140800,0
KAZ.L,20100614,1155.00,1187.00,1149.00,1183.00,1287300,0
KAZ.L,20100611,1155.00,1162.00,1119.00,1134.00,1927000,0
KAZ.L,20100610,1102.00,1158.00,1085.00,1144.00,4174500,0
KAZ.L,20100609,1074.00,1112.00,1066.00,1106.00,3337800,0
KAZ.L,20100608,1085.00,1099.00,1035.00,1059.00,3597900,0
KAZ.L,20100607,1086.00,1108.00,1060.00,1074.00,2004900,0
KAZ.L,20100604,1175.00,1190.00,1111.00,1119.00,1968200,0
KAZ.L,20100603,1198.00,1215.00,1170.00,1178.00,2506800,0
KAZ.L,20100602,1144.00,1160.00,1128.00,1159.00,2137800,0
KAZ.L,20100601,1157.00,1173.00,1131.00,1166.00,2291600,0
KAZ.L,20100528,1212.00,1226.00,1181.00,1185.00,2584600,0
KAZ.L,20100527,1165.00,1206.00,1164.00,1195.00,2644100,0
KAZ.L,20100526,1120.00,1163.00,1109.00,1149.00,3809300,0
KAZ.L,20100525,1079.00,1089.00,1042.00,1072.00,3634000,0
KAZ.L,20100524,1135.00,1148.00,1083.00,1126.00,3877800,0
KAZ.L,20100521,1077.00,1121.00,1059.00,1113.00,6876000,0
KAZ.L,20100520,1126.00,1159.00,1048.00,1089.00,5777300,0
KAZ.L,20100519,1191.00,1191.00,1123.00,1138.00,4321400,0
KAZ.L,20100518,1220.00,1249.00,1215.00,1220.00,2505900,0
KAZ.L,20100517,1217.00,1263.00,1190.00,1201.00,2927800,0
KAZ.L,20100514,1311.00,1315.00,1229.00,1236.00,2762700,0
KAZ.L,20100513,1311.00,1332.00,1299.00,1328.00,1807300,0
KAZ.L,20100512,1263.00,1306.00,1254.00,1293.00,2892100,0
KAZ.L,20100511,1292.00,1306.00,1241.00,1270.00,2895500,0
KAZ.L,20100510,1340.00,1340.00,1266.00,1325.00,4367800,0
KAZ.L,20100507,1170.00,1237.00,1154.00,1197.00,5591600,0
KAZ.L,20100506,1220.00,1283.00,1198.00,1214.00,3726400,0
KAZ.L,20100505,1317.00,1321.00,1194.00,1240.00,6895400,0
KAZ.L,20100504,1371.00,1411.00,1298.00,1300.00,5058500,0
KAZ.L,20100430,1436.00,1489.00,1395.00,1404.00,3302900,0
KAZ.L,20100429,1422.00,1443.00,1379.00,1432.00,3385100,0
KAZ.L,20100428,1382.00,1400.00,1345.00,1379.00,4474200,0
KAZ.L,20100427,1472.00,1472.00,1389.00,1389.00,2378000,0
KAZ.L,20100426,1462.00,1486.00,1449.00,1480.00,1902300,0
KAZ.L,20100423,1428.00,1457.00,1407.00,1430.00,2236900,0
KAZ.L,20100422,1448.00,1473.00,1413.00,1420.00,3313300,0
KAZ.L,20100421,1474.00,1483.00,1448.00,1450.00,3421100,0
KAZ.L,20100420,1474.00,1505.00,1474.00,1480.00,2813000,0
KAZ.L,20100419,1494.00,1494.00,1450.00,1474.00,2421400,0
KAZ.L,20100416,1544.00,1550.00,1490.00,1498.00,3494000,0
KAZ.L,20100415,1554.00,1567.00,1538.00,1557.00,1251900,0
KAZ.L,20100414,1546.00,1569.00,1540.00,1556.00,1400300,0
KAZ.L,20100413,1568.00,1576.00,1525.00,1527.00,4332500,0
KAZ.L,20100412,1599.00,1610.00,1563.00,1577.00,2161700,0
KAZ.L,20100409,1576.00,1600.00,1575.00,1591.00,1495200,0
KAZ.L,20100408,1585.00,1585.00,1541.00,1557.00,1848500,0
KAZ.L,20100407,1621.00,1627.00,1595.00,1603.00,1915800,0
KAZ.L,20100406,1591.00,1634.00,1585.00,1630.00,1416600,0
KAZ.L,20100401,1533.00,1597.00,1533.00,1582.00,2171700,0
KAZ.L,20100331,1537.00,1540.00,1509.00,1527.00,2649200,0
KAZ.L,20100330,1550.00,1577.00,1531.00,1543.00,1830000,0
KAZ.L,20100329,1530.00,1574.00,1530.00,1549.00,1499400,0
KAZ.L,20100326,1519.00,1530.00,1507.00,1525.00,1273300,0
KAZ.L,20100325,1511.00,1528.00,1492.00,1521.00,2067900,0
KAZ.L,20100324,1505.00,1526.00,1471.00,1511.00,1611400,0
KAZ.L,20100323,1479.00,1517.00,1479.00,1505.00,1405300,0
KAZ.L,20100322,1476.00,1476.00,1432.00,1476.00,1759700,0
KAZ.L,20100319,1506.00,1530.00,1472.00,1483.00,1925300,0
KAZ.L,20100318,1519.00,1529.00,1492.00,1504.00,1527000,0
KAZ.L,20100317,1509.00,1539.00,1509.00,1532.00,1404300,0
KAZ.L,20100316,1477.00,1504.00,1472.00,1496.00,1320500,0
KAZ.L,20100315,1506.00,1507.00,1471.00,1473.00,1480400,0
KAZ.L,20100312,1505.00,1533.00,1482.00,1517.00,2731400,0
KAZ.L,20100311,1511.00,1541.00,1485.00,1496.00,3243700,0
KAZ.L,20100310,1525.00,1552.00,1511.00,1545.00,1754200,0
KAZ.L,20100309,1529.00,1530.00,1479.00,1523.00,2338900,0
KAZ.L,20100308,1534.00,1563.00,1522.00,1529.00,1465500,0
KAZ.L,20100305,1505.00,1553.00,1486.00,1546.00,2972200,0
KAZ.L,20100304,1476.00,1548.00,1475.00,1501.00,4293200,0
KAZ.L,20100303,1456.00,1531.00,1445.00,1516.00,4015600,0
KAZ.L,20100302,1411.00,1451.00,1399.00,1446.00,3501400,0
KAZ.L,20100301,1400.00,1410.00,1378.00,1410.00,3735800,0
KAZ.L,20100226,1320.00,1352.00,1313.00,1341.00,2761700,0
KAZ.L,20100225,1318.00,1344.00,1286.00,1307.00,4039400,0
KAZ.L,20100224,1339.00,1342.00,1310.00,1332.00,3165500,0
KAZ.L,20100223,1372.00,1400.00,1331.00,1338.00,4111100,0
KAZ.L,20100222,1352.00,1384.00,1351.00,1363.00,2461400,0
KAZ.L,20100219,1317.00,1347.00,1313.00,1335.00,2877700,0
KAZ.L,20100218,1305.00,1353.00,1288.00,1349.00,4496500,0
KAZ.L,20100217,1310.00,1338.00,1306.00,1311.00,4699700,0
KAZ.L,20100216,1280.00,1304.00,1264.00,1300.00,2909400,0
KAZ.L,20100215,1259.00,1293.00,1256.00,1264.00,1402900,0
KAZ.L,20100212,1284.00,1303.00,1233.00,1253.00,3606500,0
KAZ.L,20100211,1280.00,1314.00,1251.00,1277.00,2431000,0
KAZ.L,20100210,1285.00,1305.00,1242.00,1259.00,3999700,0
KAZ.L,20100209,1245.00,1304.00,1237.00,1275.00,3895700,0
KAZ.L,20100208,1225.00,1261.00,1182.00,1240.00,5215300,0
KAZ.L,20100205,1185.00,1236.00,1137.00,1207.00,7904800,0
KAZ.L,20100204,1319.00,1325.00,1188.00,1199.00,7123400,0
KAZ.L,20100203,1356.00,1370.00,1320.00,1325.00,4048700,0
KAZ.L,20100202,1290.00,1341.00,1283.00,1331.00,3389600,0
KAZ.L,20100201,1215.00,1287.00,1206.00,1281.00,3121800,0
KAZ.L,20100129,1235.00,1250.00,1209.00,1219.00,4199300,0
KAZ.L,20100128,1284.00,1312.00,1224.00,1226.00,3323500,0
KAZ.L,20100127,1252.00,1284.00,1228.00,1265.00,2633500,0
KAZ.L,20100126,1280.00,1285.00,1252.00,1274.00,3292500,0
KAZ.L,20100125,1285.00,1335.00,1277.00,1304.00,2479000,0
KAZ.L,20100122,1277.00,1300.00,1235.00,1294.00,3609100,0
KAZ.L,20100121,1389.00,1399.00,1279.00,1280.00,4582700,0
KAZ.L,20100120,1424.00,1437.00,1349.00,1362.00,3259400,0
KAZ.L,20100119,1447.00,1454.00,1402.00,1441.00,1557200,0
KAZ.L,20100118,1420.00,1452.00,1416.00,1445.00,1428800,0
KAZ.L,20100115,1450.00,1475.00,1401.00,1410.00,2524800,0
KAZ.L,20100114,1443.00,1478.00,1440.00,1450.00,2140000,0
KAZ.L,20100113,1421.00,1450.00,1408.00,1426.00,2146900,0
KAZ.L,20100112,1483.00,1490.00,1422.00,1435.00,3047500,0
KAZ.L,20100111,1516.00,1558.00,1484.00,1492.00,2286900,0
KAZ.L,20100108,1465.00,1511.00,1465.00,1499.00,2461800,0
KAZ.L,20100107,1428.00,1481.00,1409.00,1463.00,2616500,0
KAZ.L,20100106,1404.00,1445.00,1387.00,1436.00,1644200,0
KAZ.L,20100105,1375.00,1404.00,1366.00,1397.00,2173800,0
KAZ.L,20100104,1326.00,1379.00,1324.00,1379.00,1753500,0
KAZ.L,20091231,1315.00,1331.00,1315.00,1328.00,274600,0
KAZ.L,20091230,1303.00,1323.00,1291.00,1315.00,1278000,0
KAZ.L,20091229,1299.00,1322.00,1292.00,1310.00,1318000,0
KAZ.L,20091224,1269.00,1293.00,1268.00,1288.00,233000,0
KAZ.L,20091223,1253.00,1293.00,1248.00,1272.00,1532400,0
KAZ.L,20091222,1267.00,1279.00,1246.00,1246.00,915900,0
KAZ.L,20091221,1248.00,1278.00,1248.00,1261.00,1239100,0
KAZ.L,20091218,1238.00,1288.00,1238.00,1250.00,2695300,0
KAZ.L,20091217,1272.00,1283.00,1245.00,1245.00,1502600,0
KAZ.L,20091216,1249.00,1298.00,1249.00,1292.00,1474400,0
KAZ.L,20091215,1274.00,1287.00,1236.00,1255.00,1434800,0
KAZ.L,20091214,1270.00,1283.00,1261.00,1268.00,742800,0
KAZ.L,20091211,1230.00,1283.00,1230.00,1253.00,1817300,0
KAZ.L,20091210,1230.00,1251.00,1226.00,1226.00,1910200,0
KAZ.L,20091209,1249.00,1254.00,1198.00,1224.00,2910900,0
KAZ.L,20091208,1269.00,1296.00,1243.00,1250.00,3053300,0
KAZ.L,20091207,1280.00,1283.00,1250.00,1279.00,2176200,0
KAZ.L,20091204,1263.00,1345.00,1263.00,1273.00,3202300,0
KAZ.L,20091203,1319.00,1331.00,1291.00,1299.00,2599800,0
KAZ.L,20091202,1298.00,1319.00,1282.00,1309.00,2730300,0
KAZ.L,20091201,1254.00,1284.00,1243.00,1280.00,2747200,0
KAZ.L,20091130,1252.00,1261.00,1213.00,1233.00,1760200,0
KAZ.L,20091127,1174.00,1248.00,1141.00,1237.00,3716500,0
KAZ.L,20091126,1268.00,1270.00,1203.00,1213.00,3572100,0
KAZ.L,20091125,1305.00,1319.00,1281.00,1296.00,2315300,0
KAZ.L,20091124,1288.00,1324.00,1277.00,1281.00,1981600,0
KAZ.L,20091123,1300.00,1336.00,1295.00,1320.00,2391400,0
KAZ.L,20091120,1276.00,1306.00,1253.00,1266.00,2290700,0
KAZ.L,20091119,1327.00,1327.00,1265.00,1273.00,3351200,0
KAZ.L,20091118,1300.00,1338.00,1300.00,1327.00,3651900,0
KAZ.L,20091117,1294.00,1304.00,1267.00,1300.00,2940900,0
KAZ.L,20091116,1294.00,1306.00,1276.00,1300.00,2446600,0
KAZ.L,20091113,1231.00,1265.00,1231.00,1258.00,3913900,0
KAZ.L,20091112,1274.00,1302.00,1252.00,1270.00,2718500,0
KAZ.L,20091111,1277.00,1317.00,1264.00,1290.00,4292300,0
KAZ.L,20091110,1272.00,1292.00,1232.00,1252.00,3532100,0
KAZ.L,20091109,1234.00,1296.00,1234.00,1286.00,2467200,0
KAZ.L,20091106,1220.00,1229.00,1171.00,1221.00,2502700,0
KAZ.L,20091105,1178.00,1217.00,1145.00,1207.00,3379800,0
KAZ.L,20091104,1151.00,1204.00,1138.00,1197.00,3164200,0
KAZ.L,20091103,1115.00,1130.00,1070.00,1099.00,3606900,0
KAZ.L,20091102,1088.00,1162.00,1079.00,1131.25,4401800,0
KAZ.L,20091030,1207.00,1215.00,1082.00,1089.00,4401100,0
KAZ.L,20091029,1097.00,1198.00,1057.00,1186.00,6742000,0
KAZ.L,20091028,1217.00,1217.00,1111.00,1113.00,5634500,0
KAZ.L,20091027,1263.00,1277.00,1222.00,1224.00,2678700,0
KAZ.L,20091026,1291.00,1314.00,1247.00,1262.00,2631000,0
KAZ.L,20091023,1278.00,1317.00,1277.00,1294.00,3218900,0
KAZ.L,20091022,1255.00,1269.00,1234.00,1252.00,2144300,0
KAZ.L,20091021,1301.00,1301.00,1233.00,1283.00,3140100,0
KAZ.L,20091020,1323.00,1332.00,1284.00,1288.00,2868300,0
KAZ.L,20091019,1272.00,1306.00,1268.00,1301.00,1797300,0
KAZ.L,20091016,1310.00,1320.00,1236.00,1258.00,3613000,0
KAZ.L,20091015,1296.00,1311.00,1263.00,1295.00,3628000,0
KAZ.L,20091014,1224.00,1295.00,1216.00,1289.00,5224500,0
KAZ.L,20091013,1163.00,1220.00,1154.00,1163.00,3787100,0
KAZ.L,20091012,1161.00,1182.00,1148.00,1173.00,1583300,0
KAZ.L,20091009,1140.00,1155.00,1115.00,1148.00,2133400,0
KAZ.L,20091008,1130.00,1153.00,1120.00,1152.00,3215900,0
KAZ.L,20091007,1089.00,1120.00,1081.00,1098.00,3381700,0
KAZ.L,20091006,1016.00,1099.00,1015.00,1093.00,3192200,0
KAZ.L,20091005,994.00,1030.00,983.50,1002.00,3282400,0
KAZ.L,20091002,1031.00,1031.00,955.00,986.50,4731900,0
KAZ.L,20091001,1075.00,1104.00,1035.00,1037.00,2744200,0
KAZ.L,20090930,1083.00,1098.00,1047.00,1074.00,2274400,0
KAZ.L,20090929,1075.00,1090.00,1047.00,1074.00,1835200,0
KAZ.L,20090928,1050.00,1075.00,1016.00,1074.00,2282500,0
KAZ.L,20090925,1064.00,1074.00,1050.00,1055.00,2893800,0
KAZ.L,20090924,1094.00,1117.00,1051.00,1064.00,4208900,0
KAZ.L,20090923,1099.00,1133.00,1084.00,1102.00,2809000,0
KAZ.L,20090922,1093.00,1124.00,1093.00,1099.00,2051300,0
KAZ.L,20090921,1077.00,1116.00,1063.00,1087.00,3672600,0
KAZ.L,20090918,1122.00,1154.00,1116.00,1124.00,4471300,0
KAZ.L,20090917,1140.00,1177.00,1117.00,1141.00,2854300,0
KAZ.L,20090916,1107.00,1147.00,1104.00,1133.00,2387200,0
KAZ.L,20090915,1095.00,1106.00,1068.00,1097.00,1728000,0
KAZ.L,20090914,1070.00,1092.00,1052.00,1087.00,2595900,0
KAZ.L,20090911,1094.00,1113.00,1088.00,1096.00,2568000,0
KAZ.L,20090910,1092.00,1106.00,1037.00,1079.00,4371400,0
KAZ.L,20090909,1062.00,1123.00,1056.00,1082.00,5153700,0
KAZ.L,20090908,1020.00,1083.00,1020.00,1078.00,3884200,0
KAZ.L,20090907,994.50,1014.00,986.00,1013.00,2225500,0
KAZ.L,20090904,977.50,1000.00,969.50,982.50,3570300,0
KAZ.L,20090903,940.00,970.00,932.00,948.00,3516700,0
KAZ.L,20090902,947.00,957.50,901.50,920.00,5532000,0
KAZ.L,20090901,993.00,993.00,928.00,953.50,4539200,0
KAZ.L,20090828,965.00,1002.00,959.50,988.50,4488300,0
KAZ.L,20090827,944.50,968.50,926.00,937.00,4745000,0
KAZ.L,20090826,934.00,958.50,910.50,917.50,2785400,0
KAZ.L,20090825,952.50,963.00,937.50,945.00,3252200,0
KAZ.L,20090824,948.50,984.50,948.00,980.00,3605900,0
KAZ.L,20090821,896.00,932.50,890.00,926.50,228800,0
KAZ.L,20090820,895.50,913.00,892.00,906.50,578600,0
KAZ.L,20090819,867.50,882.00,852.00,878.00,394300,0
KAZ.L,20090818,866.50,903.50,862.50,880.00,347300,0
KAZ.L,20090817,871.00,874.50,845.00,863.50,732400,0
KAZ.L,20090814,920.00,951.50,893.00,897.50,1351200,0
KAZ.L,20090813,869.50,934.00,867.50,900.50,798600,0
KAZ.L,20090812,853.00,860.50,803.50,854.00,664200,0
KAZ.L,20090811,911.00,920.00,848.50,852.00,510300,0
KAZ.L,20090810,924.00,936.50,901.50,906.50,217400,0
KAZ.L,20090807,909.00,951.00,865.00,930.00,2774500,0
KAZ.L,20090806,966.50,995.00,915.50,921.00,1257300,0
KAZ.L,20090805,941.00,975.00,906.50,954.00,1313000,0
KAZ.L,20090804,927.00,938.00,890.00,914.00,538900,0
KAZ.L,20090803,856.00,944.00,850.50,931.50,389500,0
KAZ.L,20090731,840.00,865.50,828.00,856.50,348200,0
KAZ.L,20090730,787.00,843.00,787.00,833.50,618200,0
KAZ.L,20090729,777.00,823.50,768.00,788.00,236000,0
KAZ.L,20090728,849.00,887.00,783.00,789.00,720500,0
KAZ.L,20090727,830.00,846.50,815.50,846.50,442400,0
KAZ.L,20090724,806.50,837.50,796.00,810.50,475800,0
KAZ.L,20090723,750.50,815.50,742.50,785.02,843600,0
KAZ.L,20090722,761.00,761.00,710.50,740.50,653800,0
KAZ.L,20090721,736.00,763.50,728.50,756.50,364400,0
KAZ.L,20090720,701.50,749.50,697.00,737.50,372500,0
KAZ.L,20090717,673.00,698.50,673.00,685.50,872400,0
KAZ.L,20090716,680.00,688.50,659.50,674.50,698500,0
KAZ.L,20090715,649.50,681.00,649.50,678.50,570600,0
KAZ.L,20090714,603.50,647.00,603.50,640.50,601400,0
KAZ.L,20090713,590.50,603.50,574.50,591.00,535500,0
KAZ.L,20090710,609.00,611.00,593.50,594.00,525100,0
KAZ.L,20090709,601.00,621.50,598.00,607.00,433200,0
KAZ.L,20090708,597.50,606.50,590.00,592.50,409700,0
KAZ.L,20090707,601.00,632.50,594.50,602.00,622700,0
KAZ.L,20090706,643.00,643.00,587.00,591.50,512600,0
KAZ.L,20090703,648.50,655.50,623.00,630.00,588600,0
KAZ.L,20090702,667.50,677.00,644.50,646.00,358700,0
KAZ.L,20090701,637.00,671.00,632.00,662.00,390900,0
KAZ.L,20090630,649.00,664.00,626.50,630.00,481000,0
KAZ.L,20090629,633.00,646.00,622.00,642.00,251200,0
KAZ.L,20090626,631.50,657.00,623.00,633.50,294800,0
KAZ.L,20090625,627.00,639.00,607.50,624.50,371700,0
KAZ.L,20090624,595.50,635.00,595.50,630.00,685500,0
KAZ.L,20090623,578.00,607.50,567.50,596.33,1188500,0
KAZ.L,20090622,641.00,648.50,586.50,587.00,752200,0
KAZ.L,20090619,621.00,652.50,621.00,637.50,2279000,0
KAZ.L,20090618,630.00,653.00,608.00,620.50,450400,0
KAZ.L,20090617,674.50,686.50,615.50,628.50,441800,0
KAZ.L,20090616,688.00,697.50,671.50,682.50,413600,0
KAZ.L,20090615,730.00,730.00,686.00,686.00,655700,0
KAZ.L,20090612,754.50,765.00,726.00,737.00,358500,0
KAZ.L,20090611,742.00,766.00,726.50,759.00,316300,0
KAZ.L,20090610,720.00,755.50,718.50,739.50,2534000,0
KAZ.L,20090609,690.00,706.50,681.50,695.00,337900,0
KAZ.L,20090608,695.50,695.50,669.00,686.50,231700,0
KAZ.L,20090605,681.00,732.50,680.50,699.00,1440400,0
KAZ.L,20090604,695.50,715.00,651.50,662.00,672300,0
KAZ.L,20090603,737.00,744.00,687.00,699.00,817900,0
KAZ.L,20090602,719.50,750.00,697.00,730.50,984300,0
KAZ.L,20090601,712.50,740.00,711.50,731.00,633900,0
KAZ.L,20090529,686.50,706.50,675.50,690.50,1409700,0
KAZ.L,20090528,658.50,678.00,642.50,667.00,612900,0
KAZ.L,20090527,689.50,705.50,664.50,675.00,228000,0
KAZ.L,20090526,681.00,697.50,634.00,673.50,681700,0
KAZ.L,20090522,679.50,700.00,661.00,682.50,463300,0
KAZ.L,20090521,689.00,694.50,641.00,643.50,287100,0
KAZ.L,20090520,679.50,720.50,671.50,711.50,143300,0
KAZ.L,20090519,685.50,707.00,670.00,679.50,402600,0
KAZ.L,20090518,620.50,675.50,594.00,669.00,891400,0
KAZ.L,20090515,635.00,656.00,610.50,633.50,491000,0
KAZ.L,20090514,598.00,630.00,574.50,626.50,389400,0
KAZ.L,20090513,662.00,674.50,590.00,595.00,262400,0
KAZ.L,20090512,651.50,680.00,638.00,666.50,476600,0
KAZ.L,20090511,786.50,786.50,648.50,663.00,1056300,0
KAZ.L,20090508,718.50,772.50,710.50,767.50,1020400,0
KAZ.L,20090507,677.50,741.00,670.00,716.50,841600,0
KAZ.L,20090506,641.00,688.00,632.00,663.50,885300,0
KAZ.L,20090505,630.00,699.50,625.50,646.50,587800,0
KAZ.L,20090501,537.50,590.00,529.00,590.00,870600,0
KAZ.L,20090430,523.50,548.00,523.50,535.00,584900,0
KAZ.L,20090429,483.50,514.00,483.50,511.00,378300,0
KAZ.L,20090428,498.50,498.50,466.25,482.50,326500,0
KAZ.L,20090427,507.00,510.50,487.25,504.50,381500,0
KAZ.L,20090424,495.50,518.00,490.50,515.50,507400,0
KAZ.L,20090423,474.75,496.25,464.00,476.50,231400,0
KAZ.L,20090422,463.50,484.75,454.50,481.25,3370600,0
KAZ.L,20090421,455.25,482.25,444.25,466.75,521000,0
KAZ.L,20090420,520.00,521.50,455.00,464.50,934500,0
KAZ.L,20090417,518.00,530.00,505.50,514.50,4448700,0
KAZ.L,20090416,495.25,521.50,493.75,517.50,5419900,0
KAZ.L,20090415,506.50,517.00,478.00,487.25,4472700,0
KAZ.L,20090414,475.25,522.50,466.00,513.50,6162300,0
KAZ.L,20090409,440.00,473.75,433.00,466.00,3788400,0
KAZ.L,20090408,412.00,439.00,403.75,426.25,5514300,0
KAZ.L,20090407,440.00,454.50,406.50,421.25,4936000,0
KAZ.L,20090406,459.75,480.00,430.75,438.00,6501600,0
KAZ.L,20090403,453.75,469.25,440.00,452.00,5187700,0
KAZ.L,20090402,414.75,465.00,410.25,459.50,7599300,0
KAZ.L,20090401,363.75,402.75,351.25,391.50,4995500,0
KAZ.L,20090331,336.50,376.50,336.50,371.00,5089800,0
KAZ.L,20090330,371.00,371.00,325.50,332.50,7607700,0
KAZ.L,20090327,394.00,405.25,363.50,378.75,4665200,0
KAZ.L,20090326,370.00,404.50,370.00,397.00,4605000,0
KAZ.L,20090325,369.25,380.50,347.00,363.25,5370800,0
KAZ.L,20090324,406.75,415.00,369.00,375.75,7062000,0
KAZ.L,20090323,375.00,409.25,375.00,402.25,4305800,0
KAZ.L,20090320,345.00,370.00,343.00,368.50,7414800,0
KAZ.L,20090319,314.50,355.50,310.00,349.75,6411700,0
KAZ.L,20090318,320.00,327.75,296.00,303.25,3871400,0
KAZ.L,20090317,321.75,328.50,305.50,313.75,3827800,0
KAZ.L,20090316,330.00,330.00,309.75,321.00,4623800,0
KAZ.L,20090313,315.25,332.75,315.25,323.50,5035300,0
KAZ.L,20090312,309.75,312.50,290.50,309.00,5288600,0
KAZ.L,20090311,300.00,315.00,288.50,310.00,8067700,0
KAZ.L,20090310,262.00,303.00,261.75,301.00,6199300,0
KAZ.L,20090309,268.75,279.25,256.00,263.00,3554500,0
KAZ.L,20090306,260.00,277.25,247.75,268.25,4150300,0
KAZ.L,20090305,273.00,284.00,251.00,258.50,7697600,0
KAZ.L,20090304,243.25,281.75,241.50,281.75,8861400,0
KAZ.L,20090303,248.00,256.25,234.25,235.50,6137500,0
KAZ.L,20090302,255.00,263.50,244.25,245.75,4023800,0
KAZ.L,20090227,270.00,282.00,252.50,261.50,5711800,0
KAZ.L,20090226,265.25,281.25,264.50,278.25,4804400,0
KAZ.L,20090225,265.00,271.25,249.50,260.75,3375200,0
KAZ.L,20090224,253.75,260.00,243.00,255.50,3156200,0
KAZ.L,20090223,262.50,271.75,258.75,260.25,3403800,0
KAZ.L,20090220,278.00,278.00,254.25,257.00,5699400,0
KAZ.L,20090219,277.25,292.00,276.75,284.75,3671000,0
KAZ.L,20090218,279.50,285.00,264.00,276.00,3828500,0
KAZ.L,20090217,291.50,307.00,271.50,278.50,3576700,0
KAZ.L,20090216,306.25,307.50,293.25,296.75,2745700,0
KAZ.L,20090213,302.25,315.00,296.50,309.00,4185800,0
KAZ.L,20090212,304.25,306.50,283.50,296.50,4288900,0
KAZ.L,20090211,285.25,306.00,280.75,304.75,4863800,0
KAZ.L,20090210,315.75,317.50,276.25,291.00,6367900,0
KAZ.L,20090209,289.75,328.00,283.00,321.50,6489600,0
KAZ.L,20090206,290.00,298.00,284.00,290.00,6497800,0
KAZ.L,20090205,271.50,293.75,268.50,286.50,5422600,0
KAZ.L,20090204,260.00,281.25,252.50,280.25,13933000,0
KAZ.L,20090203,221.50,246.00,221.50,244.00,4804700,0
KAZ.L,20090202,221.00,225.00,213.00,221.75,3138200,0
KAZ.L,20090130,234.00,241.25,219.00,223.75,4666400,0
KAZ.L,20090129,238.75,239.00,224.75,233.75,3765300,0
KAZ.L,20090128,242.25,247.50,228.00,242.00,4368200,0
KAZ.L,20090127,230.75,244.50,224.00,237.25,4809400,0
KAZ.L,20090126,214.75,233.25,209.00,228.75,4810900,0
KAZ.L,20090123,208.25,217.75,198.20,214.50,4510700,0
KAZ.L,20090122,212.25,227.00,206.25,208.00,3936600,0
KAZ.L,20090121,195.00,212.00,187.30,206.75,6193900,0
KAZ.L,20090120,205.00,214.00,197.00,198.80,4091600,0
KAZ.L,20090119,224.00,235.00,200.00,206.50,5878300,0
KAZ.L,20090116,223.00,235.00,216.75,221.00,5119000,0
KAZ.L,20090115,220.25,227.25,208.00,217.00,5248300,0
KAZ.L,20090114,253.00,254.25,215.00,222.75,3761400,0
KAZ.L,20090113,241.00,250.25,232.00,248.25,3271700,0
KAZ.L,20090112,247.75,253.50,243.00,246.75,2851500,0
KAZ.L,20090109,260.00,267.75,249.50,251.00,3486300,0
KAZ.L,20090108,265.00,270.75,247.50,261.00,3200600,0
KAZ.L,20090107,284.75,288.00,267.25,270.00,4970700,0
KAZ.L,20090106,272.00,291.75,263.00,281.50,7040000,0
KAZ.L,20090105,255.00,278.75,255.00,265.00,2366700,0
KAZ.L,20090102,234.25,256.50,230.00,255.00,1447100,0
KAZ.L,20081231,232.50,238.00,227.00,231.00,1134400,0
KAZ.L,20081230,235.75,241.00,229.75,233.50,1318500,0
KAZ.L,20081229,223.50,237.00,221.25,232.75,1591900,0
KAZ.L,20081224,233.00,236.00,220.00,220.50,479300,0
KAZ.L,20081223,227.00,236.25,226.25,226.25,2106500,0
KAZ.L,20081222,233.00,239.00,225.25,230.00,1861700,0
KAZ.L,20081219,238.75,245.75,223.25,230.75,4761500,0
KAZ.L,20081218,260.00,263.50,238.25,242.75,2790000,0
KAZ.L,20081217,251.75,259.00,244.25,255.75,3409400,0
KAZ.L,20081216,248.25,256.25,238.00,246.25,3779500,0
KAZ.L,20081215,242.25,255.25,242.25,246.25,2878700,0
KAZ.L,20081212,241.50,249.50,225.00,240.25,2284800,0
KAZ.L,20081211,254.75,259.00,239.75,253.00,5163400,0
KAZ.L,20081210,240.00,258.00,240.00,250.00,7186500,0
KAZ.L,20081209,230.00,249.00,220.25,239.25,7935200,0
KAZ.L,20081208,225.50,234.75,222.00,230.00,5607400,0
KAZ.L,20081205,228.00,230.00,208.50,215.00,3484400,0
KAZ.L,20081204,218.25,239.50,205.75,231.00,5107100,0
KAZ.L,20081203,211.75,225.00,201.75,220.75,4282800,0
KAZ.L,20081202,211.25,231.50,201.00,212.50,5169800,0
KAZ.L,20081201,251.00,260.00,212.75,217.00,3464000,0
KAZ.L,20081128,270.75,274.00,239.00,259.75,4725100,0
KAZ.L,20081127,246.00,270.00,242.25,269.00,2710500,0
KAZ.L,20081126,218.25,246.00,211.50,241.00,4173300,0
KAZ.L,20081125,225.00,239.75,198.00,222.75,5407700,0
KAZ.L,20081124,185.00,232.00,185.00,229.75,4208800,0
KAZ.L,20081121,180.00,193.10,174.20,179.80,5795600,0
KAZ.L,20081120,182.40,193.70,170.70,173.80,6366800,0
KAZ.L,20081119,237.75,237.75,192.70,193.00,4184200,0
KAZ.L,20081118,231.50,241.50,220.50,235.00,3297900,0
KAZ.L,20081117,268.00,281.25,233.00,237.75,3487900,0
KAZ.L,20081114,285.00,294.25,265.25,269.75,2323900,0
KAZ.L,20081113,265.50,282.00,261.00,271.75,4807600,0
KAZ.L,20081112,310.00,315.00,271.00,274.50,4609900,0
KAZ.L,20081111,330.00,330.00,302.50,305.00,2842900,0
KAZ.L,20081110,343.25,371.25,330.00,338.00,3803100,0
KAZ.L,20081107,303.50,330.00,303.50,323.25,3661200,0
KAZ.L,20081106,340.00,352.75,303.00,305.00,4890700,0
KAZ.L,20081105,395.00,395.00,353.00,354.25,4150100,0
KAZ.L,20081104,341.00,399.00,323.00,397.25,5811700,0
KAZ.L,20081103,292.00,340.25,289.00,337.75,3966700,0
KAZ.L,20081031,295.00,296.50,265.00,285.50,5542900,0
KAZ.L,20081030,280.00,322.50,273.00,301.25,8903200,0
KAZ.L,20081029,249.00,280.00,245.00,268.50,5740300,0
KAZ.L,20081028,244.75,252.75,226.25,233.00,5083100,0
KAZ.L,20081027,229.00,246.75,212.00,240.50,4428500,0
KAZ.L,20081024,217.00,239.50,210.00,239.50,5036200,0
KAZ.L,20081023,246.00,259.00,226.00,239.00,6079700,0
KAZ.L,20081022,294.50,295.75,257.25,257.75,5871200,0
KAZ.L,20081021,313.25,329.50,291.25,305.00,5314200,0
KAZ.L,20081020,304.75,308.75,281.75,303.00,5112800,0
KAZ.L,20081017,311.00,311.00,257.25,290.00,8137300,0
KAZ.L,20081016,300.00,348.25,279.50,289.25,5113900,0
KAZ.L,20081015,427.50,429.25,332.00,336.75,4788800,0
KAZ.L,20081014,411.75,480.25,411.75,433.25,5192600,0
KAZ.L,20081013,364.75,408.50,350.00,408.50,5315200,0
KAZ.L,20081010,346.25,358.50,320.00,334.50,4417200,0
KAZ.L,20081009,374.75,402.50,351.50,379.75,4537700,0
KAZ.L,20081008,391.00,421.75,349.25,365.25,3999500,0
KAZ.L,20081007,460.00,460.00,389.75,413.50,6573500,0
KAZ.L,20081006,492.50,520.00,399.00,417.75,3119400,0
KAZ.L,20081003,550.00,572.00,500.50,569.00,3017500,0
KAZ.L,20081002,578.50,609.50,532.00,535.50,3737500,0
KAZ.L,20081001,590.00,613.00,554.50,572.00,3527300,0
KAZ.L,20080930,525.00,590.00,510.00,566.00,4464100,0
KAZ.L,20080929,665.50,665.50,567.00,553.31,2749500,0
KAZ.L,20080926,710.50,717.00,658.00,648.95,2320400,0
KAZ.L,20080925,702.00,724.00,683.00,700.18,2645600,0
KAZ.L,20080924,714.00,735.00,684.00,685.54,4110300,0
KAZ.L,20080923,750.00,761.50,700.00,692.86,3643800,0
KAZ.L,20080922,808.50,843.00,757.00,741.66,4226100,0
KAZ.L,20080919,625.00,788.50,625.00,769.47,4171800,0
KAZ.L,20080918,645.00,673.50,597.00,585.52,6465700,0
KAZ.L,20080917,712.00,769.00,624.50,614.79,4259600,0
KAZ.L,20080916,777.00,780.00,681.00,688.96,4058000,0
KAZ.L,20080915,887.00,887.00,775.00,761.17,4671200,0
KAZ.L,20080912,860.50,903.50,852.50,879.74,3490600,0
KAZ.L,20080911,828.00,869.50,825.00,820.21,3839100,0
KAZ.L,20080910,907.00,918.00,815.00,805.09,6538800,0
KAZ.L,20080909,992.00,995.50,878.50,882.67,5355400,0
KAZ.L,20080908,1011.00,1037.00,994.00,972.93,1005600,0
KAZ.L,20080905,1064.00,1088.00,975.50,951.95,3373500,0
KAZ.L,20080904,1120.00,1146.00,1060.00,1036.37,1184000,0
KAZ.L,20080903,1162.00,1176.00,1104.00,1085.16,3269400,0
KAZ.L,20080902,1193.00,1193.00,1163.00,1155.42,2079000,0
KAZ.L,20080901,1276.00,1307.00,1207.00,1187.62,1488800,0
KAZ.L,20080829,1259.00,1312.00,1259.00,1260.81,1481700,0
KAZ.L,20080828,1310.00,1316.00,1268.00,1273.50,1639700,0
KAZ.L,20080827,1306.00,1357.00,1299.00,1306.68,1275000,0
KAZ.L,20080826,1336.00,1342.00,1290.00,1279.36,1207800,0
KAZ.L,20080822,1334.00,1374.00,1303.00,1325.22,2164100,0
KAZ.L,20080821,1255.00,1334.00,1255.00,1292.04,1379600,0
KAZ.L,20080820,1194.00,1263.00,1194.00,1229.59,1608500,0
KAZ.L,20080819,1195.00,1200.00,1166.00,1152.49,1177600,0
KAZ.L,20080818,1210.00,1215.00,1174.00,1173.96,1066600,0
KAZ.L,20080815,1248.00,1248.00,1170.00,1144.69,1248400,0
KAZ.L,20080814,1223.00,1269.00,1223.00,1231.54,1220600,0
KAZ.L,20080813,1174.00,1237.00,1165.00,1175.91,2019800,0
KAZ.L,20080812,1228.00,1234.00,1163.00,1137.86,1879000,0
KAZ.L,20080811,1261.00,1296.00,1215.00,1204.21,2289900,0
KAZ.L,20080808,1329.00,1336.00,1236.00,1217.88,1483900,0
KAZ.L,20080807,1305.00,1381.00,1305.00,1301.80,1378000,0
KAZ.L,20080806,1330.00,1363.00,1291.00,1302.78,2579800,0
KAZ.L,20080805,1294.00,1315.00,1267.00,1258.86,2390700,0
KAZ.L,20080804,1377.00,1411.00,1284.00,1256.91,2717400,0
KAZ.L,20080801,1450.00,1470.00,1397.00,1388.65,2295900,0
KAZ.L,20080731,1420.00,1519.00,1408.00,1462.82,4179000,0
KAZ.L,20080730,1417.00,1425.00,1386.00,1385.72,1113100,0
KAZ.L,20080729,1340.00,1415.00,1333.00,1342.79,1476700,0
KAZ.L,20080728,1297.00,1375.00,1297.00,1330.10,1260100,0
KAZ.L,20080725,1310.00,1350.00,1283.00,1271.55,2025500,0
KAZ.L,20080724,1398.00,1405.00,1313.00,1285.21,2071700,0
KAZ.L,20080723,1430.00,1441.00,1369.00,1348.64,1300400,0
KAZ.L,20080722,1396.00,1429.00,1375.00,1357.42,1669500,0
KAZ.L,20080721,1376.00,1423.00,1366.00,1379.87,1642900,0
KAZ.L,20080718,1410.00,1410.00,1308.00,1319.37,2436800,0
KAZ.L,20080717,1421.00,1421.00,1349.00,1358.40,2306200,0
KAZ.L,20080716,1449.00,1465.00,1370.00,1355.47,2198100,0
KAZ.L,20080715,1462.00,1499.00,1431.00,1399.39,1761800,0
KAZ.L,20080714,1474.00,1618.00,1437.00,1478.43,6135800,0
KAZ.L,20080711,1456.00,1472.00,1404.00,1392.56,2604300,0
KAZ.L,20080710,1426.00,1448.00,1394.00,1375.97,2874000,0
KAZ.L,20080709,1418.00,1449.00,1392.00,1407.19,2349400,0
KAZ.L,20080708,1400.00,1430.00,1370.00,1352.54,2069800,0
KAZ.L,20080707,1444.00,1450.00,1403.00,1400.36,1129400,0
KAZ.L,20080704,1490.00,1514.00,1415.00,1387.68,1346700,0
KAZ.L,20080703,1356.00,1452.00,1335.00,1407.19,2712900,0
KAZ.L,20080702,1454.00,1511.00,1389.00,1363.28,2652000,0
KAZ.L,20080701,1587.00,1588.00,1447.00,1421.83,2766400,0
KAZ.L,20080630,1602.00,1640.00,1579.00,1553.57,2322200,0
KAZ.L,20080627,1581.00,1616.00,1558.00,1570.16,2386600,0
KAZ.L,20080626,1562.00,1588.00,1549.00,1517.47,1340500,0
KAZ.L,20080625,1600.00,1602.00,1547.00,1528.20,1742400,0
KAZ.L,20080624,1630.00,1651.00,1578.00,1566.26,1968800,0
KAZ.L,20080623,1620.00,1660.00,1610.00,1583.82,2608500,0
KAZ.L,20080620,1631.00,1679.00,1609.00,1590.66,2942600,0
KAZ.L,20080619,1609.00,1644.00,1594.00,1581.87,2762200,0
KAZ.L,20080618,1637.00,1652.00,1599.00,1589.68,1921300,0
KAZ.L,20080617,1605.00,1664.00,1605.00,1608.22,2241300,0
KAZ.L,20080616,1560.00,1614.00,1550.00,1572.11,1409500,0
KAZ.L,20080613,1590.00,1596.00,1517.00,1512.59,2074800,0
KAZ.L,20080612,1500.00,1616.00,1500.00,1558.45,2070000,0
KAZ.L,20080611,1665.00,1719.00,1535.00,1512.59,5061900,0
KAZ.L,20080610,1675.00,1684.00,1623.00,1623.83,3358600,0
KAZ.L,20080606,1649.00,1681.00,1625.00,1588.70,1693900,0
KAZ.L,20080605,1678.00,1678.00,1604.00,1585.78,2330100,0
KAZ.L,20080604,1720.00,1720.00,1665.00,1629.69,1640400,0
KAZ.L,20080603,1711.00,1739.00,1686.00,1694.10,2117800,0
KAZ.L,20080602,1688.00,1716.00,1655.00,1667.75,1263600,0
KAZ.L,20080530,1660.00,1690.00,1616.00,1649.21,6319600,0
KAZ.L,20080529,1724.00,1724.00,1637.00,1619.93,2091100,0
KAZ.L,20080528,1690.00,1701.00,1652.00,1638.47,1135900,0
KAZ.L,20080527,1727.00,1727.00,1671.00,1637.50,1139300,0
KAZ.L,20080523,1771.00,1780.00,1678.00,1637.50,2624300,0
KAZ.L,20080522,1790.00,1811.00,1750.00,1734.11,1742200,0
KAZ.L,20080521,1859.00,1864.00,1776.00,1745.82,2036200,0
KAZ.L,20080520,1930.00,1930.00,1791.00,1748.74,2956300,0
KAZ.L,20080519,1850.00,1966.00,1850.00,1896.10,2050500,0
KAZ.L,20080516,1846.00,1878.00,1819.00,1788.76,1568600,0
KAZ.L,20080515,1808.00,1832.00,1775.00,1784.85,1480800,0
KAZ.L,20080514,1793.00,1814.00,1708.00,1765.33,3462500,0
KAZ.L,20080513,1789.00,1795.00,1650.00,1693.12,2470500,0
KAZ.L,20080512,1785.00,1817.00,1736.00,1730.20,1294700,0
KAZ.L,20080509,1895.00,1924.00,1786.00,1742.89,2138400,0
KAZ.L,20080508,1712.00,1930.00,1712.00,1867.80,3829300,0
KAZ.L,20080507,1750.00,1750.00,1700.00,1696.05,1884600,0
KAZ.L,20080506,1712.00,1745.00,1695.00,1697.02,1924300,0
KAZ.L,20080502,1647.00,1694.00,1626.00,1632.62,1361300,0
KAZ.L,20080501,1588.00,1694.00,1567.00,1576.02,1267700,0
KAZ.L,20080430,1639.00,1639.00,1554.00,1543.81,2052400,0
KAZ.L,20080429,1721.00,1759.00,1626.00,1608.22,2165000,0
KAZ.L,20080428,1674.00,1728.00,1670.00,1683.36,908100,0
KAZ.L,20080425,1698.00,1699.00,1607.00,1623.83,1486300,0
KAZ.L,20080424,1726.00,1730.00,1650.00,1650.18,2122000,0
KAZ.L,20080423,1704.00,1727.00,1677.00,1678.48,1519400,0
KAZ.L,20080422,1627.00,1713.00,1626.00,1653.11,1649800,0
KAZ.L,20080421,1610.00,1668.00,1595.00,1592.61,1608900,0
KAZ.L,20080418,1717.00,1751.00,1546.00,1571.14,5270500,0
KAZ.L,20080417,1777.00,1777.00,1700.00,1678.48,988100,0
KAZ.L,20080416,1698.00,1761.00,1695.00,1718.49,1232000,0
KAZ.L,20080415,1660.00,1696.00,1660.00,1633.59,1377500,0
KAZ.L,20080414,1678.00,1693.00,1637.00,1615.05,1202800,0
KAZ.L,20080411,1717.00,1747.00,1670.00,1657.01,1728200,0
KAZ.L,20080410,1676.00,1742.00,1640.00,1684.34,2174600,0
KAZ.L,20080409,1675.00,1700.00,1638.00,1642.38,2124000,0
KAZ.L,20080408,1675.00,1696.00,1649.00,1644.33,2379600,0
KAZ.L,20080407,1613.00,1700.00,1613.00,1656.04,2618700,0
KAZ.L,20080404,1585.00,1610.00,1570.00,1552.60,1945600,0
KAZ.L,20080403,1606.00,1639.00,1565.00,1550.64,1572900,0
KAZ.L,20080402,1558.00,1609.00,1558.00,1566.26,2169100,0
KAZ.L,20080401,1573.00,1622.00,1552.00,1527.81,1613600,0
KAZ.L,20080331,1551.00,1603.00,1532.00,1531.65,2196000,0
KAZ.L,20080328,1577.00,1610.00,1553.00,1493.28,1376900,0
KAZ.L,20080327,1599.00,1621.00,1555.00,1502.87,3346300,0
KAZ.L,20080326,1610.00,1639.00,1578.00,1540.28,3082400,0
KAZ.L,20080325,1501.00,1552.00,1476.00,1478.90,3316500,0
KAZ.L,20080320,1484.00,1499.00,1433.00,1376.28,2794000,0
KAZ.L,20080319,1616.00,1652.00,1529.00,1467.39,3451200,0
KAZ.L,20080318,1663.00,1663.00,1552.00,1551.79,2595400,0
KAZ.L,20080314,1753.00,1825.00,1727.00,1716.75,2742000,0
KAZ.L,20080313,1708.00,1776.00,1601.00,1673.59,5300600,0
KAZ.L,20080312,1600.00,1890.00,1560.00,1707.16,11353600,0
KAZ.L,20080311,1530.00,1592.00,1512.00,1472.18,3982400,0
KAZ.L,20080310,1655.00,1658.00,1545.00,1487.53,3202500,0
KAZ.L,20080307,1668.00,1709.00,1617.00,1594.95,4841900,0
KAZ.L,20080306,1710.00,1802.00,1702.00,1635.23,4902700,0
KAZ.L,20080305,1650.00,1736.00,1626.00,1662.08,5022300,0
KAZ.L,20080304,1562.00,1646.00,1560.00,1577.68,4457300,0
KAZ.L,20080303,1516.00,1593.00,1509.00,1500.00,2504000,0
KAZ.L,20080229,1577.00,1587.00,1531.00,1482.73,2279300,0
KAZ.L,20080228,1575.00,1600.00,1553.00,1514.38,1684700,0
KAZ.L,20080227,1564.00,1600.00,1541.00,1523.97,2303600,0
KAZ.L,20080226,1536.00,1555.00,1500.00,1486.57,2834600,0
KAZ.L,20080225,1554.00,1579.00,1506.00,1476.98,2248000,0
KAZ.L,20080222,1534.00,1569.00,1486.00,1474.10,3382400,0
KAZ.L,20080221,1507.00,1605.00,1490.00,1459.72,3657600,0
KAZ.L,20080220,1422.00,1508.00,1420.00,1427.11,3631600,0
KAZ.L,20080219,1400.00,1454.00,1383.00,1388.74,3178000,0
KAZ.L,20080218,1369.00,1405.00,1363.00,1339.83,2852300,0
KAZ.L,20080215,1333.00,1373.00,1301.00,1309.14,3132900,0
KAZ.L,20080214,1320.00,1377.00,1316.00,1279.41,2722800,0
KAZ.L,20080213,1307.00,1334.00,1290.00,1260.23,2086800,0
KAZ.L,20080212,1276.00,1328.00,1246.00,1269.82,3613900,0
KAZ.L,20080211,1240.00,1295.00,1230.00,1205.56,3560500,0
KAZ.L,20080208,1209.00,1253.00,1193.00,1195.97,4901800,0
KAZ.L,20080207,1215.00,1223.00,1171.00,1139.38,4082500,0
KAZ.L,20080206,1220.00,1234.00,1186.00,1165.28,3160100,0
KAZ.L,20080205,1255.00,1290.00,1207.00,1173.91,3339600,0
KAZ.L,20080204,1279.00,1297.00,1251.00,1210.36,1807200,0
KAZ.L,20080201,1240.00,1326.00,1220.00,1210.36,4989600,0
KAZ.L,20080131,1204.00,1216.00,1146.00,1165.28,2990800,0
KAZ.L,20080130,1192.00,1239.00,1157.00,1152.81,2341900,0
KAZ.L,20080129,1156.00,1205.00,1138.00,1144.18,2726300,0
KAZ.L,20080128,1150.00,1166.00,1121.00,1092.39,2267500,0
KAZ.L,20080125,1135.00,1204.00,1121.00,1116.37,4084700,0
KAZ.L,20080124,1093.00,1166.00,1079.00,1060.74,4245100,0
KAZ.L,20080123,1127.00,1127.00,1022.00,1006.07,4954300,0
KAZ.L,20080122,1015.00,1077.00,950.00,1030.05,5617300,0
KAZ.L,20080121,1132.00,1142.00,1041.00,998.40,3850600,0
KAZ.L,20080118,1150.00,1190.00,1106.00,1107.73,3746300,0
KAZ.L,20080117,1211.00,1224.00,1131.00,1084.72,3987700,0
KAZ.L,20080116,1265.00,1265.00,1182.00,1144.18,3497500,0
KAZ.L,20080115,1334.00,1361.00,1259.00,1215.15,2939700,0
KAZ.L,20080114,1301.00,1344.00,1301.00,1278.45,2082600,0
KAZ.L,20080111,1317.00,1332.00,1278.00,1255.43,2267800,0
KAZ.L,20080110,1348.00,1362.00,1308.00,1266.94,1754600,0
KAZ.L,20080109,1321.00,1368.00,1313.00,1274.61,3686800,0
KAZ.L,20080108,1337.00,1361.00,1303.00,1280.37,2108400,0
KAZ.L,20080107,1311.00,1345.00,1268.00,1238.17,2375600,0
KAZ.L,20080104,1377.00,1402.00,1308.00,1269.82,2411700,0
KAZ.L,20080103,1334.00,1378.00,1332.00,1318.73,1399900,0
KAZ.L,20080102,1375.00,1380.00,1333.00,1288.04,1567000,0
KAZ.L,20071231,1385.00,1385.00,1350.00,1314.89,333600,0
KAZ.L,20071228,1372.00,1383.00,1356.00,1312.02,806200,0
KAZ.L,20071227,1376.00,1386.00,1359.00,1322.57,1358500,0
KAZ.L,20071224,1381.00,1381.00,1364.00,1309.14,317900,0
KAZ.L,20071221,1310.00,1356.00,1310.00,1291.88,2295600,0
KAZ.L,20071220,1287.00,1304.00,1280.00,1242.96,1328100,0
KAZ.L,20071219,1282.00,1319.00,1271.00,1230.50,2023200,0
KAZ.L,20071218,1251.00,1292.00,1235.00,1221.86,2172400,0
KAZ.L,20071217,1293.00,1293.00,1242.00,1198.85,1843800,0
KAZ.L,20071214,1328.00,1350.00,1270.00,1256.39,3580800,0
KAZ.L,20071213,1347.00,1357.00,1299.00,1262.15,2577000,0
KAZ.L,20071212,1384.00,1405.00,1350.00,1326.40,2931600,0
KAZ.L,20071211,1387.00,1423.00,1382.00,1348.46,2726100,0
KAZ.L,20071210,1356.00,1395.00,1355.00,1323.53,1923400,0
KAZ.L,20071207,1372.00,1407.00,1348.00,1304.34,3799500,0
KAZ.L,20071206,1342.00,1356.00,1306.00,1272.70,3198100,0
KAZ.L,20071205,1320.00,1345.00,1313.00,1281.33,3289400,0
KAZ.L,20071204,1349.00,1365.00,1285.00,1246.80,2845200,0
KAZ.L,20071203,1358.00,1370.00,1335.00,1289.96,2925700,0
KAZ.L,20071130,1349.00,1367.00,1295.00,1289.96,6920600,0
KAZ.L,20071129,1330.00,1364.00,1300.00,1292.84,2955500,0
KAZ.L,20071128,1275.00,1312.00,1234.00,1256.39,2132900,0
KAZ.L,20071127,1288.00,1300.00,1239.00,1208.44,2679800,0
KAZ.L,20071126,1307.00,1334.00,1279.00,1237.21,2718100,0
KAZ.L,20071123,1215.00,1286.00,1215.00,1229.54,2568600,0
KAZ.L,20071122,1265.00,1265.00,1185.00,1194.05,1889700,0
KAZ.L,20071121,1320.00,1323.00,1240.00,1202.68,5369000,0
KAZ.L,20071120,1327.00,1357.00,1287.00,1286.12,3676200,0
KAZ.L,20071119,1407.00,1416.00,1322.00,1268.86,2776700,0
KAZ.L,20071116,1410.00,1428.00,1380.00,1341.75,2745400,0
KAZ.L,20071115,1477.00,1478.00,1411.00,1366.68,3070900,0
KAZ.L,20071114,1384.00,1473.00,1383.00,1399.29,2842700,0
KAZ.L,20071113,1325.00,1385.00,1271.00,1307.22,3355800,0
KAZ.L,20071112,1380.00,1412.00,1287.00,1262.15,3206700,0
KAZ.L,20071109,1429.00,1430.00,1350.00,1334.08,3053600,0
KAZ.L,20071108,1375.00,1487.00,1342.00,1368.60,5073200,0
KAZ.L,20071107,1425.00,1458.00,1384.00,1340.79,2140900,0
KAZ.L,20071106,1390.00,1417.00,1389.00,1351.34,1695000,0
KAZ.L,20071105,1403.00,1406.00,1342.00,1319.69,1870700,0
KAZ.L,20071102,1404.00,1418.00,1364.00,1348.46,3366400,0
KAZ.L,20071101,1474.00,1497.00,1394.00,1360.93,2898400,0
KAZ.L,20071031,1485.00,1500.00,1444.00,1413.68,3981800,0
KAZ.L,20071030,1514.00,1535.00,1473.00,1424.23,2193000,0
KAZ.L,20071029,1497.00,1519.00,1480.00,1452.04,2181800,0
KAZ.L,20071026,1434.00,1476.00,1427.00,1404.09,2421000,0
KAZ.L,20071025,1382.00,1430.00,1382.00,1365.73,2924000,0
KAZ.L,20071024,1455.00,1464.00,1361.00,1320.65,9192200,0
KAZ.L,20071023,1477.00,1505.00,1475.00,1424.23,3471500,0
KAZ.L,20071022,1423.00,1490.00,1410.00,1395.46,4456100,0
KAZ.L,20071019,1538.00,1565.00,1526.00,1471.22,1663800,0
KAZ.L,20071018,1563.00,1597.00,1527.00,1492.32,3622600,0
KAZ.L,20071017,1510.00,1570.00,1460.00,1498.08,4936000,0
KAZ.L,20071016,1540.00,1584.00,1514.00,1458.76,2979500,0
KAZ.L,20071015,1594.00,1605.00,1500.00,1490.41,2310900,0
KAZ.L,20071012,1558.00,1585.00,1512.00,1519.18,2305800,0
KAZ.L,20071011,1547.00,1589.00,1513.00,1523.97,4285300,0
KAZ.L,20071010,1487.00,1529.00,1465.00,1461.63,3383600,0
KAZ.L,20071009,1511.00,1511.00,1449.00,1403.13,5131000,0
KAZ.L,20071008,1505.00,1551.00,1493.00,1440.53,5588700,0
KAZ.L,20071005,1547.00,1612.00,1532.00,1530.69,3309100,0
KAZ.L,20071004,1520.00,1543.00,1484.00,1463.55,2147100,0
KAZ.L,20071003,1467.00,1538.00,1467.00,1466.43,3502700,0
KAZ.L,20071002,1510.00,1519.00,1474.00,1433.82,4711800,0
KAZ.L,20071001,1405.00,1514.00,1385.00,1443.41,5727700,0
KAZ.L,20070928,1450.00,1455.00,1382.00,1347.50,3910100,0
KAZ.L,20070927,1484.00,1507.00,1453.00,1395.46,2922000,0
KAZ.L,20070926,1459.00,1486.00,1450.00,1419.43,2209200,0
KAZ.L,20070925,1530.00,1530.00,1438.00,1389.70,4977100,0
KAZ.L,20070924,1470.00,1545.00,1470.00,1443.41,4196600,0
KAZ.L,20070921,1421.00,1479.00,1421.00,1404.09,3788100,0
KAZ.L,20070920,1412.00,1457.00,1393.00,1390.66,4226600,0
KAZ.L,20070919,1369.00,1432.00,1368.00,1364.77,5510800,0
KAZ.L,20070918,1283.00,1333.00,1281.00,1274.61,2154400,0
KAZ.L,20070917,1295.00,1315.00,1278.00,1240.09,883100,0
KAZ.L,20070914,1349.00,1349.00,1269.00,1250.64,2606300,0
KAZ.L,20070913,1317.00,1354.00,1303.00,1293.79,1670100,0
KAZ.L,20070912,1303.00,1310.00,1277.00,1250.64,1252400,0
KAZ.L,20070911,1280.00,1318.00,1277.00,1214.19,2652700,0
KAZ.L,20070910,1310.00,1323.00,1265.00,1175.44,2320600,0
KAZ.L,20070907,1361.00,1367.00,1286.00,1189.28,1988300,0
KAZ.L,20070906,1339.00,1355.00,1307.00,1245.56,4162100,0
KAZ.L,20070905,1333.00,1349.00,1306.00,1212.35,2615100,0
KAZ.L,20070904,1321.00,1348.00,1304.00,1229.88,3662600,0
KAZ.L,20070903,1277.00,1301.00,1255.00,1198.51,2027700,0
KAZ.L,20070831,1258.00,1285.00,1232.00,1170.83,3194000,0
KAZ.L,20070830,1265.00,1265.00,1225.00,1151.45,2407400,0
KAZ.L,20070829,1232.00,1248.00,1209.00,1148.68,2361800,0
KAZ.L,20070828,1260.00,1287.00,1220.00,1139.46,2998300,0
KAZ.L,20070824,1260.00,1266.00,1228.00,1152.37,2526000,0
KAZ.L,20070823,1270.00,1297.00,1239.00,1156.99,2770600,0
KAZ.L,20070822,1181.00,1264.00,1181.00,1153.30,2567900,0
KAZ.L,20070821,1182.00,1198.00,1146.00,1086.87,3426800,0
KAZ.L,20070820,1140.00,1208.00,1132.00,1079.49,3254000,0
KAZ.L,20070817,1080.00,1175.00,1040.00,1037.97,5385800,0
KAZ.L,20070816,1141.00,1147.00,1071.00,988.15,5194200,0
KAZ.L,20070815,1155.00,1179.00,1128.00,1079.49,2272500,0
KAZ.L,20070813,1109.00,1204.00,1109.00,1102.55,6558800,0
KAZ.L,20070810,1107.00,1107.00,1037.00,998.29,4938500,0
KAZ.L,20070809,1195.00,1207.00,1083.00,1037.97,6213600,0
KAZ.L,20070808,1241.00,1241.00,1166.00,1113.62,5534400,0
KAZ.L,20070807,1221.00,1226.00,1202.00,1131.15,2575000,0
KAZ.L,20070806,1217.00,1235.00,1188.00,1101.63,2689400,0
KAZ.L,20070803,1257.00,1272.00,1224.00,1134.84,3017300,0
KAZ.L,20070802,1259.00,1280.00,1239.00,1152.37,1940500,0
KAZ.L,20070801,1256.00,1268.00,1224.00,1149.61,3392300,0
KAZ.L,20070731,1251.00,1303.00,1243.00,1177.29,6005700,0
KAZ.L,20070730,1227.00,1268.00,1227.00,1151.45,2243700,0
KAZ.L,20070727,1249.00,1281.00,1208.00,1131.15,3838700,0
KAZ.L,20070726,1329.00,1330.00,1243.00,1164.37,2068800,0
KAZ.L,20070725,1340.00,1350.00,1308.00,1215.11,1702800,0
KAZ.L,20070724,1390.00,1390.00,1336.00,1235.41,2581100,0
KAZ.L,20070723,1369.00,1391.00,1365.00,1278.78,2311200,0
KAZ.L,20070720,1381.00,1400.00,1360.00,1257.56,1637600,0
KAZ.L,20070719,1356.00,1400.00,1356.00,1270.47,2621700,0
KAZ.L,20070718,1361.00,1376.00,1343.00,1241.87,2274300,0
KAZ.L,20070717,1417.00,1417.00,1369.00,1277.85,2271800,0
KAZ.L,20070716,1433.00,1440.00,1407.00,1300.92,2584800,0
KAZ.L,20070713,1424.00,1442.00,1416.00,1319.37,5563400,0
KAZ.L,20070712,1382.00,1425.00,1377.00,1312.91,6645300,0
KAZ.L,20070711,1325.00,1370.00,1325.00,1264.01,3149400,0
KAZ.L,20070710,1368.00,1368.00,1331.00,1236.33,3183500,0
KAZ.L,20070709,1317.00,1369.00,1313.00,1254.79,4200500,0
KAZ.L,20070706,1288.00,1310.00,1280.00,1204.04,2329700,0
KAZ.L,20070705,1303.00,1324.00,1278.00,1181.90,2579500,0
KAZ.L,20070704,1340.00,1340.00,1295.00,1195.74,1768600,0
KAZ.L,20070703,1290.00,1311.00,1280.00,1194.82,2176300,0
KAZ.L,20070702,1257.00,1288.00,1247.00,1181.90,1736500,0
KAZ.L,20070629,1265.00,1272.00,1234.00,1167.14,1446700,0
KAZ.L,20070628,1259.00,1261.00,1240.00,1157.91,2926700,0
KAZ.L,20070627,1257.00,1269.00,1222.00,1144.07,2190300,0
KAZ.L,20070626,1266.00,1289.00,1248.00,1178.21,1702400,0
KAZ.L,20070625,1269.00,1276.00,1248.00,1170.83,1826000,0
KAZ.L,20070622,1305.00,1305.00,1276.00,1182.82,1624200,0
KAZ.L,20070621,1301.00,1311.00,1279.00,1194.82,2245800,0
KAZ.L,20070620,1300.00,1327.00,1296.00,1207.73,3236200,0
KAZ.L,20070619,1310.00,1324.00,1286.00,1187.43,2367700,0
KAZ.L,20070618,1311.00,1329.00,1295.00,1200.35,1148500,0
KAZ.L,20070615,1304.00,1323.00,1290.00,1209.58,2079400,0
KAZ.L,20070614,1282.00,1307.00,1268.00,1196.66,2028800,0
KAZ.L,20070613,1232.00,1285.00,1230.00,1171.75,6037800,0
KAZ.L,20070612,1250.00,1260.00,1233.00,1152.37,2025200,0
KAZ.L,20070611,1243.00,1265.00,1243.00,1153.30,2350000,0
KAZ.L,20070608,1254.00,1264.00,1229.00,1146.84,3458100,0
KAZ.L,20070607,1308.00,1311.00,1242.00,1162.52,4386300,0
KAZ.L,20070606,1300.00,1314.00,1284.00,1191.13,6336700,0
KAZ.L,20070605,1315.00,1331.00,1297.00,1213.27,3377900,0
KAZ.L,20070604,1308.00,1316.00,1293.00,1199.43,3101900,0
KAZ.L,20070531,1282.00,1304.00,1270.00,1197.58,6584300,0
KAZ.L,20070530,1231.00,1263.00,1231.00,1161.60,4981400,0
KAZ.L,20070529,1245.00,1261.00,1225.00,1146.84,3462900,0
KAZ.L,20070525,1226.00,1233.00,1215.00,1130.23,4287900,0
KAZ.L,20070524,1241.00,1244.00,1222.00,1132.08,7717800,0
KAZ.L,20070523,1244.00,1256.00,1238.00,1148.68,4655000,0
KAZ.L,20070522,1223.00,1243.00,1217.00,1136.69,7867900,0
KAZ.L,20070521,1212.00,1237.00,1193.00,1140.38,7022400,0
KAZ.L,20070518,1166.00,1213.00,1166.00,1104.40,10089400,0
KAZ.L,20070517,1185.00,1191.00,1168.00,1086.87,5131400,0
KAZ.L,20070516,1190.00,1198.00,1171.00,1097.94,4375100,0
KAZ.L,20070515,1188.00,1188.00,1157.00,1093.33,3382900,0
KAZ.L,20070514,1190.00,1198.00,1160.00,1073.95,3446200,0
KAZ.L,20070511,1150.00,1195.00,1142.00,1097.94,3307900,0
KAZ.L,20070510,1195.00,1211.00,1164.00,1077.64,4247700,0
KAZ.L,20070509,1213.00,1249.00,1186.00,1108.09,4099900,0
KAZ.L,20070508,1208.00,1215.00,1173.00,1086.87,4171000,0
KAZ.L,20070504,1173.00,1205.00,1173.00,1102.55,5826200,0
KAZ.L,20070503,1160.00,1176.00,1153.00,1078.56,6130500,0
KAZ.L,20070502,1153.00,1163.00,1144.00,1064.72,2555900,0
KAZ.L,20070501,1145.00,1145.00,1121.00,1052.73,1098500,0
KAZ.L,20070430,1144.00,1156.00,1140.00,1059.19,1232100,0
KAZ.L,20070427,1158.00,1164.00,1130.00,1050.88,3601100,0
KAZ.L,20070426,1180.00,1190.00,1156.00,1072.11,3086700,0
KAZ.L,20070424,1162.00,1179.00,1155.00,1071.18,3631500,0
KAZ.L,20070423,1180.00,1189.00,1160.00,1076.72,1591600,0
KAZ.L,20070420,1158.00,1188.00,1155.00,1084.10,3838100,0
KAZ.L,20070419,1150.00,1157.00,1127.00,1061.96,3761200,0
KAZ.L,20070418,1194.00,1194.00,1162.00,1077.64,5412600,0
KAZ.L,20070417,1192.00,1192.00,1168.00,1093.33,3288300,0
KAZ.L,20070416,1201.00,1205.00,1188.00,1099.78,5042500,0
KAZ.L,20070413,1189.00,1189.00,1172.00,1096.09,1378700,0
KAZ.L,20070412,1165.00,1185.00,1165.00,1087.79,2901700,0
KAZ.L,20070411,1195.00,1204.00,1166.00,1083.18,54431800,0
KAZ.L,20070410,1216.00,1246.00,1213.00,1101.91,3217900,0
KAZ.L,20070405,1211.00,1211.00,1191.00,1083.84,1780700,0
KAZ.L,20070404,1200.00,1213.00,1175.00,1088.36,3139700,0
KAZ.L,20070403,1173.00,1200.00,1173.00,1080.23,3005100,0
KAZ.L,20070402,1166.00,1176.00,1150.00,1043.20,1347200,0
KAZ.L,20070330,1157.00,1177.00,1142.00,1057.65,2044800,0
KAZ.L,20070329,1135.00,1156.00,1135.00,1038.68,2704400,0
KAZ.L,20070328,1135.00,1153.00,1130.00,1026.94,2433000,0
KAZ.L,20070327,1186.00,1186.00,1149.00,1041.39,2812300,0
KAZ.L,20070326,1170.00,1175.00,1141.00,1041.39,3635100,0
KAZ.L,20070323,1165.00,1180.00,1161.00,1051.33,4495900,0
KAZ.L,20070322,1165.00,1169.00,1145.00,1037.78,5214600,0
KAZ.L,20070321,1120.00,1148.00,1111.00,1024.23,5324300,0
KAZ.L,20070320,1127.00,1138.00,1099.00,1009.78,4615900,0
KAZ.L,20070319,1132.00,1137.00,1110.00,1017.91,2006300,0
KAZ.L,20070316,1143.00,1143.00,1105.00,998.94,3715100,0
KAZ.L,20070315,1115.00,1128.00,1064.00,1017.01,6157100,0
KAZ.L,20070314,1091.00,1101.00,1078.00,983.59,2635000,0
KAZ.L,20070313,1160.00,1160.00,1117.00,1013.39,2029900,0
KAZ.L,20070312,1126.00,1140.00,1117.00,1023.33,1386000,0
KAZ.L,20070309,1123.00,1141.00,1110.00,1012.49,1820800,0
KAZ.L,20070308,1090.00,1147.00,1090.00,1015.20,3561000,0
KAZ.L,20070307,1099.00,1099.00,1081.00,986.30,1513100,0
KAZ.L,20070306,1062.00,1088.00,1062.00,975.46,2032000,0
KAZ.L,20070305,1060.00,1074.00,1034.00,958.30,4146600,0
KAZ.L,20070302,1087.00,1105.00,1058.00,980.88,2379500,0
KAZ.L,20070301,1092.00,1126.00,1055.00,972.75,3385000,0
KAZ.L,20070228,1095.00,1135.00,1082.00,994.43,6223900,0
KAZ.L,20070227,1195.00,1195.00,1103.00,1026.04,4489000,0
KAZ.L,20070226,1184.00,1210.00,1184.00,1079.33,3781700,0
KAZ.L,20070223,1165.00,1183.00,1161.00,1059.46,2503000,0
KAZ.L,20070222,1144.00,1184.00,1138.00,1052.23,6439400,0
KAZ.L,20070221,1111.00,1130.00,1107.00,1016.10,3766000,0
KAZ.L,20070220,1134.00,1148.00,1105.00,1007.07,3940100,0
KAZ.L,20070216,1100.00,1109.00,1081.00,992.62,4585400,0
KAZ.L,20070215,1097.00,1110.00,1080.00,996.23,5358400,0
KAZ.L,20070214,1091.00,1108.00,1086.00,990.81,4002500,0
KAZ.L,20070213,1062.00,1091.00,1062.00,979.97,2779600,0
KAZ.L,20070212,1078.00,1079.00,1062.00,964.62,3793300,0
KAZ.L,20070209,1068.00,1085.00,1061.00,975.46,1863200,0
KAZ.L,20070208,1088.00,1088.00,1063.00,964.62,1597600,0
KAZ.L,20070207,1061.00,1086.00,1057.00,978.17,2204900,0
KAZ.L,20070206,1071.00,1076.00,1051.00,958.30,3289200,0
KAZ.L,20070205,1055.00,1071.00,1052.00,958.30,2182800,0
KAZ.L,20070202,1076.00,1083.00,1047.00,961.01,5262700,0
KAZ.L,20070201,1047.00,1080.00,1047.00,962.81,3120900,0
KAZ.L,20070131,1035.00,1061.00,1034.00,945.65,2515400,0
KAZ.L,20070130,1035.00,1050.00,1010.00,939.33,6495900,0
KAZ.L,20070129,1076.00,1091.00,1050.00,948.36,4138400,0
KAZ.L,20070126,1107.00,1107.00,1075.00,971.85,3019300,0
KAZ.L,20070125,1121.00,1131.00,1103.00,999.84,2545400,0
KAZ.L,20070124,1081.00,1127.00,1081.00,1010.68,6779400,0
KAZ.L,20070123,1055.00,1071.00,1043.00,964.62,2636600,0
KAZ.L,20070122,1046.00,1070.00,1044.00,950.17,4433100,0
KAZ.L,20070119,1007.00,1046.00,1007.00,942.04,3874900,0
KAZ.L,20070118,1020.00,1035.00,1014.00,926.69,2361200,0
KAZ.L,20070117,1014.00,1026.00,1000.00,921.27,2426900,0
KAZ.L,20070116,1040.00,1043.00,1011.00,915.85,3484300,0
KAZ.L,20070115,1047.00,1064.00,1040.00,941.14,1665900,0
KAZ.L,20070112,1053.00,1069.00,1039.00,948.36,2072900,0
KAZ.L,20070111,1028.00,1057.00,1018.00,951.07,3398400,0
KAZ.L,20070110,997.00,1026.00,997.00,914.94,2903200,0
KAZ.L,20070109,1030.00,1036.00,998.00,910.43,3870500,0
KAZ.L,20070108,1012.00,1032.00,1009.00,925.78,3532300,0
KAZ.L,20070105,1035.00,1042.00,1016.00,918.56,3710400,0
KAZ.L,20070104,1075.00,1075.00,1032.00,939.33,3430200,0
KAZ.L,20070103,1107.00,1123.00,1053.00,981.78,5454500,0
KAZ.L,20070102,1129.00,1129.00,1112.00,1015.20,1755200,0
KAZ.L,20061229,1116.00,1122.00,1100.00,1002.55,626400,0
KAZ.L,20061228,1087.00,1119.00,1075.00,989.01,996700,0
KAZ.L,20061227,1085.00,1102.00,1068.00,995.33,1409600,0
KAZ.L,20061222,1105.00,1105.00,1068.00,972.75,518400,0
KAZ.L,20061221,1130.00,1130.00,1085.00,983.59,2195600,0
KAZ.L,20061220,1164.00,1164.00,1129.00,1021.52,927600,0
KAZ.L,20061219,1180.00,1180.00,1138.00,1027.84,2782500,0
KAZ.L,20061218,1156.00,1178.00,1156.00,1055.84,1552300,0
KAZ.L,20061215,1180.00,1187.00,1160.00,1058.55,3098300,0
KAZ.L,20061214,1167.00,1174.00,1155.00,1052.23,2118300,0
KAZ.L,20061213,1150.00,1155.00,1131.00,1043.20,1390000,0
KAZ.L,20061212,1170.00,1173.00,1138.00,1033.26,2117600,0
KAZ.L,20061211,1178.00,1178.00,1151.00,1059.46,1333200,0
KAZ.L,20061208,1183.00,1183.00,1142.00,1047.71,2442500,0
KAZ.L,20061207,1183.00,1199.00,1174.00,1081.13,1477800,0
KAZ.L,20061206,1221.00,1224.00,1187.00,1081.13,1892600,0
KAZ.L,20061205,1193.00,1224.00,1179.00,1099.20,3022400,0
KAZ.L,20061204,1166.00,1180.00,1153.00,1065.78,375300,0
KAZ.L,20061201,1155.00,1182.00,1147.00,1053.13,1227200,0
KAZ.L,20061130,1147.00,1174.00,1147.00,1049.52,1114400,0
KAZ.L,20061129,1185.00,1185.00,1153.00,1044.10,1567000,0
KAZ.L,20061128,1145.00,1172.00,1145.00,1052.23,2363300,0
KAZ.L,20061127,1143.00,1161.00,1141.00,1040.49,1541800,0
KAZ.L,20061124,1155.00,1155.00,1125.00,1033.26,1144600,0
KAZ.L,20061123,1150.00,1156.00,1136.00,1035.97,1322200,0
KAZ.L,20061122,1163.00,1170.00,1128.00,1027.84,3241800,0
KAZ.L,20061121,1143.00,1163.00,1134.00,1036.88,1867600,0
KAZ.L,20061120,1150.00,1160.00,1132.00,1043.20,5425300,0
KAZ.L,20061117,1175.00,1175.00,1107.00,1026.04,2987600,0
KAZ.L,20061116,1175.00,1188.00,1155.00,1067.58,1536100,0
KAZ.L,20061115,1170.00,1180.00,1157.00,1061.26,1961300,0
KAZ.L,20061114,1140.00,1170.00,1140.00,1047.71,2024700,0
KAZ.L,20061113,1195.00,1195.00,1132.00,1029.65,4799500,0
KAZ.L,20061110,1228.00,1248.00,1198.00,1083.84,2039400,0
KAZ.L,20061109,1242.00,1243.00,1216.00,1114.55,2164600,0
KAZ.L,20061108,1253.00,1262.00,1229.00,1121.78,2344100,0
KAZ.L,20061107,1226.00,1260.00,1226.00,1131.71,1621100,0
KAZ.L,20061106,1228.00,1254.00,1215.00,1115.45,2751800,0
KAZ.L,20061103,1236.00,1236.00,1196.00,1095.58,795600,0
KAZ.L,20061102,1200.00,1229.00,1196.00,1093.78,1577800,0
KAZ.L,20061101,1191.00,1231.00,1191.00,1100.10,2803500,0
KAZ.L,20061031,1190.00,1204.00,1177.00,1084.75,3094800,0
KAZ.L,20061030,1210.00,1230.00,1179.00,1070.29,2132600,0
KAZ.L,20061027,1225.00,1225.00,1199.00,1098.29,2038100,0
KAZ.L,20061026,1225.00,1244.00,1204.00,1093.78,3256800,0
KAZ.L,20061025,1216.00,1227.00,1200.00,1102.81,2215500,0
KAZ.L,20061024,1230.00,1230.00,1194.00,1095.58,4223100,0
KAZ.L,20061023,1250.00,1253.00,1215.00,1110.04,2062900,0
KAZ.L,20061020,1245.00,1264.00,1227.00,1129.00,4774100,0
KAZ.L,20061019,1205.00,1233.00,1191.00,1108.23,4344600,0
KAZ.L,20061018,1191.00,1218.00,1191.00,1088.36,1162000,0
KAZ.L,20061017,1210.00,1246.00,1194.00,1080.23,6713200,0
KAZ.L,20061016,1199.00,1210.00,1182.00,1086.55,2297200,0
KAZ.L,20061013,1166.00,1199.00,1157.00,1079.33,4212200,0
KAZ.L,20061012,1133.00,1175.00,1133.00,1059.46,4483800,0
KAZ.L,20061011,1128.00,1148.00,1120.00,1032.36,1367200,0
KAZ.L,20061009,1094.00,1144.00,1065.00,1028.75,3807900,0
KAZ.L,20061006,1096.00,1096.00,1059.00,982.68,3858700,0
KAZ.L,20061005,1065.00,1097.00,1059.00,973.65,3683300,0
KAZ.L,20061004,1120.00,1120.00,1050.00,951.07,4878000,0
KAZ.L,20061003,1125.00,1125.00,1090.00,1000.75,6086700,0
KAZ.L,20061002,1160.00,1160.00,1120.00,1027.84,2391800,0
KAZ.L,20060929,1158.00,1165.00,1141.00,1036.88,4911800,0
KAZ.L,20060928,1155.00,1166.00,1137.00,1036.88,3981000,0
KAZ.L,20060927,1136.00,1174.00,1136.00,1043.20,22446800,0
KAZ.L,20060926,1120.00,1140.00,1117.00,1015.38,2063400,0
KAZ.L,20060925,1141.00,1151.00,1100.00,991.27,1896200,0
KAZ.L,20060922,1165.00,1172.00,1136.00,1018.06,3176300,0
KAZ.L,20060921,1170.00,1188.00,1149.00,1044.85,1737600,0
KAZ.L,20060920,1201.00,1203.00,1142.00,1037.71,5518200,0
KAZ.L,20060919,1275.00,1313.00,1208.00,1080.57,2932000,0
KAZ.L,20060918,1215.00,1288.00,1207.00,1130.58,2048200,0
KAZ.L,20060915,1236.00,1236.00,1195.00,1077.89,2795200,0
KAZ.L,20060914,1226.00,1275.00,1226.00,1110.04,3389000,0
KAZ.L,20060913,1223.00,1249.00,1189.00,1087.72,901900,0
KAZ.L,20060912,1230.00,1251.00,1181.00,1085.04,3553400,0
KAZ.L,20060911,1274.00,1274.00,1213.00,1094.86,1278600,0
KAZ.L,20060908,1290.00,1326.00,1277.00,1148.44,1414100,0
KAZ.L,20060907,1312.00,1330.00,1289.00,1156.48,1999000,0
KAZ.L,20060906,1325.00,1369.00,1314.00,1190.41,2159400,0
KAZ.L,20060905,1290.00,1338.00,1288.00,1188.63,2012400,0
KAZ.L,20060904,1240.00,1288.00,1230.00,1149.33,1225000,0
KAZ.L,20060901,1236.00,1259.00,1216.00,1107.36,806900,0
KAZ.L,20060831,1245.00,1250.00,1221.00,1093.97,474800,0
KAZ.L,20060830,1213.00,1247.00,1204.00,1110.04,879000,0
KAZ.L,20060829,1219.00,1247.00,1217.00,1087.72,750900,0
KAZ.L,20060825,1210.00,1225.00,1205.00,1090.39,265200,0
KAZ.L,20060824,1218.00,1231.00,1199.00,1075.21,536600,0
KAZ.L,20060823,1236.00,1236.00,1194.00,1089.50,1408200,0
KAZ.L,20060822,1246.00,1258.00,1213.00,1098.43,1639100,0
KAZ.L,20060821,1245.00,1245.00,1197.00,1100.22,2272100,0
KAZ.L,20060818,1253.00,1253.00,1201.00,1079.68,2459000,0
KAZ.L,20060817,1233.00,1250.00,1231.00,1105.58,1777100,0
KAZ.L,20060816,1215.00,1236.00,1202.00,1093.97,3058700,0
KAZ.L,20060815,1213.00,1224.00,1202.00,1079.68,840000,0
KAZ.L,20060814,1222.00,1225.00,1195.00,1092.18,857900,0
KAZ.L,20060811,1213.00,1213.00,1196.00,1074.32,466000,0
KAZ.L,20060810,1210.00,1212.00,1190.00,1075.21,1027100,0
KAZ.L,20060809,1234.00,1234.00,1193.00,1094.86,1383500,0
KAZ.L,20060808,1229.00,1237.00,1221.00,1093.97,2432000,0
KAZ.L,20060807,1239.00,1266.00,1207.00,1092.18,413600,0
KAZ.L,20060804,1225.00,1248.00,1221.00,1110.93,1356900,0
KAZ.L,20060802,1254.00,1270.00,1244.00,1120.76,866600,0
KAZ.L,20060801,1255.00,1284.00,1231.00,1115.40,2279400,0
KAZ.L,20060731,1272.00,1297.00,1241.00,1117.19,632000,0
KAZ.L,20060728,1258.00,1294.00,1235.00,1142.19,965400,0
KAZ.L,20060727,1188.00,1263.00,1188.00,1126.12,1366000,0
KAZ.L,20060726,1174.00,1201.00,1155.00,1058.25,1249900,0
KAZ.L,20060725,1176.00,1198.00,1167.00,1045.74,1091700,0
KAZ.L,20060724,1146.00,1174.00,1142.00,1041.28,888800,0
KAZ.L,20060721,1179.00,1179.00,1133.00,1020.74,1064700,0
KAZ.L,20060720,1209.00,1215.00,1165.00,1047.53,1131200,0
KAZ.L,20060719,1150.00,1198.00,1137.00,1060.92,1825300,0
KAZ.L,20060718,1142.00,1169.00,1128.00,1028.78,1484300,0
KAZ.L,20060717,1201.00,1201.00,1150.00,1032.35,997000,0
KAZ.L,20060714,1183.00,1224.00,1173.00,1063.60,2844000,0
KAZ.L,20060713,1226.00,1232.00,1178.00,1077.89,1356400,0
KAZ.L,20060712,1194.00,1244.00,1194.00,1106.47,1454000,0
KAZ.L,20060711,1208.00,1216.00,1175.00,1061.82,1842100,0
KAZ.L,20060710,1235.00,1244.00,1213.00,1090.39,776100,0
KAZ.L,20060707,1211.00,1237.00,1203.00,1102.00,1345500,0
KAZ.L,20060706,1202.00,1219.00,1192.00,1081.46,1271800,0
KAZ.L,20060705,1201.00,1208.00,1186.00,1068.96,1165100,0
KAZ.L,20060704,1207.00,1228.00,1207.00,1088.61,660800,0
KAZ.L,20060703,1210.00,1226.00,1187.00,1088.61,1348300,0
KAZ.L,20060630,1210.00,1238.00,1185.00,1065.39,3142000,0
KAZ.L,20060629,1112.00,1177.00,1092.00,1050.21,3066400,0
KAZ.L,20060628,1091.00,1116.00,1075.93,991.27,1425000,0
KAZ.L,20060627,1124.00,1132.00,1084.00,976.09,1201400,0
KAZ.L,20060626,1106.00,1119.00,1072.81,990.37,1692300,0
KAZ.L,20060623,1073.00,1101.00,1070.00,978.77,1108500,0
KAZ.L,20060622,1117.00,1120.02,1065.00,961.80,3437300,0
KAZ.L,20060621,1069.00,1102.00,1058.00,977.87,1469800,0
KAZ.L,20060620,1048.00,1075.36,1035.00,948.40,1872500,0
KAZ.L,20060619,1046.00,1088.00,1051.00,950.19,3392900,0
KAZ.L,20060616,1036.00,1072.50,1004.99,931.43,6520500,0
KAZ.L,20060615,949.00,1012.00,949.50,900.18,3523300,0
KAZ.L,20060614,955.00,973.00,890.50,839.01,4651400,0
KAZ.L,20060613,964.00,984.98,928.45,847.04,5623000,0
KAZ.L,20060612,1020.50,1037.50,983.00,911.79,4462000,0
KAZ.L,20060609,1006.50,1053.75,1006.00,918.04,2340300,0
KAZ.L,20060608,1005.00,1032.50,997.56,898.39,5166600,0
KAZ.L,20060607,1092.00,1107.00,1028.00,943.94,2480200,0
KAZ.L,20060606,1051.00,1118.00,1051.00,971.62,2081400,0
KAZ.L,20060605,1122.00,1139.94,1112.00,999.75,849800,0
KAZ.L,20060602,1145.00,1131.56,1100.94,1001.98,1259100,0
KAZ.L,20060601,1126.50,1131.00,1073.00,980.55,4008200,0
KAZ.L,20060531,1078.00,1141.94,1050.56,1014.49,2233000,0
KAZ.L,20060530,1112.00,1145.00,1072.00,969.39,1893400,0
KAZ.L,20060529,1138.00,1138.00,1138.00,1016.27,000,0
KAZ.L,20060526,1150.00,1149.94,1102.20,1016.27,2665500,0
KAZ.L,20060525,1031.00,1078.50,1011.00,960.90,1559100,0
KAZ.L,20060524,1117.00,1136.50,992.00,911.34,4378600,0
KAZ.L,20060523,951.00,1082.50,950.56,966.71,4283600,0
KAZ.L,20060522,1040.00,1040.06,932.06,855.53,5681700,0
KAZ.L,20060519,1055.00,1133.05,1040.10,934.56,5280600,0
KAZ.L,20060518,1128.50,1156.50,1080.00,977.43,5027000,0
KAZ.L,20060517,1205.00,1258.94,1110.00,1007.34,5694400,0
KAZ.L,20060516,1191.00,1376.21,1149.00,1060.03,7486200,0
KAZ.L,20060515,1318.50,1318.50,1181.50,1075.21,7127300,0
KAZ.L,20060512,1369.00,1369.00,1310.00,1174.34,3603200,0
KAZ.L,20060511,1332.00,1436.00,1332.00,1223.46,5404100,0
KAZ.L,20060510,1276.50,1332.00,1272.00,1186.84,3742300,0
KAZ.L,20060509,1255.00,1274.00,1242.00,1134.15,1898000,0
KAZ.L,20060508,1238.00,1275.00,1227.50,1120.76,4352000,0
KAZ.L,20060505,1200.00,1232.00,1180.50,1095.75,5038700,0
KAZ.L,20060504,1150.50,1202.00,1136.00,1066.73,5360200,0
KAZ.L,20060503,1205.00,1211.50,1145.00,1026.54,2622000,0
KAZ.L,20060502,1145.00,1196.00,1145.00,1066.73,2127200,0
KAZ.L,20060501,1138.50,1138.50,1138.50,1016.72,000,0
KAZ.L,20060428,1157.00,1187.00,1135.00,1016.72,3921500,0
KAZ.L,20060427,1197.50,1203.00,1112.50,1043.06,7721600,0
KAZ.L,20060426,1211.00,1238.00,1201.50,1076.55,1934400,0
KAZ.L,20060425,1230.00,1265.00,1198.50,1059.14,2073300,0
KAZ.L,20060424,1241.50,1277.00,1216.00,1060.01,968100,0
KAZ.L,20060421,1198.00,1245.50,1180.00,1073.87,2636900,0
KAZ.L,20060420,1216.00,1250.50,1182.00,1029.67,3827600,0
KAZ.L,20060419,1248.50,1255.00,1214.50,1062.61,3760500,0
KAZ.L,20060418,1220.00,1250.00,1220.00,1066.07,4286700,0
KAZ.L,20060417,1189.00,1189.00,1189.00,1030.54,000,0
KAZ.L,20060414,1189.00,1189.00,1189.00,1030.54,000,0
KAZ.L,20060413,1200.00,1211.50,1165.50,1030.54,1383300,0
KAZ.L,20060412,1195.00,1202.50,1154.00,1020.14,4376600,0
KAZ.L,20060411,1260.00,1290.00,1205.00,1044.40,1831900,0
KAZ.L,20060410,1187.00,1249.00,1187.00,1070.41,3028500,0
KAZ.L,20060407,1255.00,1259.50,1195.50,1040.07,4421700,0
KAZ.L,20060406,1253.00,1279.50,1233.50,1099.87,5869900,0
KAZ.L,20060405,1183.00,1231.00,1170.00,1066.94,5456000,0
KAZ.L,20060404,1090.50,1190.00,1090.50,1023.60,5483600,0
KAZ.L,20060403,1080.00,1129.00,1080.00,967.70,1755600,0
KAZ.L,20060331,1040.00,1085.00,1035.00,934.33,2011400,0
KAZ.L,20060330,979.50,1075.00,979.50,903.13,7089600,0
KAZ.L,20060329,964.50,964.50,939.00,826.42,2009000,0
KAZ.L,20060328,951.50,989.50,950.00,833.79,3133500,0
KAZ.L,20060327,980.50,990.00,950.00,825.56,1361300,0
KAZ.L,20060324,988.50,988.50,957.00,846.36,995600,0
KAZ.L,20060323,959.50,974.50,954.50,835.96,2764800,0
KAZ.L,20060322,950.50,993.00,950.50,827.72,2732200,0
KAZ.L,20060321,955.50,979.50,955.50,846.36,4623000,0
KAZ.L,20060320,999.00,1012.00,970.00,841.59,2977800,0
KAZ.L,20060317,964.50,995.00,964.00,855.02,3090000,0
KAZ.L,20060316,995.00,995.00,955.00,839.86,3114900,0
KAZ.L,20060315,915.00,998.50,915.00,854.59,3363100,0
KAZ.L,20060314,921.50,982.00,894.50,818.19,10707400,0
KAZ.L,20060313,900.00,920.00,900.00,794.79,3644100,0
KAZ.L,20060310,870.00,911.00,841.00,788.72,11848200,0
KAZ.L,20060309,834.50,866.50,834.50,746.68,3364300,0
KAZ.L,20060308,865.00,865.00,820.00,715.05,1526600,0
KAZ.L,20060307,919.00,919.00,845.50,741.48,3000100,0
KAZ.L,20060306,913.00,922.00,885.00,770.52,2949100,0
KAZ.L,20060303,910.00,920.00,901.00,782.65,758900,0
KAZ.L,20060302,865.50,920.00,865.50,796.95,2764100,0
KAZ.L,20060301,875.00,900.50,875.00,770.95,997500,0
KAZ.L,20060228,877.00,883.00,861.00,757.52,2623700,0
KAZ.L,20060227,915.00,915.00,873.00,760.12,1009300,0
KAZ.L,20060224,909.00,917.50,880.00,775.72,2540300,0
KAZ.L,20060223,905.50,910.50,875.50,778.75,735100,0
KAZ.L,20060222,929.00,930.00,880.00,782.65,1787300,0
KAZ.L,20060221,903.50,926.00,850.00,800.85,4029900,0
KAZ.L,20060220,883.00,909.50,875.00,773.99,1350900,0
KAZ.L,20060217,863.50,909.00,856.50,773.12,4176700,0
KAZ.L,20060216,841.50,864.00,831.50,748.85,3889000,0
KAZ.L,20060215,815.00,847.00,814.00,725.45,8330000,0
KAZ.L,20060214,828.50,828.50,806.00,702.91,3109400,0
KAZ.L,20060213,819.00,830.00,790.00,711.58,3246300,0
KAZ.L,20060210,834.50,834.50,801.50,702.91,4945400,0
KAZ.L,20060209,820.00,838.50,820.00,719.38,4178900,0
KAZ.L,20060208,850.00,850.00,791.00,710.28,5262900,0
KAZ.L,20060207,870.00,870.50,850.00,738.45,1725900,0
KAZ.L,20060206,857.00,862.00,854.00,744.52,1060200,0
KAZ.L,20060203,865.00,868.00,850.00,742.78,1098300,0
KAZ.L,20060202,865.00,887.00,850.50,742.78,3993600,0
KAZ.L,20060201,865.50,895.00,865.50,753.62,623100,0
KAZ.L,20060131,885.00,885.00,850.50,751.45,1708600,0
KAZ.L,20060130,887.00,895.00,862.50,767.05,2658700,0
KAZ.L,20060127,893.00,895.00,878.00,768.79,1023900,0
KAZ.L,20060126,882.00,910.00,865.50,767.92,3526300,0
KAZ.L,20060125,865.00,890.00,860.50,763.15,8244500,0
KAZ.L,20060124,876.00,883.50,830.50,745.38,2299700,0
KAZ.L,20060123,849.00,879.00,840.00,757.08,1707300,0
KAZ.L,20060120,868.50,880.00,855.50,747.98,3423200,0
KAZ.L,20060119,820.00,865.00,820.00,746.68,3857600,0
KAZ.L,20060118,810.00,820.00,791.00,707.25,2567600,0
KAZ.L,20060117,807.00,819.00,800.50,702.48,2880200,0
KAZ.L,20060116,798.00,810.00,798.00,696.85,1413500,0
KAZ.L,20060113,798.00,810.00,780.00,686.88,3768000,0
KAZ.L,20060112,799.00,799.00,763.00,686.01,3842200,0
KAZ.L,20060111,766.00,780.00,766.00,667.38,3797200,0
KAZ.L,20060110,789.50,789.50,760.00,667.38,8001900,0
KAZ.L,20060109,775.00,797.00,775.00,679.51,2740900,0
KAZ.L,20060106,799.00,806.50,760.50,671.71,7633800,0
KAZ.L,20060105,817.00,819.50,789.00,684.71,3944800,0
KAZ.L,20060104,810.00,838.50,805.00,706.38,2476000,0
KAZ.L,20060103,788.50,809.00,780.00,701.18,3482400,0
KAZ.L,20060102,773.50,773.50,773.50,670.41,000,0
KAZ.L,20051230,780.00,780.00,768.00,670.41,326700,0
KAZ.L,20051229,753.50,773.00,753.50,667.38,1406000,0
KAZ.L,20051228,722.50,760.00,722.50,658.71,1686800,0
KAZ.L,20051227,743.50,743.50,743.50,644.41,000,0
KAZ.L,20051226,743.50,743.50,743.50,644.41,000,0
KAZ.L,20051223,729.50,747.00,729.50,644.41,1625000,0
KAZ.L,20051222,712.00,740.00,711.50,637.48,2398500,0
KAZ.L,20051221,691.50,730.00,691.50,623.61,3944500,0
KAZ.L,20051220,678.50,687.00,678.50,592.84,2770700,0
KAZ.L,20051219,690.00,690.00,675.00,591.11,3111100,0
KAZ.L,20051216,700.00,700.00,669.00,596.31,14397500,0
KAZ.L,20051215,685.00,687.00,667.00,584.17,5729700,0
KAZ.L,20051214,692.00,693.50,685.00,598.04,2221900,0
KAZ.L,20051213,695.50,697.00,686.00,599.77,2835200,0
KAZ.L,20051212,699.00,705.00,694.00,605.41,4658100,0
KAZ.L,20051209,698.00,703.00,695.00,605.41,2697900,0
KAZ.L,20051208,700.00,710.00,680.00,598.04,5381200,0
KAZ.L,20051207,694.50,709.00,690.00,598.91,3660700,0
KAZ.L,20051206,690.00,694.00,670.00,592.41,1646800,0
KAZ.L,20051205,696.00,700.00,670.00,589.37,807900,0
KAZ.L,20051202,699.00,710.00,688.00,602.37,2920300,0
KAZ.L,20051201,660.00,690.00,650.00,589.37,8397400,0
KAZ.L,20051130,635.00,660.00,632.50,567.71,4065600,0
KAZ.L,20051129,624.00,645.00,624.00,548.64,1539000,0
KAZ.L,20051128,638.00,640.00,625.00,547.77,1576500,0
KAZ.L,20051125,635.00,635.00,611.00,540.84,933500,0
KAZ.L,20051124,639.00,640.00,623.00,545.17,3363200,0
KAZ.L,20051123,645.00,645.00,634.50,550.37,2403100,0
KAZ.L,20051122,633.00,649.00,631.00,559.90,8898000,0
KAZ.L,20051121,643.50,643.50,630.00,548.64,750400,0
KAZ.L,20051118,640.00,659.50,630.00,546.04,5493300,0
KAZ.L,20051117,610.00,632.00,610.00,543.44,3912400,0
KAZ.L,20051116,630.00,630.00,596.00,528.70,2977900,0
KAZ.L,20051115,638.00,638.00,601.00,537.37,3723700,0
KAZ.L,20051114,627.00,638.00,627.00,549.50,2596700,0
KAZ.L,20051111,589.00,630.00,589.00,533.04,9574700,0
KAZ.L,20051110,560.00,582.00,560.00,504.43,2975500,0
KAZ.L,20051109,580.00,587.50,575.00,498.37,1281600,0
KAZ.L,20051108,577.00,585.00,575.00,502.70,4710200,0
KAZ.L,20051107,575.00,580.00,573.00,498.37,1515700,0
KAZ.L,20051104,570.00,580.00,570.00,498.37,2204900,0
KAZ.L,20051103,564.00,575.00,563.00,496.63,2189500,0
KAZ.L,20051102,551.50,560.00,548.00,484.50,3714800,0
KAZ.L,20051101,535.00,559.00,535.00,477.57,3899800,0
KAZ.L,20051031,534.50,550.00,534.50,468.03,1633300,0
KAZ.L,20051028,525.00,527.00,524.00,454.16,1202300,0
KAZ.L,20051027,535.00,535.00,525.00,457.63,320300,0
KAZ.L,20051026,554.00,555.00,540.00,468.03,4377000,0
KAZ.L,20051025,540.00,545.00,530.00,468.03,3598500,0
KAZ.L,20051024,515.50,538.00,515.50,465.86,3451900,0
KAZ.L,20051021,530.00,539.00,515.00,450.70,5695000,0
KAZ.L,20051020,550.00,554.00,531.00,468.03,7433100,0
KAZ.L,20051019,560.00,560.00,515.00,467.16,12530500,0
KAZ.L,20051018,573.00,584.50,570.00,494.03,5812400,0
KAZ.L,20051017,575.00,575.00,560.00,489.70,2739500,0
KAZ.L,20051014,585.00,585.00,555.00,486.23,6562300,0
KAZ.L,20051013,578.00,578.00,560.00,494.03,12678300,0
KAZ.L,20051012,590.00,599.00,578.00,504.43,5263000,0
KAZ.L,20051011,590.00,600.00,585.00,507.03,11834200,0
KAZ.L,20051010,570.00,590.00,570.00,510.93,19307500,0
KAZ.L,20051007,610.00,615.00,556.00,486.67,98213800,0
