NG.L,20120824,687.00,691.54,685.50,690.50,4375200,0
NG.L,20120823,696.00,696.00,684.00,686.00,23175700,0
NG.L,20120822,695.50,699.50,692.32,693.50,7101200,0
NG.L,20120821,701.50,703.00,697.00,697.50,6599000,0
NG.L,20120820,703.50,706.13,697.50,700.50,6018600,0
NG.L,20120817,701.50,706.00,700.00,703.50,6548800,0
NG.L,20120816,698.00,700.55,695.50,699.00,5368600,0
NG.L,20120815,699.50,700.50,694.50,696.50,5812200,0
NG.L,20120814,696.00,702.00,694.00,699.50,10570900,0
NG.L,20120813,689.00,693.00,686.12,692.50,5562800,0
NG.L,20120810,688.00,689.97,683.50,688.00,4642300,0
NG.L,20120809,689.00,694.00,683.50,688.50,6374200,0
NG.L,20120808,683.50,690.60,681.50,690.50,7139400,0
NG.L,20120807,678.50,685.09,677.00,685.00,5845300,0
NG.L,20120806,674.50,682.50,670.50,679.00,5077500,0
NG.L,20120803,672.50,678.50,667.50,677.50,6976400,0
NG.L,20120802,669.50,675.50,666.00,669.50,7121600,0
NG.L,20120801,666.00,669.00,661.00,665.50,5031700,0
NG.L,20120731,669.00,673.50,662.50,662.50,7705500,0
NG.L,20120727,657.50,662.75,653.50,661.50,8630300,0
NG.L,20120726,650.00,661.50,646.50,657.00,13866600,0
NG.L,20120725,640.00,649.50,635.56,648.50,6491500,0
NG.L,20120724,648.50,653.00,640.00,641.00,8128400,0
NG.L,20120723,652.00,653.50,643.00,645.00,13040800,0
NG.L,20120720,664.00,665.80,651.00,654.00,18507800,0
NG.L,20120719,667.00,670.42,661.00,666.00,7981000,0
NG.L,20120718,664.00,670.65,651.10,670.50,9374300,0
NG.L,20120717,676.50,678.50,660.00,662.00,20451600,0
NG.L,20120716,682.00,682.57,675.25,682.50,20135500,0
NG.L,20120713,687.50,695.36,683.00,693.00,6911000,0
NG.L,20120712,690.50,692.00,689.00,689.00,5918000,0
NG.L,20120711,683.00,691.07,679.10,691.00,5185800,0
NG.L,20120710,684.00,685.00,678.00,683.00,7284300,0
NG.L,20120709,688.00,689.42,679.50,683.00,5442300,0
NG.L,20120706,683.00,687.36,681.00,685.50,4649300,0
NG.L,20120705,681.00,684.00,677.00,683.50,7776700,0
NG.L,20120704,681.00,683.41,677.50,682.50,3744600,0
NG.L,20120703,681.00,685.50,676.50,679.50,6552200,0
NG.L,20120702,678.00,681.50,673.11,681.00,5631900,0
NG.L,20120629,680.00,681.00,670.50,675.50,8752600,0
NG.L,20120628,667.50,673.57,666.00,673.50,6518000,0
NG.L,20120627,662.50,667.50,659.50,667.00,5754200,0
NG.L,20120626,662.00,663.89,659.00,660.50,5191400,0
NG.L,20120625,656.50,662.00,655.00,661.00,6411300,0
NG.L,20120622,655.00,659.00,652.00,658.50,5794900,0
NG.L,20120621,656.50,660.00,654.05,657.00,6738500,0
NG.L,20120620,654.00,659.88,650.00,656.50,5426800,0
NG.L,20120619,654.50,656.00,649.00,655.00,7206700,0
NG.L,20120618,654.50,655.00,645.50,653.50,5326400,0
NG.L,20120615,660.00,662.00,645.00,649.50,20499700,0
NG.L,20120614,657.50,662.00,655.50,660.00,4883700,0
NG.L,20120613,659.50,661.50,654.50,657.00,7665400,0
NG.L,20120612,660.00,663.00,655.00,657.50,10742900,0
NG.L,20120611,669.00,669.00,656.00,659.50,6181500,0
NG.L,20120608,654.00,664.50,653.50,662.00,7987100,0
NG.L,20120607,656.00,656.00,649.00,653.50,8160100,0
NG.L,20120606,647.00,659.65,647.00,652.00,10599000,0
NG.L,20120601,651.50,655.81,646.50,650.00,10717800,0
NG.L,20120531,651.50,656.00,647.50,650.00,9924900,0
NG.L,20120530,656.00,678.00,648.00,650.00,10097000,0
NG.L,20120529,679.50,682.28,650.90,655.15,9232100,0
NG.L,20120528,688.00,689.50,676.00,653.22,3947000,0
NG.L,20120525,673.00,686.00,672.50,659.00,6750600,0
NG.L,20120524,671.50,675.50,665.00,646.00,6404700,0
NG.L,20120523,668.50,675.50,667.50,642.63,16203000,0
NG.L,20120522,670.00,673.50,665.50,644.56,5539800,0
NG.L,20120521,664.50,671.50,661.50,644.08,4453000,0
NG.L,20120518,674.50,679.50,664.00,641.67,7760700,0
NG.L,20120517,668.00,677.50,661.00,649.85,7255500,0
NG.L,20120516,665.00,670.00,659.50,640.71,6141100,0
NG.L,20120514,680.00,681.33,668.50,647.93,9353100,0
NG.L,20120511,671.00,684.00,670.19,657.08,5441200,0
NG.L,20120510,675.00,676.50,666.75,645.04,5704000,0
NG.L,20120509,671.00,677.00,666.54,647.45,5880600,0
NG.L,20120508,668.50,679.50,667.50,645.04,9246500,0
NG.L,20120504,669.00,674.50,663.50,642.63,6118400,0
NG.L,20120503,670.00,673.08,666.50,644.56,4649100,0
NG.L,20120502,670.00,670.50,662.50,643.12,4960100,0
NG.L,20120501,668.00,668.00,660.00,643.12,5539100,0
NG.L,20120430,664.00,667.00,654.00,640.71,5174700,0
NG.L,20120427,664.00,666.50,658.00,638.30,4117600,0
NG.L,20120426,669.00,669.00,655.00,638.78,6318800,0
NG.L,20120425,671.00,674.50,663.00,641.67,7568600,0
NG.L,20120424,656.00,669.00,656.00,642.63,7902900,0
NG.L,20120423,654.00,655.50,648.00,628.67,4364800,0
NG.L,20120420,648.00,655.00,646.50,630.60,5888300,0
NG.L,20120419,650.50,653.50,645.50,623.86,4773200,0
NG.L,20120418,649.50,652.87,641.00,624.34,4952700,0
NG.L,20120417,646.50,651.00,644.00,625.79,5439900,0
NG.L,20120416,640.50,651.00,634.00,621.45,4808500,0
NG.L,20120413,646.50,647.00,638.50,618.57,6733400,0
NG.L,20120412,640.00,648.50,635.50,622.90,8383600,0
NG.L,20120411,630.00,642.50,628.50,616.64,14109600,0
NG.L,20120410,631.00,639.50,627.00,609.42,8793100,0
NG.L,20120405,633.00,635.00,627.50,610.86,6808200,0
NG.L,20120404,641.00,641.50,632.00,610.86,8660600,0
NG.L,20120403,644.50,646.46,639.00,616.40,6025400,0
NG.L,20120402,634.50,643.50,629.50,619.53,6800600,0
NG.L,20120330,626.50,635.79,622.50,607.01,7276700,0
NG.L,20120329,631.50,633.50,624.50,602.68,6932300,0
NG.L,20120328,632.50,639.36,630.12,607.49,5625200,0
NG.L,20120327,641.50,642.00,630.50,607.49,6978100,0
NG.L,20120326,639.00,643.00,637.62,617.60,4290700,0
NG.L,20120323,637.50,641.06,636.50,613.27,6457200,0
NG.L,20120322,633.50,641.82,631.50,614.23,6438700,0
NG.L,20120321,631.00,637.50,628.71,612.31,5848400,0
NG.L,20120320,636.50,640.00,629.50,607.49,12862100,0
NG.L,20120319,640.00,641.00,629.50,608.46,6324900,0
NG.L,20120316,650.50,656.00,642.00,620.01,16036200,0
NG.L,20120315,659.50,659.50,647.00,625.30,6568900,0
NG.L,20120314,659.50,660.50,655.00,634.45,6258400,0
NG.L,20120313,656.50,658.18,652.00,632.53,4360400,0
NG.L,20120312,648.00,655.50,644.50,630.12,4786000,0
NG.L,20120309,643.50,650.50,641.00,626.27,4904200,0
NG.L,20120308,648.00,650.00,642.50,620.01,4563900,0
NG.L,20120307,647.00,652.50,644.50,621.45,6582600,0
NG.L,20120306,646.50,657.50,646.50,624.82,8094800,0
NG.L,20120305,643.50,651.36,639.60,624.82,5740300,0
NG.L,20120302,647.50,651.50,644.00,622.90,5752400,0
NG.L,20120301,644.00,647.00,638.50,620.97,5798300,0
NG.L,20120229,641.50,645.50,639.50,617.60,9222100,0
NG.L,20120228,648.50,649.00,640.00,617.60,5662400,0
NG.L,20120227,643.50,647.00,638.00,622.42,4209300,0
NG.L,20120224,648.50,651.50,642.50,621.45,4704600,0
NG.L,20120223,646.50,650.86,643.50,622.90,5712500,0
NG.L,20120222,643.50,647.50,640.50,621.94,4793000,0
NG.L,20120221,643.50,645.00,638.50,619.53,4861500,0
NG.L,20120220,646.00,646.50,639.50,620.49,3415000,0
NG.L,20120217,649.50,649.50,643.00,620.97,6034400,0
NG.L,20120216,639.50,648.50,637.62,622.90,5331400,0
NG.L,20120215,643.50,645.00,638.00,616.16,5607500,0
NG.L,20120214,636.50,641.50,633.50,617.60,6672300,0
NG.L,20120213,636.00,641.00,632.68,615.20,4603100,0
NG.L,20120210,620.00,634.50,620.00,608.94,9628800,0
NG.L,20120209,646.00,648.50,639.50,616.16,8640800,0
NG.L,20120208,642.50,649.00,641.00,622.90,14421200,0
NG.L,20120207,639.50,645.00,637.00,620.01,7476700,0
NG.L,20120206,639.50,645.00,635.00,613.27,4953300,0
NG.L,20120203,625.00,642.50,624.50,617.60,8773200,0
NG.L,20120202,635.00,636.00,623.50,601.72,11000000,0
NG.L,20120201,638.00,647.00,632.00,610.38,11452100,0
NG.L,20120131,616.00,632.00,615.00,608.46,14893900,0
NG.L,20120130,612.00,615.00,609.50,590.65,6956200,0
NG.L,20120127,619.00,621.50,610.00,587.76,7634000,0
NG.L,20120126,620.50,623.50,614.94,595.46,7010400,0
NG.L,20120125,625.50,625.50,618.00,595.94,5095900,0
NG.L,20120124,613.00,625.50,611.50,598.83,6479900,0
NG.L,20120123,620.00,620.00,612.00,591.13,6356200,0
NG.L,20120120,621.00,621.00,614.50,595.46,6231400,0
NG.L,20120119,624.50,625.40,616.50,594.50,7156900,0
NG.L,20120118,631.00,632.00,618.36,600.27,7292600,0
NG.L,20120117,634.00,635.50,624.50,606.05,4514200,0
NG.L,20120116,625.00,632.00,622.81,605.09,2899200,0
NG.L,20120113,636.00,636.00,621.50,601.72,6744200,0
NG.L,20120112,631.50,639.00,630.50,607.01,6786600,0
NG.L,20120111,630.00,634.50,626.00,607.01,7359900,0
NG.L,20120110,628.00,636.00,624.00,607.98,11301800,0
NG.L,20120109,614.50,624.00,608.00,600.75,9830700,0
NG.L,20120106,615.00,618.50,605.50,586.79,6748500,0
NG.L,20120105,632.00,632.50,611.00,590.16,10409000,0
NG.L,20120104,632.00,636.50,629.50,606.53,6744400,0
NG.L,20120103,632.00,635.00,623.50,607.98,7349700,0
NG.L,20111230,630.50,630.87,618.50,601.72,1774800,0
NG.L,20111229,621.00,627.50,614.50,604.12,2875400,0
NG.L,20111228,630.00,630.00,619.50,596.42,4852100,0
NG.L,20111223,610.50,618.00,608.00,594.98,3097800,0
NG.L,20111222,598.00,604.12,596.00,580.54,5366200,0
NG.L,20111221,609.00,610.35,590.00,575.24,9659800,0
NG.L,20111220,607.00,608.00,601.50,584.39,6652900,0
NG.L,20111219,609.50,612.50,604.58,584.87,5057400,0
NG.L,20111216,610.50,617.50,610.50,590.65,13842200,0
NG.L,20111215,607.00,613.50,606.75,589.20,6661600,0
NG.L,20111214,603.50,619.84,601.00,596.75,7610500,0
NG.L,20111213,606.50,611.00,604.00,583.91,6370000,0
NG.L,20111212,605.50,613.00,604.00,581.98,6158300,0
NG.L,20111209,608.50,612.50,603.50,582.94,6285500,0
NG.L,20111208,612.00,615.50,609.00,587.28,7765700,0
NG.L,20111207,609.50,613.33,606.50,586.79,11869800,0
NG.L,20111206,603.50,606.77,598.50,581.98,11261500,0
NG.L,20111205,611.50,624.14,602.50,582.46,13571900,0
NG.L,20111202,632.00,634.00,605.29,584.87,17085800,0
NG.L,20111201,625.50,634.00,625.00,604.12,10384800,0
NG.L,20111130,624.50,630.42,616.00,601.24,17449800,0
NG.L,20111129,637.00,641.00,629.50,603.71,6773700,0
NG.L,20111128,635.00,639.78,620.00,601.83,6569100,0
NG.L,20111125,619.00,635.79,623.50,594.76,5627200,0
NG.L,20111124,633.00,634.25,619.00,583.93,7231800,0
NG.L,20111123,631.50,638.50,628.50,595.23,6415900,0
NG.L,20111122,631.00,639.28,629.25,599.47,5726200,0
NG.L,20111121,639.50,635.59,617.00,592.41,6928900,0
NG.L,20111118,638.00,646.55,634.75,604.65,9439600,0
NG.L,20111117,634.00,642.28,601.50,604.18,9346700,0
NG.L,20111116,627.50,635.05,620.62,590.05,5914400,0
NG.L,20111115,621.00,633.50,620.19,592.41,4234700,0
NG.L,20111114,630.50,631.50,619.94,588.17,4518600,0
NG.L,20111111,611.50,631.00,610.06,592.41,6819400,0
NG.L,20111110,611.50,623.00,610.50,576.40,5861700,0
NG.L,20111109,623.50,627.50,616.00,582.52,5264300,0
NG.L,20111108,622.50,626.22,619.50,585.34,4831700,0
NG.L,20111107,621.50,627.00,615.50,586.29,5462600,0
NG.L,20111104,628.50,632.50,622.50,586.29,5740900,0
NG.L,20111103,619.50,632.50,617.50,590.05,5979700,0
NG.L,20111102,619.50,624.00,608.50,587.23,8417900,0
NG.L,20111101,614.50,619.50,609.00,580.16,9898000,0
NG.L,20111031,622.50,630.50,617.50,581.58,7105500,0
NG.L,20111028,627.50,630.03,621.00,586.29,5626100,0
NG.L,20111027,653.50,653.50,623.00,591.00,14598800,0
NG.L,20111026,634.00,640.69,633.19,602.77,7946600,0
NG.L,20111025,629.50,635.50,626.00,597.12,8538800,0
NG.L,20111024,637.00,639.50,628.50,592.88,6674700,0
NG.L,20111021,638.50,640.50,633.00,599.00,6614000,0
NG.L,20111020,635.50,640.72,632.50,600.88,5288100,0
NG.L,20111019,641.00,643.00,632.00,599.47,5869300,0
NG.L,20111018,635.50,640.50,633.00,601.83,4734200,0
NG.L,20111017,634.50,640.50,634.50,600.88,6043300,0
NG.L,20111014,635.00,638.60,630.00,595.70,6233100,0
NG.L,20111013,630.00,635.00,624.50,598.06,6297900,0
NG.L,20111012,637.00,641.00,629.00,594.76,6967800,0
NG.L,20111011,640.50,641.00,634.00,602.77,5953100,0
NG.L,20111010,652.50,653.00,641.00,608.42,4950900,0
NG.L,20111007,642.00,653.00,640.00,611.72,7668800,0
NG.L,20111006,628.00,641.16,626.50,603.71,7976500,0
NG.L,20111005,631.50,635.83,622.00,590.52,7652500,0
NG.L,20111004,637.00,638.50,620.00,588.17,9122300,0
NG.L,20111003,626.50,643.00,622.00,602.77,8798300,0
NG.L,20110930,638.00,641.00,628.00,601.36,8806300,0
NG.L,20110929,628.50,641.00,625.50,602.77,7384800,0
NG.L,20110928,632.00,632.00,623.50,592.41,7411600,0
NG.L,20110927,634.00,634.00,619.00,592.41,8302100,0
NG.L,20110926,622.00,633.50,618.00,587.23,8120600,0
NG.L,20110923,635.00,638.05,623.00,590.52,5972400,0
NG.L,20110922,640.00,642.00,623.00,594.29,11471100,0
NG.L,20110921,647.05,650.59,633.50,609.36,9332600,0
NG.L,20110920,625.50,639.00,625.50,601.36,5173900,0
NG.L,20110919,615.00,629.50,612.50,589.58,8174500,0
NG.L,20110916,624.50,632.00,620.44,584.40,26553300,0
NG.L,20110915,628.50,634.50,611.00,583.46,12789700,0
NG.L,20110914,617.00,627.00,614.00,588.64,7817500,0
NG.L,20110913,610.00,619.00,602.00,582.99,8382900,0
NG.L,20110912,611.00,621.00,606.50,580.16,6598200,0
NG.L,20110909,626.50,633.41,620.00,585.82,5074400,0
NG.L,20110908,633.00,634.00,620.00,592.88,5303500,0
NG.L,20110907,624.00,633.06,622.00,595.70,6489600,0
NG.L,20110906,609.00,619.50,605.50,579.22,7612400,0
NG.L,20110905,612.00,617.50,607.00,573.57,5658200,0
NG.L,20110902,619.50,628.50,617.50,582.99,5215200,0
NG.L,20110901,622.50,626.50,618.00,586.76,8569600,0
NG.L,20110831,614.00,621.13,609.00,584.87,7558000,0
NG.L,20110830,619.50,625.00,606.50,577.34,5000700,0
NG.L,20110826,591.00,604.36,585.00,566.98,7716700,0
NG.L,20110825,613.50,614.00,589.00,555.21,7747500,0
NG.L,20110824,599.00,613.00,593.50,575.46,10531600,0
NG.L,20110823,605.00,605.00,594.00,560.86,4716000,0
NG.L,20110822,589.00,603.50,587.50,565.57,196600,0
NG.L,20110819,589.00,600.50,576.50,556.15,9998700,0
NG.L,20110818,598.00,603.00,581.50,555.68,8176500,0
NG.L,20110817,599.00,604.50,593.00,568.86,5865400,0
NG.L,20110816,591.50,603.00,591.50,565.10,7376600,0
NG.L,20110815,597.00,600.00,591.00,564.15,4083200,0
NG.L,20110812,580.00,594.46,570.00,559.44,7143900,0
NG.L,20110811,591.00,591.00,557.00,545.32,11390600,0
NG.L,20110810,583.00,586.94,565.00,535.90,14059800,0
NG.L,20110809,574.50,574.50,545.50,538.25,18484400,0
NG.L,20110808,584.00,593.00,572.50,542.02,11718800,0
NG.L,20110805,589.50,596.50,580.50,553.32,13092000,0
NG.L,20110804,613.50,616.00,599.50,564.62,10410700,0
NG.L,20110803,600.00,614.58,599.00,574.04,13519600,0
NG.L,20110802,589.00,604.50,587.50,567.45,10775500,0
NG.L,20110801,601.50,603.50,590.50,556.15,6528500,0
NG.L,20110729,599.50,602.00,592.50,562.27,7042200,0
NG.L,20110728,604.50,609.88,602.00,568.86,3437200,0
NG.L,20110727,607.00,612.50,604.00,571.22,7063900,0
NG.L,20110726,610.00,615.00,606.64,574.51,6284800,0
NG.L,20110725,606.00,618.68,606.00,573.10,7131900,0
NG.L,20110722,604.00,611.00,601.00,574.51,7714300,0
NG.L,20110721,601.00,602.50,595.00,566.98,6808200,0
NG.L,20110720,596.50,600.50,592.50,565.57,46345000,0
NG.L,20110719,600.50,600.50,594.00,559.92,8809900,0
NG.L,20110718,599.50,602.50,596.00,563.68,6537600,0
NG.L,20110715,603.50,607.50,601.00,568.39,6946000,0
NG.L,20110714,606.00,608.00,603.50,569.33,4474300,0
NG.L,20110713,606.00,611.00,601.50,574.51,5203800,0
NG.L,20110712,604.50,609.00,601.50,570.75,8117400,0
NG.L,20110711,612.50,619.00,608.50,575.93,6582800,0
NG.L,20110708,619.50,620.00,609.00,578.28,5625500,0
NG.L,20110707,618.00,619.00,613.00,581.58,4942200,0
NG.L,20110706,616.00,617.00,613.00,579.69,6233500,0
NG.L,20110705,612.50,616.00,611.00,578.28,4987400,0
NG.L,20110704,617.00,617.50,613.50,578.75,3033100,0
NG.L,20110701,617.50,618.00,610.50,579.69,8648700,0
NG.L,20110630,610.50,613.50,601.71,576.87,7017200,0
NG.L,20110629,598.00,608.00,597.00,572.63,8803400,0
NG.L,20110628,597.00,600.00,593.00,561.09,7438000,0
NG.L,20110627,589.50,596.77,589.50,560.86,5203300,0
NG.L,20110624,591.00,593.00,587.50,556.62,6115800,0
NG.L,20110623,592.00,594.50,586.00,551.91,6477700,0
NG.L,20110622,591.50,593.00,588.50,557.56,6105900,0
NG.L,20110621,588.00,592.02,585.50,556.15,7173200,0
NG.L,20110620,586.50,588.00,581.50,550.97,6148400,0
NG.L,20110617,586.00,590.00,584.00,554.74,11370800,0
NG.L,20110616,591.50,593.00,587.50,554.74,8727900,0
NG.L,20110615,593.50,598.50,590.50,556.15,6165600,0
NG.L,20110614,597.00,598.00,593.00,559.44,7717400,0
NG.L,20110613,593.00,598.00,590.00,559.92,4560200,0
NG.L,20110610,602.00,602.00,591.00,556.62,7390900,0
NG.L,20110609,595.50,601.78,593.50,565.57,5548600,0
NG.L,20110608,593.50,595.50,589.50,559.92,5803600,0
NG.L,20110607,588.00,597.00,587.50,558.97,8204600,0
NG.L,20110606,593.00,594.50,588.50,555.21,4933000,0
NG.L,20110603,594.50,595.50,586.00,558.50,7886300,0
NG.L,20110602,593.00,597.50,590.50,557.56,16589000,0
NG.L,20110601,607.00,607.00,596.00,561.33,8086300,0
NG.L,20110531,624.00,631.20,622.00,567.48,13337900,0
NG.L,20110527,620.00,621.50,616.50,561.59,10831300,0
NG.L,20110526,619.00,619.50,614.00,558.41,6998400,0
NG.L,20110525,619.00,622.43,614.50,559.32,8258500,0
NG.L,20110524,624.00,629.00,623.50,566.12,3894400,0
NG.L,20110523,625.00,633.00,622.50,564.76,9441700,0
NG.L,20110520,624.50,635.50,622.50,573.37,9246000,0
NG.L,20110519,618.00,631.50,614.50,564.31,11146300,0
NG.L,20110518,617.50,621.00,612.00,557.05,5649200,0
NG.L,20110517,617.00,622.00,615.50,557.96,8661200,0
NG.L,20110516,616.50,619.50,609.50,558.41,6948900,0
NG.L,20110513,631.00,633.00,618.05,561.59,6496300,0
NG.L,20110512,624.50,629.06,619.50,570.20,5515800,0
NG.L,20110511,632.00,633.00,622.50,568.84,6660800,0
NG.L,20110510,616.00,630.00,615.00,570.65,11871700,0
NG.L,20110509,613.00,618.75,607.00,557.05,5962800,0
NG.L,20110506,610.50,615.00,607.50,557.51,4768300,0
NG.L,20110505,614.50,616.50,608.03,552.97,4504300,0
NG.L,20110504,630.00,639.00,611.00,554.79,10798400,0
NG.L,20110503,613.50,618.00,608.50,558.87,6056900,0
NG.L,20110428,612.50,617.42,611.00,556.60,6274600,0
NG.L,20110427,608.50,613.50,607.00,552.07,4109500,0
NG.L,20110426,601.00,607.50,599.50,550.25,3980400,0
NG.L,20110421,605.00,605.06,599.00,545.72,3453800,0
NG.L,20110420,595.50,604.76,595.50,547.08,5514900,0
NG.L,20110419,591.50,596.50,590.00,537.11,5663400,0
NG.L,20110418,603.50,604.00,589.00,533.94,6736000,0
NG.L,20110415,597.00,605.00,596.00,547.08,7614400,0
NG.L,20110414,599.00,604.00,590.56,539.83,7171600,0
NG.L,20110413,590.50,601.01,588.00,543.00,8863400,0
NG.L,20110412,590.50,594.50,584.50,531.22,5690400,0
NG.L,20110411,586.00,592.00,583.50,534.84,4669600,0
NG.L,20110408,593.00,594.50,588.00,534.39,5665300,0
NG.L,20110407,590.50,598.50,589.00,534.84,6850100,0
NG.L,20110406,592.50,593.00,587.50,534.84,5203000,0
NG.L,20110405,595.00,596.00,587.08,533.94,7397900,0
NG.L,20110404,601.00,603.00,597.50,543.91,4722700,0
NG.L,20110401,597.00,598.90,593.50,541.64,4738200,0
NG.L,20110331,597.50,598.31,594.00,538.47,7930800,0
NG.L,20110330,594.50,595.50,590.00,539.83,7199500,0
NG.L,20110329,593.50,594.50,588.00,538.92,6472300,0
NG.L,20110328,591.50,594.89,589.50,536.66,5418800,0
NG.L,20110325,591.50,592.00,586.50,534.39,6577500,0
NG.L,20110324,583.00,591.50,582.00,534.39,7959300,0
NG.L,20110323,582.50,586.00,579.50,530.31,8050600,0
NG.L,20110322,573.00,586.50,573.00,530.76,9160300,0
NG.L,20110321,581.00,581.00,561.96,523.97,12638100,0
NG.L,20110318,565.00,577.50,560.00,523.06,24713300,0
NG.L,20110317,548.50,553.00,543.84,500.85,5920100,0
NG.L,20110316,549.00,551.50,543.50,493.14,16788200,0
NG.L,20110315,549.00,557.00,541.50,492.69,27275000,0
NG.L,20110314,567.50,570.00,552.50,503.57,12173200,0
NG.L,20110311,576.50,580.24,569.00,515.81,7104800,0
NG.L,20110310,577.50,583.50,576.00,525.78,7976800,0
NG.L,20110309,574.50,580.05,572.00,524.42,2622700,0
NG.L,20110308,573.00,575.00,569.00,519.43,2370800,0
NG.L,20110307,572.00,576.50,570.00,519.89,2420800,0
NG.L,20110304,570.50,575.50,569.00,518.53,4740100,0
NG.L,20110303,570.00,574.50,567.00,518.07,7539900,0
NG.L,20110302,564.50,569.00,564.00,514.45,7578300,0
NG.L,20110301,574.00,574.50,562.00,512.18,4618700,0
NG.L,20110228,567.50,573.75,564.50,517.62,4650700,0
NG.L,20110225,569.00,571.20,565.00,517.17,657746300,0
NG.L,20110224,558.00,566.00,554.50,513.09,250837900,0
NG.L,20110223,568.00,568.00,559.50,509.46,33083000,0
NG.L,20110222,565.50,566.50,559.11,510.37,4943700,0
NG.L,20110221,573.50,575.99,565.50,513.54,5559300,0
NG.L,20110218,570.50,575.50,568.09,520.79,6429200,0
NG.L,20110217,569.50,572.00,564.50,518.53,7743000,0
NG.L,20110216,567.50,569.00,564.38,515.35,5603600,0
NG.L,20110215,571.50,573.50,563.00,511.73,6423000,0
NG.L,20110214,575.00,575.00,575.00,518.98,6175300,0
NG.L,20110211,568.00,573.00,565.00,518.98,11848600,0
NG.L,20110210,564.00,565.50,560.00,512.18,10396400,0
NG.L,20110209,555.00,562.50,553.00,508.55,15470500,0
NG.L,20110208,552.00,553.50,547.00,501.30,5071600,0
NG.L,20110207,552.50,556.50,547.00,500.40,5856800,0
NG.L,20110204,550.00,552.00,547.00,498.13,14354100,0
NG.L,20110203,548.00,549.50,533.00,494.96,13621600,0
NG.L,20110202,560.50,561.00,545.50,497.22,13118600,0
NG.L,20110201,556.00,562.00,556.00,507.65,11264400,0
NG.L,20110131,546.50,564.00,541.50,500.85,20370100,0
NG.L,20110128,547.50,555.50,544.00,494.96,12713300,0
NG.L,20110127,547.00,549.00,542.00,494.96,7798400,0
NG.L,20110126,548.00,553.00,545.00,495.41,7774800,0
NG.L,20110125,554.00,555.50,543.50,495.86,11529900,0
NG.L,20110124,544.50,552.00,541.50,499.94,11003500,0
NG.L,20110121,540.00,542.50,528.50,491.33,14490000,0
NG.L,20110120,544.00,544.00,534.50,488.61,11672400,0
NG.L,20110119,541.00,542.00,527.00,481.36,11473700,0
NG.L,20110118,532.00,540.50,532.00,489.97,7034000,0
NG.L,20110117,531.50,536.50,530.00,482.27,7101000,0
NG.L,20110114,533.00,536.50,527.50,481.36,11836800,0
NG.L,20110113,540.00,540.00,521.50,480.45,23054500,0
NG.L,20110112,550.50,554.00,537.50,488.61,16339600,0
NG.L,20110111,565.00,565.00,551.50,499.94,10204300,0
NG.L,20110110,570.00,571.50,564.00,512.18,5818700,0
NG.L,20110107,581.00,581.00,574.00,522.61,8647100,0
NG.L,20110106,580.50,583.50,576.00,525.33,8164300,0
NG.L,20110105,568.00,579.00,562.50,524.87,10430500,0
NG.L,20110104,570.00,570.00,559.50,514.90,9376200,0
NG.L,20101231,565.00,567.50,552.00,501.30,2558200,0
NG.L,20101230,568.00,570.50,562.50,511.73,2150100,0
NG.L,20101229,568.50,573.50,565.50,514.45,2392200,0
NG.L,20101224,570.00,570.00,565.50,513.54,617500,0
NG.L,20101223,577.00,577.50,569.50,516.26,3361400,0
NG.L,20101222,590.00,590.00,565.00,519.89,9600700,0
NG.L,20101221,568.50,571.50,558.00,511.27,7610100,0
NG.L,20101220,560.00,563.50,555.00,510.37,9411700,0
NG.L,20101217,557.00,557.00,551.00,500.40,11387900,0
NG.L,20101216,556.50,557.50,551.50,502.21,7313200,0
NG.L,20101215,553.50,558.00,553.00,504.02,4602100,0
NG.L,20101214,554.50,555.50,551.50,502.21,8301900,0
NG.L,20101213,549.00,554.50,547.00,502.21,4143600,0
NG.L,20101210,549.00,550.00,543.50,496.32,6149100,0
NG.L,20101209,550.00,552.00,544.50,497.22,12639400,0
NG.L,20101208,547.50,549.00,538.50,491.78,8559700,0
NG.L,20101207,553.50,554.50,545.50,496.32,9007900,0
NG.L,20101206,558.00,558.00,550.50,500.85,7636800,0
NG.L,20101203,559.50,559.50,547.50,502.21,14831400,0
NG.L,20101202,552.50,560.00,545.00,506.74,12373200,0
NG.L,20101201,562.00,564.00,550.00,499.94,11887900,0
NG.L,20101130,570.00,575.50,566.00,503.21,10347800,0
NG.L,20101129,581.00,583.00,567.00,502.32,7080800,0
NG.L,20101126,576.00,580.50,570.50,510.29,5764500,0
NG.L,20101125,579.50,580.50,573.00,511.62,5238000,0
NG.L,20101124,576.00,583.00,574.00,513.84,7176600,0
NG.L,20101123,581.50,586.00,574.00,508.52,5533100,0
NG.L,20101122,582.00,583.50,577.00,514.72,4601700,0
NG.L,20101119,589.50,589.50,574.00,512.51,9932800,0
NG.L,20101118,588.00,589.00,567.00,520.48,8028200,0
NG.L,20101117,580.00,587.50,577.50,517.82,4874700,0
NG.L,20101116,588.00,589.50,581.50,515.61,3953600,0
NG.L,20101115,585.50,590.50,579.50,522.70,5742100,0
NG.L,20101112,579.00,591.50,575.00,520.48,5699200,0
NG.L,20101111,586.50,587.00,578.50,514.72,3507400,0
NG.L,20101110,574.50,587.00,574.50,516.50,8807400,0
NG.L,20101109,581.50,586.50,573.50,509.85,9078400,0
NG.L,20101108,588.50,591.00,579.00,517.38,6755600,0
NG.L,20101105,595.00,600.50,588.00,523.14,8965400,0
NG.L,20101104,592.50,597.00,590.00,528.01,4364400,0
NG.L,20101103,595.50,596.00,585.50,521.81,5922600,0
NG.L,20101102,588.00,595.00,587.50,526.24,4681300,0
NG.L,20101101,593.50,594.00,584.00,522.70,7009100,0
NG.L,20101029,585.50,593.50,581.50,522.70,6577400,0
NG.L,20101028,581.00,588.50,580.50,516.94,4045000,0
NG.L,20101027,584.00,594.00,576.00,511.62,8242200,0
NG.L,20101026,584.00,587.00,581.50,519.60,4135700,0
NG.L,20101025,588.50,589.50,583.00,517.38,4004100,0
NG.L,20101022,593.50,594.50,584.00,518.71,8912600,0
NG.L,20101021,585.00,597.00,581.00,526.24,10516900,0
NG.L,20101020,579.50,582.50,572.00,515.61,6629700,0
NG.L,20101019,571.00,579.50,567.50,513.39,7469200,0
NG.L,20101018,571.50,574.00,565.50,506.75,11308000,0
NG.L,20101015,577.50,577.50,566.00,504.54,7231100,0
NG.L,20101014,578.00,580.50,574.00,508.96,9156400,0
NG.L,20101013,574.00,580.00,572.00,512.07,9977300,0
NG.L,20101012,569.50,572.50,564.50,507.19,8070800,0
NG.L,20101011,567.00,571.00,565.50,504.98,5079300,0
NG.L,20101008,568.00,568.50,561.50,499.66,4488100,0
NG.L,20101007,563.00,572.50,561.00,502.76,10554300,0
NG.L,20101006,562.00,566.50,560.00,498.33,10004400,0
NG.L,20101005,556.50,563.50,555.00,496.56,7826100,0
NG.L,20101004,542.00,555.00,538.00,490.36,6351100,0
NG.L,20101001,539.50,544.50,536.50,479.29,7856600,0
NG.L,20100930,543.50,549.00,536.50,478.40,9945500,0
NG.L,20100929,550.00,551.50,541.50,481.94,5991200,0
NG.L,20100928,544.00,547.00,540.50,484.60,5422500,0
NG.L,20100927,545.50,546.00,540.50,481.06,4140600,0
NG.L,20100924,544.50,546.50,539.00,481.06,6168500,0
NG.L,20100923,551.50,555.50,540.00,485.93,5564500,0
NG.L,20100922,554.00,554.00,543.50,484.60,5021300,0
NG.L,20100921,554.00,556.00,550.00,488.15,4482400,0
NG.L,20100920,553.00,555.50,547.50,491.25,6341500,0
NG.L,20100917,559.00,560.50,550.00,488.59,10629000,0
NG.L,20100916,560.50,561.50,556.50,493.48,7298000,0
NG.L,20100915,562.50,565.00,559.00,496.12,5550200,0
NG.L,20100914,564.50,565.00,559.50,497.89,4561100,0
NG.L,20100913,564.00,564.50,555.50,497.45,6875700,0
NG.L,20100910,559.50,560.50,554.00,496.12,6304600,0
NG.L,20100909,548.00,559.50,548.00,495.68,7596100,0
NG.L,20100908,545.50,549.00,543.00,485.49,7648700,0
NG.L,20100907,544.00,546.00,542.00,482.39,6220600,0
NG.L,20100906,546.00,548.00,540.00,481.50,5844000,0
NG.L,20100903,547.00,549.00,541.00,482.39,9997400,0
NG.L,20100902,548.00,548.50,541.50,484.60,8287300,0
NG.L,20100901,551.00,552.50,544.50,486.37,10659600,0
NG.L,20100831,545.00,550.50,542.50,486.37,15151200,0
NG.L,20100827,538.50,548.50,537.50,485.49,12335800,0
NG.L,20100826,536.00,537.50,534.00,475.74,5133200,0
NG.L,20100825,536.00,540.00,530.50,472.64,9230100,0
NG.L,20100824,534.50,537.50,531.50,473.53,4894700,0
NG.L,20100823,531.00,538.00,527.50,475.30,4894000,0
NG.L,20100820,532.00,536.50,526.50,469.10,7423100,0
NG.L,20100819,540.00,542.00,531.00,472.64,6877200,0
NG.L,20100818,534.50,540.50,532.00,476.63,6688100,0
NG.L,20100817,531.00,538.00,531.00,474.86,5951600,0
NG.L,20100816,539.00,541.50,527.50,470.87,7340400,0
NG.L,20100813,541.00,544.50,536.00,476.19,11445600,0
NG.L,20100812,531.00,540.00,531.00,477.07,11196400,0
NG.L,20100811,536.50,539.50,531.00,472.20,9244000,0
NG.L,20100810,539.00,541.50,535.50,477.07,8502100,0
NG.L,20100809,530.50,539.00,530.50,477.51,7850300,0
NG.L,20100806,539.00,540.50,524.50,467.33,11634300,0
NG.L,20100805,531.00,542.50,529.50,477.51,10214600,0
NG.L,20100804,525.00,533.00,520.00,471.31,7207900,0
NG.L,20100803,521.50,525.00,520.00,465.11,5665200,0
NG.L,20100802,513.50,524.00,510.50,464.23,7226800,0
NG.L,20100730,510.00,522.00,509.50,451.38,14335600,0
NG.L,20100729,512.00,515.50,509.00,452.27,6436700,0
NG.L,20100728,518.00,518.00,511.00,454.48,8350800,0
NG.L,20100727,513.00,519.00,510.50,457.80,14422500,0
NG.L,20100726,509.50,510.00,498.20,450.94,13511000,0
NG.L,20100723,497.50,503.50,496.20,445.18,11831800,0
NG.L,20100722,490.10,496.80,488.70,440.13,11231900,0
NG.L,20100721,496.00,496.00,488.00,434.72,16635400,0
NG.L,20100720,491.10,491.80,487.00,434.19,11230500,0
NG.L,20100719,488.90,490.00,486.50,432.95,9753100,0
NG.L,20100716,489.90,490.90,484.50,431.98,18142100,0
NG.L,20100715,495.20,496.00,485.50,432.60,18948300,0
NG.L,20100714,503.50,504.00,495.30,440.39,9142100,0
NG.L,20100713,500.00,503.50,496.20,444.74,10420300,0
NG.L,20100712,496.60,499.00,491.00,439.33,9184300,0
NG.L,20100709,502.50,503.00,489.00,438.45,11969700,0
NG.L,20100708,512.50,512.50,496.60,444.74,15440800,0
NG.L,20100707,487.90,503.00,485.20,444.74,10270500,0
NG.L,20100706,487.60,493.00,485.40,434.37,10992500,0
NG.L,20100705,490.30,492.00,485.50,432.07,4063200,0
NG.L,20100702,487.50,490.80,480.30,432.16,9067800,0
NG.L,20100701,486.30,490.10,483.30,429.67,11736500,0
NG.L,20100630,490.40,492.90,486.00,434.99,15422000,0
NG.L,20100629,502.50,504.00,488.70,433.13,13594000,0
NG.L,20100628,502.50,504.50,499.50,444.74,7229300,0
NG.L,20100625,502.50,504.50,497.70,442.08,7398700,0
NG.L,20100624,505.00,505.50,500.50,444.74,6002500,0
NG.L,20100623,505.50,506.50,498.20,442.96,6188200,0
NG.L,20100622,508.50,510.00,503.00,446.95,6921300,0
NG.L,20100621,518.00,519.50,508.00,451.82,9112000,0
NG.L,20100618,514.00,517.00,510.50,457.58,12788000,0
NG.L,20100617,515.00,517.00,510.00,455.37,9747600,0
NG.L,20100616,512.00,512.50,505.00,453.15,10654500,0
NG.L,20100615,503.50,509.00,503.50,448.72,9010900,0
NG.L,20100614,505.00,508.00,499.80,449.16,15488300,0
NG.L,20100611,503.50,505.00,497.80,442.08,14046600,0
NG.L,20100610,483.10,502.00,483.10,442.43,20404200,0
NG.L,20100609,486.60,488.90,474.80,428.97,36148800,0
NG.L,20100608,492.00,494.90,482.00,429.14,33123500,0
NG.L,20100607,483.00,486.10,477.80,430.03,24847700,0
NG.L,20100604,497.30,497.70,482.40,431.98,45973500,0
NG.L,20100603,495.00,505.00,492.10,438.98,42281000,0
NG.L,20100602,498.50,498.50,480.00,431.89,55887400,0
NG.L,20100601,494.80,503.00,493.10,423.61,48391500,0
NG.L,20100528,496.00,502.50,489.30,420.50,40087500,0
NG.L,20100527,500.00,501.50,486.40,418.90,29549200,0
NG.L,20100526,495.00,500.50,482.30,418.90,34077300,0
NG.L,20100525,551.50,563.50,549.50,468.25,15919500,0
NG.L,20100524,563.00,572.00,559.50,475.41,13170400,0
NG.L,20100521,579.00,579.00,554.00,474.57,21531900,0
NG.L,20100520,559.00,584.50,551.50,485.51,28153500,0
NG.L,20100519,625.50,628.50,616.50,522.15,5193800,0
NG.L,20100518,621.00,633.00,618.50,529.73,4600300,0
NG.L,20100517,614.00,622.00,610.00,520.04,4427900,0
NG.L,20100514,626.00,628.00,617.50,520.47,7072100,0
NG.L,20100513,629.50,631.50,622.50,528.89,5505500,0
NG.L,20100512,614.00,631.50,609.00,528.47,7705500,0
NG.L,20100511,607.00,614.00,606.00,515.83,7520600,0
NG.L,20100510,603.00,615.00,596.00,512.04,13748800,0
NG.L,20100507,605.50,611.00,588.00,504.88,11768200,0
NG.L,20100506,620.00,627.50,613.00,516.25,7414800,0
NG.L,20100505,624.50,633.50,622.50,527.20,8537100,0
NG.L,20100504,636.00,638.00,628.00,530.15,5785300,0
NG.L,20100430,634.00,635.50,628.00,529.73,5470500,0
NG.L,20100429,633.00,633.50,626.00,531.41,6644600,0
NG.L,20100428,640.00,642.00,629.00,533.10,9418900,0
NG.L,20100427,644.00,649.50,640.00,538.99,5831700,0
NG.L,20100426,655.00,657.00,645.00,544.47,5505700,0
NG.L,20100423,652.00,658.50,646.00,549.94,4155300,0
NG.L,20100422,659.00,661.00,650.50,548.68,4287800,0
NG.L,20100421,662.50,664.00,656.00,553.31,3935500,0
NG.L,20100420,653.00,666.00,651.00,558.36,4594300,0
NG.L,20100419,651.00,652.50,646.50,546.15,3461900,0
NG.L,20100416,652.00,657.00,649.50,547.84,5966100,0
NG.L,20100415,654.50,656.50,651.00,551.20,2699000,0
NG.L,20100414,655.50,658.00,653.00,551.63,3567400,0
NG.L,20100413,655.50,662.50,653.50,550.78,2789600,0
NG.L,20100412,657.50,660.00,654.50,552.89,2277100,0
NG.L,20100409,651.50,658.50,648.50,553.31,4681800,0
NG.L,20100408,653.00,654.00,645.50,546.15,2618700,0
NG.L,20100407,652.00,658.50,649.50,549.10,4314200,0
NG.L,20100406,647.50,653.50,642.50,547.84,2995400,0
NG.L,20100401,644.00,648.50,643.00,545.31,3312800,0
NG.L,20100331,640.50,649.50,639.00,540.26,8438200,0
NG.L,20100330,647.00,648.00,641.00,541.52,3832100,0
NG.L,20100329,642.50,645.00,637.50,542.78,3586100,0
NG.L,20100326,641.00,641.00,635.50,537.73,3699900,0
NG.L,20100325,631.50,644.00,631.50,541.52,4862600,0
NG.L,20100324,643.50,643.50,628.50,531.83,4811300,0
NG.L,20100323,641.50,646.00,636.50,539.84,3368700,0
NG.L,20100322,641.50,642.50,633.00,538.15,3817700,0
NG.L,20100319,648.50,650.50,639.00,538.99,11463700,0
NG.L,20100318,649.00,653.00,647.00,546.57,3836600,0
NG.L,20100317,653.00,653.00,646.50,547.41,3318700,0
NG.L,20100316,656.00,658.50,647.50,547.84,4181800,0
NG.L,20100315,649.50,656.00,648.00,550.78,4654300,0
NG.L,20100312,656.50,661.00,650.00,547.84,4002800,0
NG.L,20100311,657.50,662.50,654.50,552.05,4106000,0
NG.L,20100310,658.00,660.00,653.50,553.73,4224500,0
NG.L,20100309,665.00,665.00,656.50,555.84,3026500,0
NG.L,20100308,658.00,663.00,656.50,557.94,3918100,0
NG.L,20100305,659.00,662.50,650.50,552.89,4660000,0
NG.L,20100304,654.00,660.00,649.00,554.99,6194300,0
NG.L,20100303,658.00,664.00,652.50,551.20,5189000,0
NG.L,20100302,658.50,659.50,650.50,555.42,3972800,0
NG.L,20100301,654.00,657.50,650.00,552.47,4571400,0
NG.L,20100226,645.00,653.50,641.00,549.10,5700500,0
NG.L,20100225,643.50,648.50,636.50,540.26,5894800,0
NG.L,20100224,643.00,646.00,639.00,542.78,4141300,0
NG.L,20100223,644.50,648.00,639.00,538.99,3678700,0
NG.L,20100222,650.50,651.50,640.50,543.58,4264000,0
NG.L,20100219,635.50,650.50,634.00,547.41,8370100,0
NG.L,20100218,639.50,641.00,633.50,536.05,3176600,0
NG.L,20100217,645.00,647.50,636.50,537.31,4098900,0
NG.L,20100216,640.50,645.00,638.00,540.68,4044900,0
NG.L,20100215,641.50,642.50,636.50,538.15,2266400,0
NG.L,20100212,627.50,644.00,625.50,538.99,4922600,0
NG.L,20100211,633.50,635.00,621.50,532.26,6197900,0
NG.L,20100210,626.50,635.00,622.00,532.26,4739000,0
NG.L,20100209,627.50,629.00,619.50,523.83,4742900,0
NG.L,20100208,625.50,635.00,621.50,529.73,7306300,0
NG.L,20100205,624.50,633.00,623.00,527.62,6330200,0
NG.L,20100204,634.50,638.00,625.50,528.47,4566300,0
NG.L,20100203,637.00,640.00,632.00,533.52,3100400,0
NG.L,20100202,643.50,646.00,634.00,538.15,3618400,0
NG.L,20100201,631.50,646.00,627.50,541.94,4161000,0
NG.L,20100129,630.50,635.00,628.00,531.41,8021100,0
NG.L,20100128,639.50,643.00,629.00,529.73,6831900,0
NG.L,20100127,640.00,642.50,633.00,534.78,6344000,0
NG.L,20100126,634.50,647.00,633.00,541.10,6007400,0
NG.L,20100125,639.50,642.00,633.50,536.47,5477500,0
NG.L,20100122,644.00,655.50,641.50,542.36,7661400,0
NG.L,20100121,649.50,656.50,645.00,543.20,6623200,0
NG.L,20100120,655.00,657.50,644.50,544.47,6604300,0
NG.L,20100119,645.00,656.00,641.00,550.78,6791500,0
NG.L,20100118,647.00,649.50,642.50,542.78,5283600,0
NG.L,20100115,654.00,654.00,643.50,541.94,9929600,0
NG.L,20100114,652.50,655.50,646.00,547.41,3247300,0
NG.L,20100113,646.00,654.50,643.50,547.84,5329900,0
NG.L,20100112,656.00,658.50,641.50,544.89,6860900,0
NG.L,20100111,658.00,659.50,653.50,552.05,6307400,0
NG.L,20100108,656.50,659.00,653.00,554.57,5977500,0
NG.L,20100107,668.00,671.50,650.00,549.52,6287100,0
NG.L,20100106,676.50,680.50,667.00,562.15,5262000,0
NG.L,20100105,682.00,685.50,678.00,573.73,3810100,0
NG.L,20100104,680.00,682.50,676.00,573.10,7168000,0
NG.L,20091231,681.00,683.50,672.00,571.84,1111900,0
NG.L,20091230,673.50,680.00,672.50,569.31,2221200,0
NG.L,20091229,667.50,674.00,665.50,567.63,2287300,0
NG.L,20091224,664.00,665.00,659.50,558.36,587100,0
NG.L,20091223,656.00,662.50,654.00,556.68,2801300,0
NG.L,20091222,648.50,656.50,647.50,551.20,3342500,0
NG.L,20091221,644.50,650.50,636.50,546.15,3595100,0
NG.L,20091218,647.00,650.00,643.00,543.62,10730800,0
NG.L,20091217,649.50,653.00,645.50,544.05,5622800,0
NG.L,20091216,652.00,655.00,649.00,549.94,4518500,0
NG.L,20091215,651.50,653.50,646.50,547.41,6920800,0
NG.L,20091214,654.00,654.00,646.00,547.41,4283900,0
NG.L,20091211,644.50,650.00,642.50,543.20,5372900,0
NG.L,20091210,643.00,644.50,639.00,542.78,4488600,0
NG.L,20091209,641.00,644.50,637.50,540.68,5534300,0
NG.L,20091208,645.50,652.50,637.50,538.15,5084900,0
NG.L,20091207,645.50,650.00,638.00,543.20,5560800,0
NG.L,20091204,648.00,651.00,641.50,545.73,8669000,0
NG.L,20091203,652.50,656.00,645.50,545.73,7251600,0
NG.L,20091202,657.00,657.00,639.50,549.52,8730700,0
NG.L,20091201,662.00,668.00,656.50,551.08,7907500,0
NG.L,20091130,657.50,663.00,652.00,544.89,7404600,0
NG.L,20091127,656.00,664.00,652.50,542.83,9991100,0
NG.L,20091126,668.50,671.00,656.00,543.65,5032500,0
NG.L,20091125,664.50,671.00,658.50,553.55,9910200,0
NG.L,20091124,653.50,667.50,651.50,545.30,8532800,0
NG.L,20091123,648.50,661.00,646.50,540.35,5587400,0
NG.L,20091120,648.00,652.50,644.50,534.58,10402500,0
NG.L,20091119,648.00,648.50,638.00,532.52,8691800,0
NG.L,20091118,640.00,643.00,635.50,527.98,4839500,0
NG.L,20091117,639.00,643.00,636.00,525.92,4647000,0
NG.L,20091116,631.50,639.00,628.00,526.33,5281500,0
NG.L,20091113,617.50,630.00,616.00,518.90,4914800,0
NG.L,20091112,622.00,622.00,616.50,510.24,3977200,0
NG.L,20091111,621.50,629.50,618.50,512.72,4788900,0
NG.L,20091110,617.00,623.50,614.00,511.89,4659300,0
NG.L,20091109,615.50,618.50,613.50,506.94,3137300,0
NG.L,20091106,613.00,617.50,608.00,504.88,4274300,0
NG.L,20091105,611.00,619.00,610.00,507.35,6306000,0
NG.L,20091104,602.50,617.00,599.50,506.94,6037600,0
NG.L,20091103,601.00,605.00,599.00,495.81,3862200,0
NG.L,20091102,606.50,609.00,601.50,498.69,4735500,0
NG.L,20091030,609.50,616.00,604.00,500.34,6230900,0
NG.L,20091029,603.50,610.00,599.50,502.82,8034500,0
NG.L,20091028,594.50,604.50,593.50,497.04,7456600,0
NG.L,20091027,591.50,601.00,583.00,492.92,6649900,0
NG.L,20091026,590.50,595.00,586.00,485.91,5574700,0
NG.L,20091023,594.00,598.50,587.50,484.67,6265000,0
NG.L,20091022,595.00,599.50,590.00,490.03,4267400,0
NG.L,20091021,594.00,600.00,591.50,492.92,5608200,0
NG.L,20091020,594.00,599.00,592.00,489.62,7071400,0
NG.L,20091019,582.50,588.50,575.50,483.43,5724600,0
NG.L,20091016,575.50,586.00,574.50,478.48,14752900,0
NG.L,20091015,581.50,584.50,572.50,472.29,9303600,0
NG.L,20091014,592.00,596.00,579.50,479.31,9662900,0
NG.L,20091013,592.00,594.50,579.50,480.96,9218000,0
NG.L,20091012,600.00,600.50,589.00,486.73,5730900,0
NG.L,20091009,598.50,602.00,595.50,494.16,5034300,0
NG.L,20091008,609.00,611.00,593.50,494.98,5335000,0
NG.L,20091007,601.50,607.00,598.00,497.87,3727400,0
NG.L,20091006,598.50,605.00,596.50,497.46,4308200,0
NG.L,20091005,601.00,602.00,595.50,494.16,4331000,0
NG.L,20091002,602.00,607.00,599.00,495.39,7017900,0
NG.L,20091001,603.50,610.00,600.50,496.63,6065100,0
NG.L,20090930,601.50,613.50,598.50,498.28,7208100,0
NG.L,20090929,606.50,606.50,599.00,495.81,4172400,0
NG.L,20090928,603.00,610.50,599.00,499.11,4275300,0
NG.L,20090925,603.00,606.00,596.00,496.22,5684200,0
NG.L,20090924,609.50,610.50,599.50,494.98,6969600,0
NG.L,20090923,611.00,613.50,607.00,502.41,4418700,0
NG.L,20090922,616.00,616.50,608.00,501.58,4793100,0
NG.L,20090921,617.50,621.50,610.00,505.70,3696000,0
NG.L,20090918,621.00,623.00,612.00,507.35,10520500,0
NG.L,20090917,626.50,628.00,618.00,512.30,3485400,0
NG.L,20090916,625.50,625.50,612.50,513.13,5334100,0
NG.L,20090915,616.50,627.00,613.50,512.72,5200500,0
NG.L,20090914,605.00,618.00,605.00,506.53,3609700,0
NG.L,20090911,608.50,623.50,603.50,504.06,8071500,0
NG.L,20090910,605.00,608.50,601.50,499.93,10115500,0
NG.L,20090909,588.50,600.50,584.00,494.98,8062800,0
NG.L,20090908,594.00,594.00,587.00,485.49,3704800,0
NG.L,20090907,591.50,594.50,585.00,489.62,2603400,0
NG.L,20090904,582.00,592.50,581.50,485.91,4099000,0
NG.L,20090903,589.50,590.00,580.50,479.31,4386800,0
NG.L,20090902,581.00,588.50,580.00,484.26,4147800,0
NG.L,20090901,589.50,594.00,580.50,480.13,5260900,0
NG.L,20090828,604.50,607.00,592.50,488.79,5308600,0
NG.L,20090827,599.50,605.50,592.50,498.28,3991900,0
NG.L,20090826,597.00,601.00,587.00,493.74,3240500,0
NG.L,20090825,590.50,597.00,589.50,491.68,4459500,0
NG.L,20090824,597.50,599.50,589.00,488.38,3415200,0
NG.L,20090821,583.00,597.50,580.00,491.68,1612700,0
NG.L,20090820,577.00,585.00,573.50,480.13,2519300,0
NG.L,20090819,565.00,579.00,564.00,475.18,2544900,0
NG.L,20090818,565.50,568.50,562.50,468.58,1646900,0
NG.L,20090817,571.00,572.00,560.50,464.04,1281900,0
NG.L,20090814,571.00,579.50,568.50,469.41,1612600,0
NG.L,20090813,576.50,579.00,568.00,470.64,1277600,0
NG.L,20090812,569.50,575.00,567.50,473.12,1342300,0
NG.L,20090811,567.50,576.00,566.50,470.23,1313900,0
NG.L,20090810,557.00,566.00,555.00,465.28,809400,0
NG.L,20090807,556.00,561.00,553.50,461.98,5402200,0
NG.L,20090806,561.00,563.50,552.00,457.86,1987300,0
NG.L,20090805,570.00,578.00,556.00,460.33,1496300,0
NG.L,20090804,560.00,566.50,556.50,464.87,1437900,0
NG.L,20090803,561.50,567.00,555.00,462.81,1573500,0
NG.L,20090731,560.00,566.50,557.50,460.74,2804500,0
NG.L,20090730,578.00,581.50,558.00,464.87,2099800,0
NG.L,20090729,573.00,584.50,569.50,474.36,2025400,0
NG.L,20090728,567.50,574.50,562.50,471.06,1515600,0
NG.L,20090727,568.00,570.00,559.00,465.69,1908900,0
NG.L,20090724,570.50,572.50,561.00,464.46,2045400,0
NG.L,20090723,570.00,570.00,564.00,469.82,983900,0
NG.L,20090722,564.50,576.50,561.50,473.94,2390600,0
NG.L,20090721,570.50,571.00,558.50,464.04,3585200,0
NG.L,20090720,555.00,570.00,552.50,467.34,7171200,0
NG.L,20090717,559.50,560.00,550.00,456.80,2219300,0
NG.L,20090716,556.50,558.00,551.00,459.51,1744300,0
NG.L,20090715,550.00,555.50,546.00,458.27,2354300,0
NG.L,20090714,547.50,549.50,544.00,450.02,1890400,0
NG.L,20090713,544.00,548.00,539.50,451.26,1242400,0
NG.L,20090710,537.00,546.00,536.00,446.59,1387500,0
NG.L,20090709,534.00,540.00,529.50,443.45,1657400,0
NG.L,20090708,540.00,543.50,534.00,444.44,3319400,0
NG.L,20090707,555.50,555.50,542.00,447.54,2685700,0
NG.L,20090706,545.50,555.00,545.00,452.35,3076700,0
NG.L,20090703,550.00,551.00,544.50,450.43,1040400,0
NG.L,20090702,557.00,561.00,546.00,451.67,1817800,0
NG.L,20090701,552.00,555.00,549.00,457.86,1731400,0
NG.L,20090630,556.00,556.00,546.50,451.67,3455800,0
NG.L,20090629,547.00,555.50,542.50,456.62,1874900,0
NG.L,20090626,542.00,552.00,541.50,451.85,2562100,0
NG.L,20090625,537.00,543.00,537.00,446.72,1974200,0
NG.L,20090624,541.50,542.00,534.00,444.24,3544100,0
NG.L,20090623,550.00,554.00,538.00,445.89,5586900,0
NG.L,20090622,555.00,561.00,550.50,453.69,2834000,0
NG.L,20090619,544.00,559.50,544.00,459.09,11646800,0
NG.L,20090618,542.00,544.00,535.50,447.54,2309500,0
NG.L,20090617,543.00,545.00,535.00,447.13,3036800,0
NG.L,20090616,529.50,544.50,528.50,449.19,4426400,0
NG.L,20090615,534.50,537.00,526.50,434.76,1960800,0
NG.L,20090612,542.50,543.50,533.50,442.18,2748900,0
NG.L,20090611,542.50,546.00,535.00,447.54,3183200,0
NG.L,20090610,555.50,560.00,542.00,447.96,1996700,0
NG.L,20090609,553.50,558.50,548.50,455.79,3517400,0
NG.L,20090608,553.00,560.00,546.50,455.38,3807400,0
NG.L,20090605,563.50,600.00,551.00,456.21,1832700,0
NG.L,20090604,561.00,568.00,553.50,461.16,1969700,0
NG.L,20090603,581.50,586.00,560.50,462.81,2436100,0
NG.L,20090602,608.50,608.50,595.50,476.01,1380300,0
NG.L,20090601,608.00,610.00,595.50,478.78,2011400,0
NG.L,20090529,608.00,616.00,595.50,474.82,2404300,0
NG.L,20090528,608.50,617.00,600.00,479.18,3402400,0
NG.L,20090527,610.00,617.00,606.50,488.70,1420900,0
NG.L,20090526,590.50,610.00,579.50,482.35,1324700,0
NG.L,20090522,592.50,596.00,587.00,468.07,870600,0
NG.L,20090521,604.50,604.50,584.50,466.49,1218500,0
NG.L,20090520,602.50,613.00,599.00,479.58,1265400,0
NG.L,20090519,598.00,603.50,586.00,477.59,1543500,0
NG.L,20090518,581.00,599.50,579.00,474.82,1612500,0
NG.L,20090515,584.50,591.00,579.50,464.90,1536400,0
NG.L,20090514,585.00,593.50,574.50,463.71,2945900,0
NG.L,20090513,588.50,591.00,580.50,462.52,6702700,0
NG.L,20090512,583.50,588.00,580.00,463.31,3068800,0
NG.L,20090511,575.50,586.00,572.50,462.52,1354600,0
NG.L,20090508,565.00,574.50,561.50,451.81,1847500,0
NG.L,20090507,556.50,567.50,548.00,441.10,2298400,0
NG.L,20090506,562.00,567.50,551.00,441.50,1692400,0
NG.L,20090505,570.00,573.50,557.00,448.24,1323800,0
NG.L,20090501,575.00,576.00,565.50,449.83,1598800,0
NG.L,20090430,562.50,568.00,556.50,447.84,2860400,0
NG.L,20090429,548.50,564.50,542.00,446.26,1411600,0
NG.L,20090428,552.00,552.00,539.50,432.77,1371700,0
NG.L,20090427,534.00,558.50,533.00,442.69,5904500,0
NG.L,20090424,535.50,536.50,528.50,424.44,2898400,0
NG.L,20090423,536.50,540.50,532.50,424.04,1325800,0
NG.L,20090422,542.50,545.50,532.00,429.60,1141300,0
NG.L,20090421,535.50,542.50,532.00,428.01,1353000,0
NG.L,20090420,537.00,543.00,529.00,422.85,1282300,0
NG.L,20090417,535.00,541.50,528.50,428.41,7083800,0
NG.L,20090416,528.00,534.00,517.00,422.46,7802100,0
NG.L,20090415,511.50,527.00,511.00,414.52,9252100,0
NG.L,20090414,529.50,530.00,511.00,408.97,6773600,0
NG.L,20090409,535.00,539.50,523.00,415.71,8358600,0
NG.L,20090408,539.00,539.00,529.50,423.65,5635000,0
NG.L,20090407,528.50,543.50,527.50,426.42,7547300,0
NG.L,20090406,530.50,535.00,520.50,416.90,9734100,0
NG.L,20090403,545.00,546.00,521.00,416.90,9540200,0
NG.L,20090402,554.00,555.00,536.50,431.98,11874900,0
NG.L,20090401,528.00,545.50,528.00,432.77,6026500,0
NG.L,20090331,522.00,535.50,516.00,424.84,7821500,0
NG.L,20090330,525.00,530.50,515.00,408.57,5517200,0
NG.L,20090327,541.50,546.50,530.00,422.85,8557800,0
NG.L,20090326,558.00,558.00,533.00,428.01,8108500,0
NG.L,20090325,536.50,560.00,536.00,438.72,8551400,0
NG.L,20090324,544.00,549.00,522.00,423.65,13521100,0
NG.L,20090323,559.50,560.00,531.50,429.60,10673900,0
NG.L,20090320,547.00,559.50,532.00,436.34,21043100,0
NG.L,20090319,581.50,581.50,543.50,435.15,15074600,0
NG.L,20090318,598.00,602.00,570.50,458.95,7068700,0
NG.L,20090317,578.50,596.50,576.50,472.04,7010200,0
NG.L,20090316,560.00,582.50,560.00,461.33,6927400,0
NG.L,20090313,559.50,565.50,550.50,439.51,8461500,0
NG.L,20090312,564.50,568.50,549.00,439.51,9766000,0
NG.L,20090311,569.00,584.00,555.50,445.46,7917400,0
NG.L,20090310,560.00,576.00,548.50,456.17,7860700,0
NG.L,20090309,571.50,576.00,552.50,447.45,7403300,0
NG.L,20090306,568.00,584.50,566.00,452.60,7888400,0
NG.L,20090305,559.00,578.00,558.50,449.83,6349000,0
NG.L,20090304,569.50,570.00,547.50,447.45,10273400,0
NG.L,20090303,599.50,601.00,562.50,446.65,9648400,0
NG.L,20090302,618.50,622.00,596.00,473.63,8757300,0
NG.L,20090227,618.00,626.50,610.00,497.03,9267500,0
NG.L,20090226,623.00,634.50,611.00,494.65,8004100,0
NG.L,20090225,618.50,624.00,609.50,492.27,6189900,0
NG.L,20090224,623.00,633.00,611.00,491.08,4859400,0
NG.L,20090223,634.50,637.50,618.00,497.03,5333100,0
NG.L,20090220,632.00,641.00,623.50,501.39,5874200,0
NG.L,20090219,639.00,639.00,628.00,505.36,5578900,0
NG.L,20090218,641.50,641.50,630.00,505.36,5308100,0
NG.L,20090217,642.50,647.50,632.00,504.96,6747100,0
NG.L,20090216,649.00,649.00,630.50,509.33,2269000,0
NG.L,20090213,648.00,651.00,642.00,512.10,4855100,0
NG.L,20090212,649.50,652.00,637.00,512.10,5145800,0
NG.L,20090211,655.50,660.50,644.50,518.05,5712100,0
NG.L,20090210,658.00,668.00,652.00,520.43,3459600,0
NG.L,20090209,655.50,666.50,653.00,525.99,5697700,0
NG.L,20090206,655.00,666.00,649.50,524.00,7802500,0
NG.L,20090205,644.50,658.00,639.50,516.86,8007200,0
NG.L,20090204,650.50,650.50,631.50,509.72,7364800,0
NG.L,20090203,636.00,655.00,628.00,516.47,4529600,0
NG.L,20090202,648.00,652.00,630.50,504.96,4293300,0
NG.L,20090130,644.00,663.50,641.50,514.09,9059300,0
NG.L,20090129,656.50,659.50,637.50,511.71,7689400,0
NG.L,20090128,665.50,665.50,647.00,521.62,5908400,0
NG.L,20090127,645.00,658.00,640.00,522.02,6328200,0
NG.L,20090126,635.50,652.00,626.50,514.09,5998600,0
NG.L,20090123,626.00,641.50,615.00,508.14,9146900,0
NG.L,20090122,639.00,644.50,621.50,495.84,5570200,0
NG.L,20090121,638.00,645.00,628.00,502.98,11107000,0
NG.L,20090120,633.00,651.00,628.00,511.71,9073300,0
NG.L,20090119,640.00,657.00,631.00,508.53,7031600,0
NG.L,20090116,652.00,652.50,628.50,499.41,6661900,0
NG.L,20090115,632.00,646.50,625.00,506.95,9371700,0
NG.L,20090114,664.00,664.00,622.00,500.60,9875400,0
NG.L,20090113,672.00,682.50,650.00,520.43,7786100,0
NG.L,20090112,677.50,685.00,668.50,534.71,3612800,0
NG.L,20090109,689.00,689.00,668.50,535.90,7423600,0
NG.L,20090108,670.50,688.50,664.00,543.84,6110500,0
NG.L,20090107,712.00,714.50,662.00,528.76,11631400,0
NG.L,20090106,700.00,717.00,700.00,564.07,6401900,0
NG.L,20090105,700.00,707.50,694.50,559.31,4641400,0
NG.L,20090102,689.50,691.00,680.50,547.80,1751600,0
NG.L,20081231,687.50,695.00,681.00,542.65,2281900,0
NG.L,20081230,670.00,687.00,663.00,541.85,3874400,0
NG.L,20081229,675.00,683.00,661.00,527.97,3334200,0
NG.L,20081224,665.00,676.00,660.50,531.54,729500,0
NG.L,20081223,677.00,686.00,670.50,534.32,4511300,0
NG.L,20081222,664.50,678.50,655.50,533.13,5511300,0
NG.L,20081219,670.00,693.50,655.00,533.13,9687800,0
NG.L,20081218,652.50,677.50,652.50,537.09,7829400,0
NG.L,20081217,667.00,667.00,643.00,519.64,8189800,0
NG.L,20081216,641.50,662.00,641.00,516.47,7105500,0
NG.L,20081215,649.50,660.00,631.50,505.76,6549400,0
NG.L,20081212,650.00,660.00,642.00,516.07,6318300,0
NG.L,20081211,656.50,670.50,653.00,527.57,9055500,0
NG.L,20081210,643.00,655.00,640.50,514.09,13363600,0
NG.L,20081209,636.50,655.00,624.50,509.33,8105100,0
NG.L,20081208,638.00,653.50,620.00,505.76,10499000,0
NG.L,20081205,598.00,614.50,590.50,485.13,12230300,0
NG.L,20081204,620.00,622.00,594.50,479.18,9762100,0
NG.L,20081203,600.00,618.00,593.50,485.92,10665300,0
NG.L,20081202,606.00,628.50,602.00,485.92,15225900,0
NG.L,20081201,667.00,681.00,614.00,488.30,10670200,0
NG.L,20081128,660.50,678.50,657.50,536.70,6818700,0
NG.L,20081127,656.50,666.00,649.50,524.00,6237100,0
NG.L,20081126,661.00,669.50,638.50,511.71,9016400,0
NG.L,20081125,685.00,700.00,664.50,534.71,13031200,0
NG.L,20081124,649.00,689.00,632.00,544.63,19643300,0
NG.L,20081121,665.00,669.50,623.00,500.60,21173800,0
NG.L,20081120,671.00,698.00,662.50,539.47,23805300,0
NG.L,20081119,731.50,738.00,688.00,547.41,17967700,0
NG.L,20081118,729.00,734.00,718.00,580.33,12496500,0
NG.L,20081117,718.00,739.00,718.00,575.17,10819100,0
NG.L,20081114,740.00,748.50,712.50,577.95,12068700,0
NG.L,20081113,690.00,730.50,690.00,574.78,11817700,0
NG.L,20081112,691.00,712.50,681.50,558.51,12680400,0
NG.L,20081111,703.00,708.50,681.00,545.42,7909700,0
NG.L,20081110,738.50,744.00,707.00,565.65,6970000,0
NG.L,20081107,704.50,727.50,699.50,571.21,7471200,0
NG.L,20081106,721.00,737.00,694.50,553.75,10430300,0
NG.L,20081105,739.00,740.00,720.50,578.35,6799700,0
NG.L,20081104,707.00,735.00,693.50,583.11,9606100,0
NG.L,20081103,714.00,714.00,686.00,558.91,7045100,0
NG.L,20081031,689.00,709.50,682.50,558.12,10031300,0
NG.L,20081030,698.50,699.00,674.00,546.61,10785900,0
NG.L,20081029,654.00,691.00,654.00,541.06,13960600,0
NG.L,20081028,660.00,660.00,612.00,500.20,10883900,0
NG.L,20081027,631.50,661.00,609.00,504.57,9839300,0
NG.L,20081024,646.50,647.00,609.00,504.17,15598400,0
NG.L,20081023,645.50,666.50,636.00,522.42,10420900,0
NG.L,20081022,676.50,692.00,643.50,512.10,11441200,0
NG.L,20081021,715.00,722.00,679.00,544.23,8522900,0
NG.L,20081020,680.50,708.50,666.00,562.08,10925200,0
NG.L,20081017,664.00,665.00,627.00,524.00,15539100,0
NG.L,20081016,639.50,653.50,605.50,504.96,9511800,0
NG.L,20081015,669.00,678.00,628.50,502.19,15049200,0
NG.L,20081014,663.00,687.00,653.00,537.89,7751200,0
NG.L,20081013,585.00,651.00,585.00,513.69,15138100,0
NG.L,20081010,550.00,614.00,531.50,440.70,18059600,0
NG.L,20081009,674.00,674.00,595.50,483.94,11525300,0
NG.L,20081008,698.00,709.00,660.50,527.57,7980900,0
NG.L,20081007,700.00,713.00,697.00,562.08,5299900,0
NG.L,20081006,715.50,721.50,697.00,552.96,4384800,0
NG.L,20081003,721.50,730.50,706.00,575.17,5826700,0
NG.L,20081002,716.50,724.50,711.50,572.00,6848800,0
NG.L,20081001,720.00,720.50,702.00,571.60,10292000,0
NG.L,20080930,699.00,721.50,682.50,566.45,12409100,0
NG.L,20080929,703.50,721.50,698.50,559.31,3277400,0
NG.L,20080926,719.00,720.00,707.00,564.46,4314500,0
NG.L,20080925,722.50,723.00,701.00,571.60,6706500,0
NG.L,20080924,725.00,725.50,706.50,569.22,9703500,0
NG.L,20080923,706.50,712.00,693.00,561.29,6439600,0
NG.L,20080922,729.50,730.00,704.00,558.51,8046400,0
NG.L,20080919,679.00,725.00,657.00,570.81,9308900,0
NG.L,20080918,728.50,731.50,711.00,566.84,11829000,0
NG.L,20080917,711.00,734.00,705.00,572.40,10643600,0
NG.L,20080916,713.00,737.00,713.00,573.19,12726700,0
NG.L,20080915,720.00,729.00,697.00,569.62,9066600,0
NG.L,20080912,714.50,720.00,704.00,568.83,6036600,0
NG.L,20080911,704.50,712.00,699.00,558.91,5555700,0
NG.L,20080910,699.00,711.00,694.50,558.91,5858300,0
NG.L,20080909,694.50,707.50,691.50,557.32,8471100,0
NG.L,20080908,692.00,699.50,667.50,548.20,3976600,0
NG.L,20080905,692.50,699.50,679.50,541.46,8423500,0
NG.L,20080904,700.00,717.50,697.50,553.36,4276900,0
NG.L,20080903,724.50,728.50,701.50,556.53,6299400,0
NG.L,20080902,719.00,731.00,718.50,578.35,5824700,0
NG.L,20080901,710.50,725.50,709.50,571.21,3392700,0
NG.L,20080829,729.00,733.50,709.50,566.84,8809500,0
NG.L,20080828,727.50,733.00,717.00,578.35,4871200,0
NG.L,20080827,725.50,734.50,720.00,580.33,5823400,0
NG.L,20080826,719.50,733.50,710.00,578.35,5446300,0
NG.L,20080822,706.50,727.00,703.50,575.57,5699400,0
NG.L,20080821,710.50,713.50,699.00,561.69,5301200,0
NG.L,20080820,709.50,723.00,702.50,566.45,6014800,0
NG.L,20080819,705.00,714.50,700.00,563.27,4915400,0
NG.L,20080818,706.50,712.00,699.50,561.69,4265400,0
NG.L,20080815,703.50,710.00,700.00,563.27,5857500,0
NG.L,20080814,709.00,711.00,696.50,553.75,5910200,0
NG.L,20080813,696.50,710.00,694.50,556.93,6960300,0
NG.L,20080812,690.00,701.00,688.00,554.94,4949800,0
NG.L,20080811,678.00,695.00,678.00,550.58,6052200,0
NG.L,20080808,670.00,691.00,670.00,545.82,8066100,0
NG.L,20080807,671.50,680.00,667.50,537.89,5511700,0
NG.L,20080806,673.00,675.50,662.00,533.92,8450000,0
NG.L,20080805,660.00,673.50,656.00,533.92,7530300,0
NG.L,20080804,662.00,663.50,652.00,523.21,4901300,0
NG.L,20080801,665.50,670.00,649.00,518.45,10096100,0
NG.L,20080731,674.50,677.00,664.50,529.95,6010300,0
NG.L,20080730,675.00,681.50,671.50,535.11,5785400,0
NG.L,20080729,660.00,681.00,658.00,534.71,3216000,0
NG.L,20080728,675.00,676.50,664.50,527.18,4895100,0
NG.L,20080725,681.50,694.00,669.00,535.11,7035900,0
NG.L,20080724,696.50,699.00,677.50,541.85,6415300,0
NG.L,20080723,689.50,696.00,684.50,547.41,7619200,0
NG.L,20080722,675.50,690.50,668.00,545.03,8470500,0
NG.L,20080721,663.00,673.00,655.50,528.37,8748700,0
NG.L,20080718,658.50,668.00,654.00,529.95,10684000,0
NG.L,20080717,658.50,662.50,646.00,518.85,11152000,0
NG.L,20080716,654.00,661.50,650.50,518.85,7997400,0
NG.L,20080715,656.00,659.00,643.50,514.88,5788900,0
NG.L,20080714,654.00,664.00,648.00,522.02,6521600,0
NG.L,20080711,662.50,670.00,644.00,511.31,7050800,0
NG.L,20080710,668.50,675.00,661.50,525.59,6772800,0
NG.L,20080709,686.00,691.00,673.50,538.68,7450400,0
NG.L,20080708,657.50,685.00,656.00,541.46,8885300,0
NG.L,20080707,663.00,670.50,652.50,531.94,6151100,0
NG.L,20080704,661.00,663.50,653.00,518.05,6223700,0
NG.L,20080703,646.00,663.50,643.50,524.80,9861600,0
NG.L,20080702,643.50,655.50,641.00,514.48,10913800,0
NG.L,20080701,654.00,660.00,640.00,508.53,9118800,0
NG.L,20080630,645.00,661.50,641.50,524.00,6075500,0
NG.L,20080627,651.00,658.00,638.50,509.72,16569500,0
NG.L,20080626,664.00,666.50,651.00,516.47,12235300,0
NG.L,20080625,672.50,676.00,658.50,527.97,9688000,0
NG.L,20080624,688.00,692.50,666.50,530.75,29689800,0
NG.L,20080623,675.00,693.00,673.00,547.41,13164000,0
NG.L,20080620,692.50,698.00,672.50,533.52,9529400,0
NG.L,20080619,686.50,701.50,686.50,549.39,28167500,0
NG.L,20080618,694.50,701.50,687.50,550.18,5638500,0
NG.L,20080617,689.50,705.00,689.00,551.77,8065300,0
NG.L,20080616,696.50,702.50,685.00,547.80,8266300,0
NG.L,20080613,689.00,702.00,681.00,555.34,11167900,0
NG.L,20080612,701.00,702.50,692.50,552.17,9934300,0
NG.L,20080611,690.00,705.00,690.00,555.74,10990300,0
NG.L,20080610,703.50,709.00,697.50,558.12,8880300,0
NG.L,20080606,714.50,728.00,701.50,558.12,5647300,0
NG.L,20080605,722.00,726.00,711.50,567.24,5218500,0
NG.L,20080604,735.50,736.00,715.50,571.21,7366400,0
NG.L,20080603,734.50,751.00,731.50,593.82,6560900,0
NG.L,20080602,743.00,746.00,732.00,581.12,5656600,0
NG.L,20080530,751.50,751.50,733.50,591.83,8518700,0
NG.L,20080529,752.50,754.00,738.00,592.23,8511500,0
NG.L,20080528,737.00,753.50,731.50,594.61,10483200,0
NG.L,20080527,732.00,736.00,726.50,580.73,6727900,0
NG.L,20080523,735.00,742.00,727.50,579.93,7139800,0
NG.L,20080522,724.00,739.00,720.00,582.31,11950700,0
NG.L,20080521,725.50,733.50,721.00,575.97,29550000,0
NG.L,20080520,739.00,739.50,724.50,574.78,7389000,0
NG.L,20080519,726.00,740.50,721.50,585.88,12651700,0
NG.L,20080516,719.00,740.00,719.00,577.16,11894800,0
NG.L,20080515,720.00,725.00,713.00,568.03,11600200,0
NG.L,20080514,714.00,724.50,709.00,574.78,9062500,0
NG.L,20080513,715.50,719.00,702.50,563.67,6150400,0
NG.L,20080512,703.50,718.00,703.50,565.65,4418100,0
NG.L,20080509,707.50,708.00,699.50,558.51,3624000,0
NG.L,20080508,700.00,711.00,699.50,562.88,4944700,0
NG.L,20080507,705.00,709.00,700.50,558.51,5891200,0
NG.L,20080506,709.50,715.50,702.00,560.89,4646200,0
NG.L,20080502,719.50,719.50,707.50,565.65,6417400,0
NG.L,20080501,699.00,711.50,691.50,563.27,2547800,0
NG.L,20080430,695.50,704.00,691.50,555.74,6348000,0
NG.L,20080429,704.50,709.50,693.00,551.77,6297500,0
NG.L,20080428,713.00,715.50,702.50,560.50,3472500,0
NG.L,20080425,726.50,726.50,705.00,563.67,9593100,0
NG.L,20080424,702.00,719.50,698.50,569.22,8091600,0
NG.L,20080423,701.00,706.50,688.00,555.34,11792900,0
NG.L,20080422,697.00,706.00,694.00,557.32,5218300,0
NG.L,20080421,711.50,714.00,697.50,556.53,6775900,0
NG.L,20080418,719.50,725.00,709.50,564.86,7827100,0
NG.L,20080417,730.00,730.00,714.00,568.83,7094200,0
NG.L,20080416,730.00,731.00,721.50,574.78,6831000,0
NG.L,20080415,724.00,728.00,718.50,575.17,5863000,0
NG.L,20080414,721.50,729.50,719.50,574.38,4678100,0
NG.L,20080411,729.50,735.50,721.50,573.59,5482200,0
NG.L,20080410,718.50,731.00,712.50,577.16,6108300,0
NG.L,20080409,731.00,731.00,716.50,568.43,5831300,0
NG.L,20080408,720.50,734.00,720.50,579.14,3721900,0
NG.L,20080407,734.50,734.50,725.50,576.76,4173800,0
NG.L,20080404,730.00,732.50,719.50,577.55,5262600,0
NG.L,20080403,724.50,730.00,720.00,577.55,6944100,0
NG.L,20080402,716.00,724.50,710.50,570.81,7927000,0
NG.L,20080401,692.50,718.00,692.50,567.64,9069900,0
NG.L,20080331,688.00,703.00,684.00,548.60,11207000,0
NG.L,20080328,708.00,711.00,693.00,550.98,11483400,0
NG.L,20080327,713.00,723.50,702.00,560.50,12017100,0
NG.L,20080326,716.00,729.00,714.50,566.84,7366200,0
NG.L,20080325,732.00,739.00,717.50,574.78,10773500,0
NG.L,20080320,728.50,739.50,719.00,570.41,12185700,0
NG.L,20080319,738.50,740.00,722.00,582.71,9187200,0
NG.L,20080318,721.50,733.00,713.00,581.12,7699200,0
NG.L,20080314,723.50,726.50,711.50,572.00,8453900,0
NG.L,20080313,701.00,722.00,698.50,572.40,10601500,0
NG.L,20080312,720.00,721.00,708.00,563.67,8090500,0
NG.L,20080311,716.50,727.50,714.00,568.43,9724100,0
NG.L,20080310,718.00,725.50,710.50,568.43,6900800,0
NG.L,20080307,723.50,728.00,713.00,568.83,8268500,0
NG.L,20080306,728.50,737.00,724.00,576.76,6089600,0
NG.L,20080305,734.00,737.00,722.00,574.38,6859500,0
NG.L,20080304,714.50,725.00,710.50,574.38,11601600,0
NG.L,20080303,725.00,730.00,711.50,566.05,8392300,0
NG.L,20080229,735.50,741.00,729.00,581.92,12701100,0
NG.L,20080228,762.50,764.00,738.00,585.49,14940400,0
NG.L,20080227,762.50,769.50,752.50,608.49,7372000,0
NG.L,20080226,770.50,771.00,751.00,602.15,10848000,0
NG.L,20080225,765.50,772.00,760.50,608.89,5992400,0
NG.L,20080222,756.00,772.50,747.50,604.92,8319600,0
NG.L,20080221,778.00,783.00,760.00,604.13,7255800,0
NG.L,20080220,774.50,780.00,763.50,615.63,9851600,0
NG.L,20080219,785.00,791.00,776.50,621.98,6134000,0
NG.L,20080218,776.00,792.00,776.00,627.14,6235100,0
NG.L,20080215,790.50,794.50,769.00,615.24,7169900,0
NG.L,20080214,789.50,794.00,781.00,627.14,8078700,0
NG.L,20080213,778.00,791.50,773.00,624.76,6814500,0
NG.L,20080212,772.50,785.50,766.50,620.79,9460900,0
NG.L,20080211,772.00,782.50,767.00,610.08,4939100,0
NG.L,20080208,775.00,777.00,767.00,616.43,6231400,0
NG.L,20080207,778.00,787.50,767.00,608.49,9486000,0
NG.L,20080206,765.00,788.00,762.50,621.19,8052700,0
NG.L,20080205,788.00,790.00,767.00,611.27,6840400,0
NG.L,20080204,787.50,790.50,782.50,625.15,5413600,0
NG.L,20080201,779.00,785.00,770.50,622.77,11148900,0
NG.L,20080131,782.00,795.00,761.50,614.05,19369000,0
NG.L,20080130,789.00,795.50,782.50,625.95,8426400,0
NG.L,20080129,778.50,791.50,767.50,627.93,9290500,0
NG.L,20080128,772.50,780.00,765.50,614.84,8213200,0
NG.L,20080125,774.00,786.50,762.00,617.22,12666100,0
NG.L,20080124,770.00,773.00,751.00,610.48,14184900,0
NG.L,20080123,794.50,794.50,747.50,593.42,20226200,0
NG.L,20080122,780.00,824.00,759.00,619.60,22528600,0
NG.L,20080121,828.50,838.00,789.00,629.91,11619800,0
NG.L,20080118,823.00,844.00,820.50,664.03,10740300,0
NG.L,20080117,816.00,828.50,806.50,655.30,11043600,0
NG.L,20080116,822.00,830.50,805.50,641.42,13175300,0
NG.L,20080115,841.00,854.00,813.00,650.54,12368600,0
NG.L,20080114,834.50,854.00,830.50,671.96,9676600,0
NG.L,20080111,862.50,863.00,829.50,663.24,12255000,0
NG.L,20080110,858.50,866.00,850.50,684.66,7557900,0
NG.L,20080109,842.50,863.00,842.50,679.10,8921800,0
NG.L,20080108,859.50,866.50,841.00,669.19,7231000,0
NG.L,20080107,838.00,858.00,838.00,679.50,6375200,0
NG.L,20080104,843.00,848.00,833.50,664.03,5054300,0
NG.L,20080103,824.50,845.50,824.50,664.82,9478500,0
NG.L,20080102,830.50,844.00,826.00,657.29,3941900,0
NG.L,20071231,845.00,845.00,828.00,661.65,1408900,0
NG.L,20071228,841.50,847.50,838.00,666.41,3059800,0
NG.L,20071227,819.50,846.50,819.50,670.77,4083100,0
NG.L,20071224,826.50,839.00,817.00,652.13,1848500,0
NG.L,20071221,837.00,847.50,830.00,662.05,13681300,0
NG.L,20071220,829.00,832.00,822.50,655.30,5376600,0
NG.L,20071219,831.50,832.00,816.50,654.91,5926900,0
NG.L,20071218,835.50,841.50,825.00,656.10,9406200,0
NG.L,20071217,835.00,847.50,831.00,665.62,7951600,0
NG.L,20071214,822.00,844.50,821.50,668.00,6290400,0
NG.L,20071213,832.00,839.00,820.00,650.94,8894400,0
NG.L,20071212,831.00,849.50,831.00,666.41,10634500,0
NG.L,20071211,846.50,846.50,834.00,666.41,6656600,0
NG.L,20071210,831.50,849.00,829.50,666.41,8086700,0
NG.L,20071207,833.00,837.00,827.00,662.05,6903600,0
NG.L,20071206,822.50,830.50,816.00,656.89,5822800,0
NG.L,20071205,815.00,826.50,808.00,652.53,7115000,0
NG.L,20071204,818.00,824.50,807.00,643.40,11411600,0
NG.L,20071203,820.00,827.00,812.50,646.97,8490500,0
NG.L,20071130,824.00,829.50,817.00,651.73,10671600,0
NG.L,20071129,817.50,824.50,807.50,653.32,6492500,0
NG.L,20071128,807.00,815.00,795.00,643.40,11135500,0
NG.L,20071127,811.00,818.50,803.00,643.40,5788900,0
NG.L,20071126,811.00,820.00,805.00,646.58,10920000,0
NG.L,20071123,798.50,807.50,792.00,636.26,6485200,0
NG.L,20071122,778.00,804.00,775.50,633.09,7028800,0
NG.L,20071121,777.50,785.00,767.00,612.46,6281700,0
NG.L,20071120,789.50,794.50,781.00,621.98,8834400,0
NG.L,20071119,793.50,803.50,788.00,625.55,10197300,0
NG.L,20071116,780.00,800.50,778.50,630.31,10279100,0
NG.L,20071115,776.00,785.00,774.00,619.60,7780600,0
NG.L,20071114,780.50,784.00,773.00,618.81,11427500,0
NG.L,20071113,779.50,786.50,774.50,619.60,9849600,0
NG.L,20071112,785.00,790.00,778.50,623.57,8248800,0
NG.L,20071109,788.50,798.00,785.00,626.74,9550700,0
NG.L,20071108,796.50,796.50,783.00,624.36,10458300,0
NG.L,20071107,789.50,799.00,784.00,627.14,5968300,0
NG.L,20071106,799.50,799.50,785.00,625.55,6826900,0
NG.L,20071105,793.00,800.50,787.00,630.31,4904100,0
NG.L,20071102,790.50,800.50,787.50,630.71,7507600,0
NG.L,20071101,793.50,801.00,789.50,629.91,5617900,0
NG.L,20071031,800.50,807.50,793.50,635.86,7898400,0
NG.L,20071030,789.00,803.00,788.50,635.47,7600100,0
NG.L,20071029,802.50,805.50,791.00,630.71,9961300,0
NG.L,20071026,796.00,804.50,793.00,635.07,7720000,0
NG.L,20071025,793.50,799.50,788.00,633.48,8544000,0
NG.L,20071024,792.50,794.00,781.00,624.36,6989800,0
NG.L,20071023,785.00,795.00,775.50,626.74,11324700,0
NG.L,20071022,769.50,784.00,769.00,618.01,7096500,0
NG.L,20071019,787.50,791.50,779.50,621.19,7771500,0
NG.L,20071018,787.50,793.00,782.50,623.17,10788200,0
NG.L,20071017,783.50,787.50,777.50,624.76,5750000,0
NG.L,20071016,773.50,784.50,772.50,618.81,7435100,0
NG.L,20071015,782.00,783.00,775.00,614.84,5909600,0
NG.L,20071012,774.00,781.50,773.50,619.20,11180100,0
NG.L,20071011,766.00,776.50,763.50,614.84,6359200,0
NG.L,20071010,776.50,777.00,760.50,608.10,9135500,0
NG.L,20071009,759.00,773.00,758.50,612.06,8913200,0
NG.L,20071008,770.50,773.50,761.50,604.13,8180600,0
NG.L,20071005,774.50,779.00,767.00,612.46,12978000,0
NG.L,20071004,770.00,781.00,770.00,613.65,9984200,0
NG.L,20071003,774.50,779.50,767.50,614.05,6727500,0
NG.L,20071002,788.00,790.00,772.50,614.84,9990700,0
NG.L,20071001,777.50,789.00,776.00,624.36,5942600,0
NG.L,20070928,787.00,788.00,775.00,621.98,8921600,0
NG.L,20070927,791.00,794.50,782.00,622.38,10729300,0
NG.L,20070926,784.00,795.00,780.50,627.14,17985600,0
NG.L,20070925,762.50,781.50,762.50,618.81,21751500,0
NG.L,20070924,757.00,763.50,754.50,603.73,6311500,0
NG.L,20070921,777.00,782.00,755.00,602.15,23285300,0
NG.L,20070920,777.50,781.00,770.50,616.82,10283800,0
NG.L,20070919,774.50,785.50,767.00,617.22,19208400,0
NG.L,20070918,744.00,764.50,741.00,604.92,12550900,0
NG.L,20070917,745.00,751.50,741.00,589.45,10424400,0
NG.L,20070914,743.50,753.50,740.50,590.64,9785900,0
NG.L,20070913,743.50,752.50,733.00,594.21,11478600,0
NG.L,20070912,736.50,739.00,731.00,583.90,3717500,0
NG.L,20070911,727.00,736.00,723.50,582.31,9145900,0
NG.L,20070910,724.50,730.00,718.50,570.02,7816700,0
NG.L,20070907,726.50,733.50,717.50,572.40,7407700,0
NG.L,20070906,732.00,736.00,719.50,578.74,9693700,0
NG.L,20070905,744.00,746.00,726.50,577.55,10345000,0
NG.L,20070904,737.00,747.00,732.00,591.83,6023600,0
NG.L,20070903,748.50,748.50,735.00,586.28,5832800,0
NG.L,20070831,735.50,744.00,730.50,589.06,10686500,0
NG.L,20070830,727.00,733.00,723.00,580.73,6395000,0
NG.L,20070829,726.00,729.50,719.00,573.98,10966900,0
NG.L,20070828,728.00,731.00,722.00,575.97,10295900,0
NG.L,20070824,716.50,732.50,714.50,579.14,7745100,0
NG.L,20070823,722.50,725.50,715.00,568.83,13483300,0
NG.L,20070822,710.50,722.00,710.50,570.41,14185700,0
NG.L,20070821,719.50,723.00,704.00,562.08,10331900,0
NG.L,20070820,709.50,721.00,709.50,567.24,11350800,0
NG.L,20070817,699.00,715.50,688.50,564.07,28782300,0
NG.L,20070816,700.50,714.50,696.50,553.36,24302200,0
NG.L,20070815,718.00,728.50,714.50,570.02,8714800,0
NG.L,20070813,716.50,731.00,710.50,577.16,15999700,0
NG.L,20070810,719.00,744.50,716.50,569.22,24822900,0
NG.L,20070809,717.00,738.00,713.50,580.33,27131100,0
NG.L,20070808,732.00,734.50,715.50,568.43,23765500,0
NG.L,20070807,720.00,731.00,715.00,579.14,11936600,0
NG.L,20070806,708.50,721.50,706.00,566.84,13204800,0
NG.L,20070803,713.50,719.50,708.00,564.86,12525300,0
NG.L,20070802,703.00,722.00,700.50,568.83,16147500,0
NG.L,20070801,693.50,713.00,690.00,554.94,24967200,0
NG.L,20070731,688.50,703.50,685.00,557.32,24589700,0
NG.L,20070730,698.50,698.50,685.00,544.23,18697200,0
NG.L,20070727,681.00,710.00,680.00,556.13,33084000,0
NG.L,20070726,685.00,703.50,685.00,545.03,21074400,0
NG.L,20070725,695.00,703.50,685.00,544.63,16402500,0
NG.L,20070724,710.50,714.00,697.00,553.75,19248200,0
NG.L,20070723,716.00,722.50,712.00,567.24,19674900,0
NG.L,20070720,715.00,727.00,715.00,569.62,23223800,0
NG.L,20070719,702.50,721.00,702.00,570.81,29212900,0
NG.L,20070718,693.00,710.00,693.00,556.13,19387800,0
NG.L,20070717,706.00,710.50,699.00,556.13,30939500,0
NG.L,20070716,707.50,712.50,702.50,564.07,13691500,0
NG.L,20070713,707.00,711.00,700.50,558.51,21990600,0
NG.L,20070712,705.50,707.00,699.50,558.51,26153800,0
NG.L,20070711,711.00,716.50,707.00,560.89,19973100,0
NG.L,20070710,725.50,728.00,715.50,567.64,18000600,0
NG.L,20070709,720.50,731.00,719.50,575.57,10383800,0
NG.L,20070706,720.00,727.00,715.00,573.19,14266200,0
NG.L,20070705,737.00,737.00,721.00,572.79,20954400,0
NG.L,20070704,739.00,742.50,735.50,584.69,13372500,0
NG.L,20070703,738.50,746.50,738.50,588.66,13843000,0
NG.L,20070702,738.50,739.50,733.50,583.11,11757400,0
NG.L,20070629,744.00,746.00,733.00,585.49,28234400,0
NG.L,20070628,730.00,743.00,728.00,587.87,19552500,0
NG.L,20070627,718.00,733.50,717.50,576.76,20716900,0
NG.L,20070626,720.00,726.50,717.50,571.60,20951700,0
NG.L,20070625,717.50,727.00,714.00,573.59,33056700,0
NG.L,20070622,724.00,726.50,715.50,570.81,21925900,0
NG.L,20070621,737.50,745.00,727.50,581.12,51575100,0
NG.L,20070620,741.00,745.50,736.00,587.47,61667400,0
NG.L,20070619,737.50,746.50,734.00,588.26,15675100,0
NG.L,20070618,747.00,748.00,733.50,582.71,9029500,0
NG.L,20070615,730.00,744.00,730.00,588.26,24603100,0
NG.L,20070614,730.50,731.50,723.00,579.14,26428600,0
NG.L,20070613,726.00,731.50,722.00,575.17,10302700,0
NG.L,20070612,729.00,735.00,725.00,578.35,94498300,0
NG.L,20070611,723.00,728.00,720.00,576.76,33413900,0
NG.L,20070608,735.50,735.50,717.00,571.21,26975500,0
NG.L,20070607,741.50,745.00,730.50,583.90,27320900,0
NG.L,20070606,765.50,766.50,741.50,588.26,23989100,0
NG.L,20070605,780.00,785.00,775.50,617.22,12658400,0
NG.L,20070604,790.00,791.00,778.50,620.00,10951300,0
NG.L,20070531,781.00,787.50,778.50,621.19,11913600,0
NG.L,20070530,767.50,780.50,767.00,619.20,25857300,0
NG.L,20070529,775.00,780.00,770.00,614.84,38941100,0
NG.L,20070525,776.00,781.00,772.50,612.86,13195400,0
NG.L,20070524,779.50,785.50,775.50,618.41,51529700,0
NG.L,20070523,766.50,788.00,765.50,615.24,23546300,0
NG.L,20070522,771.00,775.00,765.50,610.87,27743200,0
NG.L,20070521,767.00,774.50,763.00,610.48,20931900,0
NG.L,20070518,756.00,766.50,755.00,606.51,32843900,0
NG.L,20070517,771.00,774.00,755.50,602.15,36728900,0
NG.L,20070516,768.50,772.50,763.00,611.27,24690600,0
NG.L,20070515,770.00,775.50,765.00,610.87,17590400,0
NG.L,20070514,768.00,776.00,768.00,613.25,16113800,0
NG.L,20070511,765.50,771.00,760.50,609.29,29552900,0
NG.L,20070510,781.00,781.00,765.00,608.49,26429400,0
NG.L,20070509,775.00,782.00,773.50,614.84,12952100,0
NG.L,20070508,780.50,785.00,772.50,615.63,10885800,0
NG.L,20070504,784.50,793.50,781.00,621.19,6745100,0
NG.L,20070503,773.50,787.50,773.00,623.57,26615600,0
NG.L,20070502,782.00,786.00,769.50,614.84,76986900,0
NG.L,20070501,783.00,786.50,776.50,616.82,6744800,0
NG.L,20070430,776.50,788.00,775.00,623.96,9959600,0
NG.L,20070427,786.50,790.00,779.00,618.81,11491600,0
NG.L,20070426,792.00,793.50,783.00,622.77,10881300,0
NG.L,20070424,793.50,793.50,781.00,623.17,6142400,0
NG.L,20070423,787.50,791.50,781.00,625.55,7389900,0
NG.L,20070420,791.00,793.50,783.50,624.36,11351100,0
NG.L,20070419,779.50,788.00,775.00,623.17,6967300,0
NG.L,20070418,782.50,792.00,780.50,624.36,9832700,0
NG.L,20070417,795.00,800.00,785.50,623.57,18139400,0
NG.L,20070416,802.50,806.50,796.00,634.28,18116600,0
NG.L,20070413,806.50,812.00,800.50,636.66,11161300,0
NG.L,20070412,816.50,819.00,800.50,639.83,9968400,0
NG.L,20070411,817.50,817.50,808.50,647.77,9161300,0
NG.L,20070410,809.50,817.00,808.00,645.39,7628500,0
NG.L,20070405,806.00,814.50,804.50,643.40,7382900,0
NG.L,20070404,819.50,820.00,805.50,639.43,9056500,0
NG.L,20070403,800.00,820.00,800.00,647.37,17155600,0
NG.L,20070402,799.50,802.50,793.00,633.88,9944600,0
NG.L,20070330,790.50,801.00,785.50,632.69,13347500,0
NG.L,20070329,789.00,790.50,780.00,624.76,13840500,0
NG.L,20070328,781.00,789.50,778.00,625.55,10123900,0
NG.L,20070327,779.50,788.00,775.00,618.81,11409700,0
NG.L,20070326,784.00,784.00,771.00,614.05,6866100,0
NG.L,20070323,782.50,789.50,779.50,621.58,7380400,0
NG.L,20070322,794.50,794.50,780.50,622.77,6745600,0
NG.L,20070321,773.50,786.50,773.50,622.77,7802400,0
NG.L,20070320,770.00,778.50,765.00,616.43,8649600,0
NG.L,20070319,766.50,773.00,758.50,612.46,21854800,0
NG.L,20070316,754.00,766.00,754.00,605.32,25278000,0
NG.L,20070315,754.00,762.00,747.00,600.56,27361000,0
NG.L,20070314,759.00,762.50,748.50,593.82,11207600,0
NG.L,20070313,769.00,769.50,761.50,606.51,13638400,0
NG.L,20070312,776.50,780.00,765.50,608.10,6381000,0
NG.L,20070309,771.50,776.00,766.00,612.86,6918000,0
NG.L,20070308,761.00,772.00,759.00,611.67,9928000,0
NG.L,20070307,763.00,764.50,744.00,603.73,7520300,0
NG.L,20070306,753.50,756.50,744.00,596.59,22008700,0
NG.L,20070305,745.00,754.50,743.50,597.39,11957300,0
NG.L,20070302,750.00,759.00,746.00,600.56,9955100,0
NG.L,20070301,765.00,777.00,741.50,595.40,13661500,0
NG.L,20070228,775.00,782.50,760.00,605.32,17647800,0
NG.L,20070227,790.00,791.50,776.50,618.81,12071800,0
NG.L,20070226,785.50,798.00,785.50,627.93,6439700,0
NG.L,20070223,793.00,793.00,777.00,620.79,7050400,0
NG.L,20070222,780.00,793.50,771.00,623.17,40813300,0
NG.L,20070221,786.00,790.00,773.00,614.84,10743600,0
NG.L,20070220,788.50,788.50,779.50,620.79,10401400,0
NG.L,20070216,795.00,797.00,789.00,627.53,9070100,0
NG.L,20070215,797.00,798.00,789.50,630.71,6859200,0
NG.L,20070214,791.00,794.50,787.00,630.31,12726600,0
NG.L,20070213,801.50,801.50,789.50,628.33,10402100,0
NG.L,20070212,792.00,799.00,792.00,632.29,14672800,0
NG.L,20070209,786.50,795.50,783.50,631.10,15188800,0
NG.L,20070208,785.00,789.50,781.50,623.57,15255500,0
NG.L,20070207,776.00,785.00,774.50,621.98,14631000,0
NG.L,20070206,776.50,781.50,775.00,617.62,18009900,0
NG.L,20070205,774.00,778.00,769.00,615.63,7072000,0
NG.L,20070202,776.00,781.00,773.50,616.43,12027400,0
NG.L,20070201,775.00,780.50,768.50,617.62,14547700,0
NG.L,20070131,768.50,782.00,764.50,609.29,21565700,0
NG.L,20070130,760.00,770.50,759.00,611.27,20764700,0
NG.L,20070129,753.00,761.00,750.50,601.75,9187400,0
NG.L,20070126,750.00,753.50,742.50,595.80,13709300,0
NG.L,20070125,750.50,756.50,746.50,593.42,9210100,0
NG.L,20070124,741.00,759.00,738.00,597.78,15174000,0
NG.L,20070123,739.00,744.00,736.50,587.87,7377300,0
NG.L,20070122,737.50,742.50,737.50,585.88,9258500,0
NG.L,20070119,740.50,744.50,730.50,584.69,13635800,0
NG.L,20070118,739.50,747.50,739.00,587.47,11278700,0
NG.L,20070117,742.00,753.50,736.00,587.47,15620800,0
NG.L,20070116,737.50,744.50,732.00,584.30,13059900,0
NG.L,20070115,731.50,739.50,729.00,583.90,8348800,0
NG.L,20070112,732.00,734.00,725.50,580.33,15724500,0
NG.L,20070111,719.00,733.00,710.50,579.93,12368800,0
NG.L,20070110,715.50,721.50,709.00,568.83,9465100,0
NG.L,20070109,720.50,728.50,717.50,571.21,18773700,0
NG.L,20070108,721.50,730.00,713.00,571.60,14811200,0
NG.L,20070105,735.00,735.00,717.00,571.21,14030100,0
NG.L,20070104,742.00,742.00,733.00,584.69,15480100,0
NG.L,20070103,753.50,754.00,743.00,590.64,21133800,0
NG.L,20070102,735.50,749.50,735.50,593.42,11126400,0
NG.L,20061229,745.50,746.00,733.50,584.69,3650500,0
NG.L,20061228,746.00,749.00,738.50,591.44,2782200,0
NG.L,20061227,752.50,753.00,736.50,588.26,3521000,0
NG.L,20061222,737.00,741.50,731.50,587.87,3174900,0
NG.L,20061221,740.50,742.00,732.00,583.11,4656900,0
NG.L,20061220,750.00,752.50,737.50,586.28,7202000,0
NG.L,20061219,748.50,756.00,745.00,594.61,7547300,0
NG.L,20061218,742.00,751.00,742.00,593.42,9861900,0
NG.L,20061215,745.00,749.00,739.50,591.44,14074900,0
NG.L,20061214,741.00,747.50,741.00,593.02,11563500,0
NG.L,20061213,715.50,744.50,715.50,587.87,26625800,0
NG.L,20061212,719.50,724.00,714.50,567.64,9172300,0
NG.L,20061211,724.00,729.00,715.00,572.40,6854800,0
NG.L,20061208,723.50,726.00,715.00,570.41,9435900,0
NG.L,20061207,715.00,727.00,714.00,574.78,7715000,0
NG.L,20061206,720.50,724.00,713.00,568.83,9657100,0
NG.L,20061205,708.00,718.50,707.50,567.64,11631400,0
NG.L,20061204,705.50,712.00,702.50,562.08,14404400,0
NG.L,20061201,694.00,705.00,692.00,556.53,27863300,0
NG.L,20061130,699.50,702.00,686.00,545.42,24190600,0
NG.L,20061129,699.00,710.00,693.00,556.93,17903500,0
NG.L,20061128,714.00,714.00,703.50,559.31,15392100,0
NG.L,20061127,714.50,726.00,711.50,564.46,12855400,0
NG.L,20061124,715.50,725.50,707.50,572.40,5774300,0
NG.L,20061123,721.50,723.00,705.00,566.45,10394200,0
NG.L,20061122,722.00,727.00,714.50,569.22,25452300,0
NG.L,20061121,721.00,734.00,721.00,573.59,18706300,0
NG.L,20061120,716.00,727.00,716.00,574.38,15485700,0
NG.L,20061117,746.00,746.00,719.00,573.59,16233200,0
NG.L,20061116,716.00,747.50,716.00,592.23,29904400,0
NG.L,20061115,698.50,701.50,694.50,554.55,12808000,0
NG.L,20061114,690.00,696.00,687.50,551.37,11874500,0
NG.L,20061113,687.50,697.50,686.50,547.80,9245700,0
NG.L,20061110,689.00,690.50,684.50,544.23,15737700,0
NG.L,20061109,689.00,690.50,683.50,545.82,61082200,0
NG.L,20061108,672.00,694.50,672.00,544.63,20739300,0
NG.L,20061107,668.00,673.00,665.00,533.13,15435800,0
NG.L,20061106,669.50,671.50,664.50,531.54,7926900,0
NG.L,20061103,672.00,673.00,664.50,527.18,11409100,0
NG.L,20061102,669.00,672.50,663.00,531.54,31572400,0
NG.L,20061101,672.50,672.50,665.00,530.75,17163800,0
NG.L,20061031,670.00,673.50,663.50,531.54,15070500,0
NG.L,20061030,701.00,713.00,667.00,533.13,8679900,0
NG.L,20061027,671.50,675.50,666.00,534.32,6153400,0
NG.L,20061026,675.50,676.50,668.00,530.75,4203700,0
NG.L,20061025,671.50,676.50,671.50,533.92,4993500,0
NG.L,20061024,668.50,674.50,666.50,533.92,6187000,0
NG.L,20061023,676.00,677.50,670.00,531.94,6082800,0
NG.L,20061020,673.00,677.50,646.50,536.70,8096900,0
NG.L,20061019,674.00,676.00,671.50,534.71,5127400,0
NG.L,20061018,687.00,689.50,672.50,535.11,64960100,0
NG.L,20061017,687.00,694.00,685.00,543.84,14512600,0
NG.L,20061016,685.00,690.00,683.00,544.23,7329500,0
NG.L,20061013,685.50,689.00,682.00,543.44,8196900,0
NG.L,20061012,683.00,686.50,679.50,542.65,7307800,0
NG.L,20061011,682.00,683.50,678.00,539.87,11892800,0
NG.L,20061009,686.00,688.50,676.50,539.47,11097300,0
NG.L,20061006,677.00,692.50,673.50,543.84,22093400,0
NG.L,20061005,677.00,678.50,670.50,535.51,15364600,0
NG.L,20061004,679.50,679.50,673.50,536.30,9918100,0
NG.L,20061003,677.50,679.00,670.00,537.09,14196900,0
NG.L,20061002,668.00,680.00,668.00,537.89,14209400,0
NG.L,20060929,671.00,675.00,667.50,529.56,10925600,0
NG.L,20060928,666.00,673.50,663.00,533.13,12603700,0
NG.L,20060927,662.00,670.00,660.50,529.95,12844100,0
NG.L,20060926,652.00,662.00,648.00,524.00,17661300,0
NG.L,20060925,648.00,652.00,646.00,515.67,16361900,0
NG.L,20060922,649.50,651.00,647.00,514.48,9355400,0
NG.L,20060921,653.00,654.50,648.50,517.66,8165300,0
NG.L,20060920,649.00,653.00,645.00,516.47,13574100,0
NG.L,20060919,646.00,650.00,643.00,513.29,7576600,0
NG.L,20060918,648.50,651.00,644.00,514.09,7242700,0
NG.L,20060915,647.00,651.00,644.50,515.28,10451500,0
NG.L,20060914,646.50,650.00,643.50,511.71,16066100,0
NG.L,20060913,643.00,646.50,638.50,510.91,8580300,0
NG.L,20060912,636.50,646.00,635.50,511.71,11868500,0
NG.L,20060911,639.50,642.00,633.50,505.76,6327100,0
NG.L,20060908,636.50,641.00,634.00,506.95,7838600,0
NG.L,20060907,640.50,640.50,632.50,503.38,18160900,0
NG.L,20060906,643.50,644.00,639.50,508.53,7856200,0
NG.L,20060905,646.50,646.50,640.00,512.10,12176700,0
NG.L,20060904,645.50,646.00,641.00,511.31,4884400,0
NG.L,20060901,641.50,648.50,638.00,510.12,7657100,0
NG.L,20060831,640.00,644.00,636.50,506.15,9234600,0
NG.L,20060830,645.50,645.50,640.00,508.93,10684600,0
NG.L,20060829,639.00,646.50,637.50,510.52,9883300,0
NG.L,20060828,636.00,636.00,636.00,504.57,000,0
NG.L,20060825,637.50,642.00,633.50,504.57,7858800,0
NG.L,20060824,635.00,640.00,630.50,506.55,9005300,0
NG.L,20060823,635.00,638.00,629.50,501.00,8157800,0
NG.L,20060822,638.50,641.50,628.50,501.00,10308700,0
NG.L,20060821,632.00,638.00,629.50,503.77,8317000,0
NG.L,20060818,628.00,635.00,624.50,500.60,8898300,0
NG.L,20060817,634.50,635.50,626.00,499.41,7488500,0
NG.L,20060816,640.00,640.00,627.00,501.00,12324200,0
NG.L,20060815,633.00,641.00,629.50,506.95,13189400,0
NG.L,20060814,630.00,639.50,627.50,505.76,17456300,0
NG.L,20060811,622.50,628.50,619.00,498.22,8455500,0
NG.L,20060810,612.00,627.00,611.50,494.65,15431800,0
NG.L,20060809,616.00,621.50,614.50,491.87,12524800,0
NG.L,20060808,612.00,615.50,609.00,487.11,12658100,0
NG.L,20060807,606.00,614.00,604.00,484.34,6959200,0
NG.L,20060804,604.50,611.00,600.00,483.94,9522500,0
NG.L,20060803,606.00,606.00,606.00,480.77,000,0
NG.L,20060802,605.50,610.00,601.50,480.77,14269000,0
NG.L,20060801,612.00,613.00,602.00,478.39,8079500,0
NG.L,20060731,615.00,615.00,607.50,483.54,8842500,0
NG.L,20060728,598.50,614.50,598.50,485.92,11611100,0
NG.L,20060727,602.00,606.50,598.00,478.39,11994400,0
NG.L,20060726,601.50,602.50,597.50,475.21,9712400,0
NG.L,20060725,603.50,606.50,599.50,477.59,14612300,0
NG.L,20060724,596.00,605.50,595.00,477.59,9869300,0
NG.L,20060721,590.00,597.00,587.00,470.85,8982800,0
NG.L,20060720,595.50,598.50,587.00,468.87,6908100,0
NG.L,20060719,598.50,599.50,586.50,472.44,11894300,0
NG.L,20060718,585.00,595.00,585.00,471.25,11177300,0
NG.L,20060717,588.00,590.50,582.00,466.49,7032200,0
NG.L,20060714,586.00,593.50,585.00,466.49,7991500,0
NG.L,20060713,586.50,594.00,583.00,468.07,15940400,0
NG.L,20060712,594.00,597.50,585.50,466.49,8086400,0
NG.L,20060711,597.50,601.00,590.50,470.06,11639400,0
NG.L,20060710,600.00,600.00,595.00,474.82,5747900,0
NG.L,20060707,594.00,600.00,591.50,474.02,12072900,0
NG.L,20060706,587.00,595.00,587.00,471.25,21361900,0
NG.L,20060705,588.00,590.50,583.00,465.69,12560800,0
NG.L,20060704,590.00,591.50,584.00,466.88,7740600,0
NG.L,20060703,585.50,590.50,585.00,467.28,11740900,0
NG.L,20060630,583.00,588.50,576.50,464.11,24996500,0
NG.L,20060629,588.00,590.50,586.00,465.69,14295800,0
NG.L,20060628,587.00,595.80,585.69,464.90,15338800,0
NG.L,20060627,599.00,599.34,588.00,466.49,16786000,0
NG.L,20060626,597.00,596.98,578.93,473.23,25639400,0
NG.L,20060623,601.00,616.00,597.46,476.01,12510800,0
NG.L,20060622,612.00,613.46,600.80,477.99,19004500,0
NG.L,20060621,606.50,610.77,598.32,482.75,8457200,0
NG.L,20060620,598.00,605.00,595.50,479.18,11412100,0
NG.L,20060619,607.50,611.00,598.23,476.01,12198100,0
NG.L,20060616,603.00,606.00,598.50,476.01,32244000,0
NG.L,20060615,588.00,599.50,587.69,474.42,39295900,0
NG.L,20060614,584.50,590.00,578.50,466.49,11474100,0
NG.L,20060613,585.50,586.78,577.10,463.31,15484900,0
NG.L,20060612,594.50,597.50,589.00,468.47,8287500,0
NG.L,20060609,594.50,613.39,587.63,471.64,16658200,0
NG.L,20060608,588.00,603.10,586.00,471.64,16521100,0
NG.L,20060607,605.00,615.00,595.63,475.61,18293600,0
NG.L,20060606,608.50,616.87,602.92,487.91,21233100,0
NG.L,20060605,606.50,615.23,601.38,484.73,7749500,0
NG.L,20060602,610.50,614.50,603.00,481.16,20565900,0
NG.L,20060601,604.50,609.61,595.73,482.35,13543400,0
NG.L,20060531,590.50,611.08,589.10,481.16,14470800,0
NG.L,20060530,604.00,604.00,594.00,471.64,19223300,0
NG.L,20060529,604.00,604.00,604.00,479.18,000,0
NG.L,20060526,596.00,604.00,590.50,479.18,14169400,0
NG.L,20060525,579.00,596.63,581.92,469.26,15204200,0
NG.L,20060524,581.50,587.00,574.50,460.54,12100100,0
NG.L,20060523,569.50,584.61,565.15,463.31,15784500,0
NG.L,20060522,568.00,576.50,559.73,451.81,7237900,0
NG.L,20060519,565.00,575.60,565.00,451.81,11501600,0
NG.L,20060518,561.50,570.27,552.65,451.41,19184000,0
NG.L,20060517,566.50,570.50,558.50,443.48,19602800,0
NG.L,20060516,560.50,571.00,558.00,450.62,11606800,0
NG.L,20060515,550.50,564.31,539.58,444.67,12623300,0
NG.L,20060512,557.00,557.00,547.00,437.93,19464800,0
NG.L,20060511,569.50,572.00,553.50,441.89,11448500,0
NG.L,20060510,570.00,579.00,569.00,453.00,17780700,0
NG.L,20060509,572.00,572.00,562.50,451.41,18880000,0
NG.L,20060508,571.00,573.50,565.50,452.21,15361100,0
NG.L,20060505,574.00,575.00,562.50,449.83,11790600,0
NG.L,20060504,570.00,578.00,569.50,456.57,5509900,0
NG.L,20060503,579.00,579.50,571.00,453.40,8282500,0
NG.L,20060502,573.00,578.50,570.00,457.76,7658700,0
NG.L,20060501,575.50,575.50,575.50,456.57,000,0
NG.L,20060428,575.00,580.00,572.00,456.57,10862100,0
NG.L,20060427,577.00,578.50,565.00,456.17,10865800,0
NG.L,20060426,580.50,582.50,573.50,456.17,6264200,0
NG.L,20060425,579.00,581.00,573.50,458.16,6631400,0
NG.L,20060424,572.50,578.50,571.00,457.36,6890000,0
NG.L,20060421,573.00,586.50,570.00,457.76,18286600,0
NG.L,20060420,569.50,576.50,567.00,453.00,12675000,0
NG.L,20060419,566.00,576.00,566.00,452.60,18434200,0
NG.L,20060418,562.50,565.00,554.50,443.48,8862200,0
NG.L,20060417,556.50,556.50,556.50,441.50,000,0
NG.L,20060414,556.50,556.50,556.50,441.50,000,0
NG.L,20060413,557.50,560.50,553.00,441.50,8877100,0
NG.L,20060412,563.50,563.50,554.00,442.29,7435700,0
NG.L,20060411,570.50,570.50,560.50,445.46,12310900,0
NG.L,20060410,569.50,569.50,563.00,450.62,9029400,0
NG.L,20060407,577.00,581.50,565.50,450.22,13380500,0
NG.L,20060406,572.00,582.00,570.00,458.95,11341700,0
NG.L,20060405,577.50,577.50,565.00,453.79,13499800,0
NG.L,20060404,575.50,579.50,573.50,456.57,9793200,0
NG.L,20060403,585.50,585.50,572.50,456.57,10860500,0
NG.L,20060331,573.50,580.50,568.00,454.19,12568200,0
NG.L,20060330,580.00,583.00,574.50,457.76,19519500,0
NG.L,20060329,570.00,577.50,564.50,453.79,27528300,0
NG.L,20060328,582.50,586.00,567.50,452.21,24545400,0
NG.L,20060327,587.50,587.50,580.50,462.12,7461000,0
NG.L,20060324,587.50,588.00,579.50,464.50,9098600,0
NG.L,20060323,593.00,593.00,581.50,463.71,12405300,0
NG.L,20060322,595.00,596.00,588.50,468.07,8357300,0
NG.L,20060321,599.00,599.00,590.50,472.83,10286300,0
NG.L,20060320,600.00,600.50,593.50,473.63,9624600,0
NG.L,20060317,600.00,606.00,597.50,474.82,13858900,0
NG.L,20060316,605.00,605.00,597.00,476.01,7092500,0
NG.L,20060315,597.00,616.00,596.50,478.78,17693200,0
NG.L,20060314,600.50,602.50,594.00,474.42,5914300,0
NG.L,20060313,600.00,605.00,595.50,478.39,8271300,0
NG.L,20060310,589.00,597.50,586.00,474.02,6248700,0
NG.L,20060309,591.00,597.00,589.50,469.66,8819500,0
NG.L,20060308,594.00,599.50,587.50,468.07,12768700,0
NG.L,20060307,593.50,595.50,587.00,471.25,13947700,0
NG.L,20060306,595.00,599.00,593.50,473.23,7701300,0
NG.L,20060303,597.50,599.50,591.50,469.66,7421400,0
NG.L,20060302,596.50,606.50,596.50,475.61,15084000,0
NG.L,20060301,601.00,602.00,595.00,475.21,9145700,0
NG.L,20060228,608.50,610.50,599.50,476.01,21621500,0
NG.L,20060227,617.00,627.50,609.00,483.94,12836600,0
NG.L,20060224,597.50,619.00,597.00,486.72,38899400,0
NG.L,20060223,600.50,600.50,595.00,474.02,7505200,0
NG.L,20060222,587.00,607.50,583.00,474.82,27415800,0
NG.L,20060221,575.50,592.00,575.50,464.90,37962700,0
NG.L,20060220,577.00,581.00,575.00,459.35,8963800,0
NG.L,20060217,591.00,591.50,576.00,458.95,16273500,0
NG.L,20060216,589.50,590.00,579.50,466.49,12529200,0
NG.L,20060215,585.00,590.00,583.50,465.69,22095600,0
NG.L,20060214,590.00,590.00,579.50,462.12,19084500,0
NG.L,20060213,588.00,588.50,581.00,466.09,13904000,0
NG.L,20060210,593.00,593.00,581.00,464.11,18477500,0
NG.L,20060209,590.00,595.00,584.00,470.45,17082000,0
NG.L,20060208,584.00,602.00,574.50,468.87,30007000,0
NG.L,20060207,582.00,584.50,577.00,461.73,9452600,0
NG.L,20060206,588.50,597.00,580.50,461.73,13846500,0
NG.L,20060203,585.50,592.00,583.50,467.28,15058000,0
NG.L,20060202,582.00,590.00,578.00,461.33,8948400,0
NG.L,20060201,577.00,581.00,571.00,458.55,8854600,0
NG.L,20060131,577.50,578.00,572.00,456.57,8166400,0
NG.L,20060130,568.00,579.50,565.00,458.16,11336900,0
NG.L,20060127,566.00,566.50,560.00,447.45,6280100,0
NG.L,20060126,571.00,574.00,563.50,447.84,12192100,0
NG.L,20060125,566.00,569.00,560.00,450.62,6338100,0
NG.L,20060124,567.00,567.00,562.00,445.86,5913000,0
NG.L,20060123,560.00,567.50,555.50,445.86,7202300,0
NG.L,20060120,570.00,573.00,563.50,449.03,6570500,0
NG.L,20060119,572.00,574.50,567.50,453.00,10302200,0
NG.L,20060118,560.50,572.00,560.00,451.81,13050200,0
NG.L,20060117,558.00,565.00,556.00,447.45,14775600,0
NG.L,20060116,551.00,559.00,550.50,442.29,10684400,0
NG.L,20060113,558.50,560.00,548.50,437.13,10934700,0
NG.L,20060112,559.50,561.50,555.50,443.08,10436700,0
NG.L,20060111,559.00,560.50,553.50,442.29,11592500,0
NG.L,20060110,555.50,562.00,548.00,439.51,32243500,0
NG.L,20060109,565.00,565.00,554.00,439.91,22532000,0
NG.L,20060106,568.50,569.00,560.50,446.65,11024300,0
NG.L,20060105,571.50,571.50,563.50,448.64,17284900,0
NG.L,20060104,572.00,572.00,567.00,451.41,9832400,0
NG.L,20060103,575.50,578.00,568.50,451.41,17852300,0
NG.L,20060102,568.50,568.50,568.50,451.02,000,0
NG.L,20051230,573.50,574.50,563.00,451.02,1446100,0
NG.L,20051229,568.00,570.50,567.50,451.41,1965000,0
NG.L,20051228,577.00,577.00,567.00,452.21,4617100,0
NG.L,20051227,563.50,563.50,563.50,447.05,000,0
NG.L,20051226,563.50,563.50,563.50,447.05,000,0
NG.L,20051223,572.00,573.50,562.50,447.05,3559400,0
NG.L,20051222,571.50,573.50,566.50,454.98,7615800,0
NG.L,20051221,564.00,574.00,564.00,454.19,14643500,0
NG.L,20051220,558.00,565.50,556.50,445.86,15586600,0
NG.L,20051219,556.00,560.00,554.50,442.69,11715400,0
NG.L,20051216,546.50,560.00,546.50,441.10,13920800,0
NG.L,20051215,555.50,559.50,545.50,434.75,16075400,0
NG.L,20051214,560.00,560.00,552.00,439.51,9709700,0
NG.L,20051213,552.50,561.00,552.00,442.29,10357500,0
NG.L,20051212,547.00,556.50,545.00,437.93,8929000,0
NG.L,20051209,547.00,549.50,542.00,431.98,7165000,0
NG.L,20051208,539.00,548.50,535.00,434.75,11106200,0
NG.L,20051207,543.00,543.50,538.00,429.60,13608500,0
NG.L,20051206,541.50,546.50,538.00,431.18,6864600,0
NG.L,20051205,543.00,548.50,541.50,430.39,4362300,0
NG.L,20051202,546.00,549.50,541.50,431.98,7067000,0
NG.L,20051201,538.50,548.00,535.50,433.17,10323500,0
NG.L,20051130,545.50,545.50,536.00,425.23,10224400,0
NG.L,20051129,550.00,555.00,545.50,436.34,25997000,0
NG.L,20051128,555.00,558.50,548.50,436.34,16047900,0
NG.L,20051125,550.50,555.50,550.50,439.91,4090700,0
NG.L,20051124,555.00,555.00,547.00,435.15,7429400,0
NG.L,20051123,547.50,556.50,545.00,438.32,6116500,0
NG.L,20051122,545.50,547.50,542.00,434.36,10135500,0
NG.L,20051121,549.50,553.50,545.00,433.56,5254000,0
NG.L,20051118,539.00,552.00,539.00,432.37,19930200,0
NG.L,20051117,536.50,542.00,536.00,426.82,12719600,0
NG.L,20051116,534.00,535.50,527.50,423.65,6372400,0
NG.L,20051115,537.50,538.00,530.50,422.06,15633500,0
NG.L,20051114,533.50,538.00,528.00,425.63,18172100,0
NG.L,20051111,532.00,535.00,527.50,419.28,14728600,0
NG.L,20051110,529.00,531.50,524.00,418.49,16481400,0
NG.L,20051109,523.00,527.00,520.00,416.11,21168600,0
NG.L,20051108,529.00,529.00,514.00,410.56,19426400,0
NG.L,20051107,527.00,532.00,521.50,417.30,8355500,0
NG.L,20051104,511.00,522.00,511.00,412.94,5513000,0
NG.L,20051103,522.00,525.50,511.00,408.57,9941800,0
NG.L,20051102,514.00,518.50,507.00,411.35,8912500,0
NG.L,20051101,515.50,521.50,512.50,409.76,11951900,0
NG.L,20051031,517.00,520.00,514.50,409.76,15410300,0
NG.L,20051028,505.50,517.00,502.00,408.18,15613400,0
NG.L,20051027,502.00,504.50,497.50,400.24,11496600,0
NG.L,20051026,512.50,512.50,501.50,399.45,14042800,0
NG.L,20051025,517.00,522.50,512.00,406.59,11606700,0
NG.L,20051024,510.00,515.50,506.00,407.78,10025100,0
NG.L,20051021,500.50,520.50,500.00,401.83,13225800,0
NG.L,20051020,513.50,514.50,501.00,400.24,11091800,0
NG.L,20051019,515.50,515.50,501.50,399.45,12061100,0
NG.L,20051018,519.00,519.00,510.50,408.97,9935800,0
NG.L,20051017,514.50,521.50,510.00,410.95,14657100,0
NG.L,20051014,517.00,517.00,505.00,406.59,16325000,0
NG.L,20051013,522.00,522.50,511.00,407.78,18686800,0
NG.L,20051012,525.50,531.50,520.00,415.32,20503500,0
NG.L,20051011,529.00,533.00,527.00,420.08,12500000,0
NG.L,20051010,532.50,534.00,529.00,420.87,7415500,0
NG.L,20051007,527.00,532.50,527.00,421.66,9253900,0
NG.L,20051006,530.00,532.50,523.50,417.70,9680100,0
NG.L,20051005,537.00,541.00,531.50,423.25,7706400,0
NG.L,20051004,537.50,542.00,531.00,426.42,13987100,0
NG.L,20051003,535.00,539.50,531.00,424.44,12138700,0
NG.L,20050930,542.00,542.00,528.50,421.66,16998700,0
NG.L,20050929,540.50,544.50,533.00,425.63,10574500,0
NG.L,20050928,547.00,549.00,542.50,431.58,8898300,0
NG.L,20050927,547.50,547.50,539.50,431.18,18304200,0
NG.L,20050926,548.00,553.00,544.00,434.36,5279200,0
NG.L,20050923,549.00,550.00,537.00,435.55,7494900,0
NG.L,20050922,545.50,545.50,541.00,430.79,13792300,0
NG.L,20050921,540.50,547.00,540.50,431.98,20925200,0
NG.L,20050920,551.00,552.00,543.00,433.56,6715500,0
NG.L,20050919,543.50,550.50,541.50,435.15,7816100,0
NG.L,20050916,545.50,550.00,544.00,434.36,16315400,0
NG.L,20050915,547.00,551.00,545.50,434.75,14942100,0
NG.L,20050914,544.00,550.00,544.00,435.55,17926500,0
NG.L,20050913,548.50,548.50,542.50,432.77,15561800,0
NG.L,20050912,549.00,559.50,539.50,433.96,20236200,0
NG.L,20050909,543.50,546.00,539.00,431.58,5563400,0
NG.L,20050908,553.50,555.00,540.50,431.58,13129400,0
NG.L,20050907,555.50,562.50,546.50,436.34,17574500,0
NG.L,20050906,556.00,566.00,551.00,445.07,25299800,0
NG.L,20050905,537.00,549.50,537.00,435.55,23262700,0
NG.L,20050902,529.00,539.00,526.00,426.42,19109800,0
NG.L,20050901,524.50,529.00,521.00,418.09,13645700,0
NG.L,20050831,521.50,525.50,519.50,415.71,8980400,0
NG.L,20050830,526.50,530.50,517.00,411.35,8870400,0
NG.L,20050829,525.00,525.00,525.00,416.51,000,0
NG.L,20050826,525.50,529.00,523.50,416.51,10736500,0
NG.L,20050825,518.00,527.50,517.00,416.90,14047100,0
NG.L,20050824,515.00,524.50,512.00,412.94,17423900,0
NG.L,20050823,512.50,515.50,510.50,408.18,9637100,0
NG.L,20050822,518.00,518.00,512.00,406.19,8437700,0
NG.L,20050819,516.00,516.50,511.00,409.76,12120200,0
NG.L,20050818,514.00,516.00,510.00,406.99,19004700,0
NG.L,20050817,514.00,515.00,510.00,406.19,10640200,0
NG.L,20050816,518.00,522.00,513.00,410.56,9340300,0
NG.L,20050815,513.00,522.50,510.00,410.56,16803600,0
NG.L,20050812,518.00,518.00,510.00,405.40,8931100,0
NG.L,20050811,522.00,522.50,515.00,408.57,7407300,0
NG.L,20050810,524.00,525.00,521.50,415.32,14980700,0
NG.L,20050809,523.00,525.50,515.00,414.52,11810700,0
NG.L,20050808,525.00,528.50,524.50,416.51,5623100,0
NG.L,20050805,523.00,541.00,523.00,418.09,9372400,0
NG.L,20050804,531.00,531.00,525.00,416.90,11368500,0
NG.L,20050803,535.00,535.00,525.00,420.08,10554600,0
NG.L,20050802,517.50,533.50,514.00,423.25,19709800,0
NG.L,20050801,519.00,529.00,512.50,412.54,12134900,0
