PFC.L,20120824,1491.00,1491.00,1453.00,1467.00,784400,0
PFC.L,20120823,1507.00,1507.00,1487.00,1492.00,895000,0
PFC.L,20120822,1493.00,1496.00,1473.00,1490.00,859400,0
PFC.L,20120821,1473.00,1507.00,1473.00,1498.00,1014700,0
PFC.L,20120820,1495.00,1502.00,1470.00,1471.00,866400,0
PFC.L,20120817,1482.00,1493.00,1475.00,1490.00,792100,0
PFC.L,20120816,1484.00,1490.00,1462.00,1475.00,995600,0
PFC.L,20120815,1472.00,1488.00,1466.06,1477.00,1294300,0
PFC.L,20120814,1489.00,1495.00,1472.00,1478.00,1420200,0
PFC.L,20120810,1564.00,1575.00,1560.00,1567.00,546200,0
PFC.L,20120809,1571.00,1579.00,1560.40,1571.00,636900,0
PFC.L,20120808,1583.00,1592.00,1555.00,1572.00,877100,0
PFC.L,20120807,1558.00,1589.16,1546.00,1589.00,1064600,0
PFC.L,20120806,1525.00,1545.78,1521.00,1545.00,1156300,0
PFC.L,20120803,1450.00,1538.00,1449.00,1531.00,1447800,0
PFC.L,20120802,1485.00,1502.00,1438.00,1449.00,1648400,0
PFC.L,20120801,1485.00,1497.00,1473.00,1494.00,869500,0
PFC.L,20120731,1501.00,1511.00,1491.00,1491.00,703800,0
PFC.L,20120727,1431.00,1464.00,1420.00,1461.00,1155000,0
PFC.L,20120726,1401.00,1436.00,1387.00,1426.00,1130200,0
PFC.L,20120725,1396.00,1418.46,1389.00,1397.00,501900,0
PFC.L,20120724,1418.00,1427.75,1397.00,1398.00,1088900,0
PFC.L,20120723,1451.00,1455.00,1394.00,1409.00,988100,0
PFC.L,20120720,1500.00,1510.00,1471.00,1474.00,2053900,0
PFC.L,20120719,1470.00,1510.00,1467.00,1498.00,2110600,0
PFC.L,20120718,1464.00,1469.56,1443.00,1465.00,890300,0
PFC.L,20120717,1465.00,1472.00,1450.00,1456.00,1910000,0
PFC.L,20120716,1446.00,1461.50,1438.00,1453.00,1012300,0
PFC.L,20120713,1438.00,1457.00,1434.00,1445.00,554200,0
PFC.L,20120712,1447.00,1459.00,1423.00,1429.00,591000,0
PFC.L,20120711,1445.00,1458.00,1434.00,1454.00,817400,0
PFC.L,20120710,1437.00,1478.00,1436.00,1458.00,1127500,0
PFC.L,20120709,1426.00,1440.00,1415.00,1434.00,2064000,0
PFC.L,20120706,1451.00,1464.00,1420.00,1421.00,813700,0
PFC.L,20120705,1453.00,1473.00,1446.00,1459.00,1297100,0
PFC.L,20120704,1453.00,1464.00,1440.00,1458.00,1153000,0
PFC.L,20120703,1460.00,1471.00,1441.00,1459.00,1410700,0
PFC.L,20120702,1395.00,1442.12,1388.00,1437.00,1563200,0
PFC.L,20120629,1394.00,1406.00,1367.00,1388.00,1327500,0
PFC.L,20120628,1375.00,1388.37,1352.00,1364.00,1077500,0
PFC.L,20120627,1346.00,1374.14,1324.00,1374.00,1474300,0
PFC.L,20120626,1368.00,1410.00,1339.00,1346.00,1933500,0
PFC.L,20120625,1370.00,1399.78,1357.00,1357.00,1177300,0
PFC.L,20120622,1420.00,1421.12,1355.00,1371.00,3032700,0
PFC.L,20120621,1447.00,1461.00,1433.00,1438.00,1641200,0
PFC.L,20120620,1522.00,1522.00,1452.00,1455.00,2722800,0
PFC.L,20120619,1495.00,1528.00,1493.48,1512.00,1736100,0
PFC.L,20120618,1516.00,1522.83,1474.00,1487.00,875000,0
PFC.L,20120615,1470.00,1502.00,1459.00,1485.00,2129300,0
PFC.L,20120614,1489.00,1489.00,1435.00,1457.00,1573600,0
PFC.L,20120613,1520.00,1520.00,1479.00,1487.00,2558900,0
PFC.L,20120612,1526.00,1573.50,1476.00,1509.00,1819500,0
PFC.L,20120611,1576.00,1590.00,1529.00,1532.00,826900,0
PFC.L,20120608,1568.00,1570.30,1524.00,1535.00,1127800,0
PFC.L,20120607,1574.00,1591.00,1553.00,1577.00,1485700,0
PFC.L,20120606,1472.00,1562.00,1472.00,1562.00,1364600,0
PFC.L,20120601,1560.00,1560.00,1469.00,1486.00,1195500,0
PFC.L,20120531,1543.00,1570.00,1524.00,1547.00,1508500,0
PFC.L,20120530,1599.00,1599.00,1535.00,1542.00,976700,0
PFC.L,20120529,1566.00,1617.00,1561.00,1609.00,822100,0
PFC.L,20120528,1580.00,1595.92,1556.00,1562.00,846300,0
PFC.L,20120525,1550.00,1580.00,1539.00,1577.00,1296900,0
PFC.L,20120524,1542.00,1560.00,1509.00,1552.00,1025300,0
PFC.L,20120523,1550.00,1567.68,1517.47,1518.00,1342600,0
PFC.L,20120522,1538.00,1589.00,1531.00,1583.00,1265800,0
PFC.L,20120521,1488.00,1529.00,1475.80,1520.00,811900,0
PFC.L,20120518,1506.00,1506.00,1473.00,1486.00,1254700,0
PFC.L,20120517,1548.00,1548.00,1513.00,1517.00,2405100,0
PFC.L,20120516,1547.00,1553.70,1516.00,1539.00,1477600,0
PFC.L,20120514,1589.00,1593.00,1547.00,1563.00,1531300,0
PFC.L,20120511,1607.00,1611.00,1571.28,1595.00,1834800,0
PFC.L,20120510,1590.00,1624.00,1571.00,1618.00,965900,0
PFC.L,20120509,1624.00,1628.50,1558.00,1574.00,1530400,0
PFC.L,20120508,1713.00,1713.00,1606.00,1615.00,1203300,0
PFC.L,20120504,1755.00,1774.00,1695.00,1700.00,991400,0
PFC.L,20120503,1769.00,1771.00,1749.20,1764.00,1340300,0
PFC.L,20120502,1765.00,1771.00,1742.00,1760.00,957300,0
PFC.L,20120501,1738.00,1761.00,1738.00,1759.00,417000,0
PFC.L,20120430,1741.00,1750.80,1732.00,1735.00,648900,0
PFC.L,20120427,1732.00,1754.00,1723.00,1739.00,662400,0
PFC.L,20120426,1739.00,1756.26,1729.00,1747.00,1059200,0
PFC.L,20120425,1753.00,1757.00,1721.00,1731.00,1235100,0
PFC.L,20120424,1735.00,1749.43,1730.00,1745.00,935700,0
PFC.L,20120423,1764.00,1769.00,1713.48,1723.00,811500,0
PFC.L,20120420,1755.00,1784.00,1745.12,1770.00,1128900,0
PFC.L,20120419,1751.00,1771.00,1742.62,1753.00,987300,0
PFC.L,20120418,1713.00,1746.00,1704.00,1740.00,1284000,0
PFC.L,20120417,1707.00,1743.00,1701.00,1716.61,765400,0
PFC.L,20120416,1685.00,1726.00,1683.80,1687.01,724300,0
PFC.L,20120413,1712.00,1723.00,1687.00,1665.31,904800,0
PFC.L,20120412,1672.00,1732.00,1670.00,1696.88,967000,0
PFC.L,20120411,1651.00,1701.00,1651.00,1652.48,997500,0
PFC.L,20120410,1718.00,1728.70,1661.00,1638.67,1621300,0
PFC.L,20120405,1698.00,1758.00,1698.00,1731.41,1500400,0
PFC.L,20120404,1743.00,1758.00,1697.00,1675.17,1150100,0
PFC.L,20120403,1767.00,1780.00,1751.00,1727.46,802100,0
PFC.L,20120402,1735.00,1774.70,1735.00,1748.18,1332400,0
PFC.L,20120330,1662.00,1740.00,1655.00,1716.61,2143900,0
PFC.L,20120329,1666.00,1675.00,1648.00,1631.04,1564500,0
PFC.L,20120328,1680.00,1696.00,1666.00,1650.14,713800,0
PFC.L,20120327,1719.00,1725.00,1679.00,1664.32,898100,0
PFC.L,20120326,1686.00,1730.00,1680.00,1695.89,1021800,0
PFC.L,20120323,1658.00,1678.00,1650.00,1651.50,532500,0
PFC.L,20120322,1676.00,1686.00,1648.00,1637.69,728300,0
PFC.L,20120321,1686.00,1705.00,1675.00,1660.38,748000,0
PFC.L,20120320,1698.00,1700.00,1669.00,1657.42,821700,0
PFC.L,20120319,1709.00,1713.00,1697.00,1682.08,678200,0
PFC.L,20120316,1710.00,1717.43,1697.00,1690.96,1042700,0
PFC.L,20120315,1691.00,1713.00,1687.00,1687.01,1166300,0
PFC.L,20120314,1702.00,1719.00,1691.00,1683.07,1048000,0
PFC.L,20120313,1700.00,1706.00,1675.00,1668.27,787800,0
PFC.L,20120312,1710.00,1728.00,1679.49,1670.24,1468800,0
PFC.L,20120309,1672.00,1732.00,1664.00,1688.00,1549100,0
PFC.L,20120308,1613.00,1682.00,1610.00,1652.48,2120800,0
PFC.L,20120307,1549.00,1598.00,1540.00,1569.61,1031500,0
PFC.L,20120306,1598.00,1609.00,1534.00,1524.23,1675300,0
PFC.L,20120305,1570.00,1610.00,1563.00,1573.56,1373700,0
PFC.L,20120302,1565.00,1584.00,1562.07,1552.84,1012300,0
PFC.L,20120301,1586.00,1595.00,1565.00,1550.87,989500,0
PFC.L,20120229,1596.00,1603.00,1580.20,1569.61,1240500,0
PFC.L,20120228,1605.00,1612.00,1589.00,1575.53,789000,0
PFC.L,20120227,1586.00,1604.00,1575.00,1577.51,901100,0
PFC.L,20120224,1595.00,1601.00,1586.00,1572.57,722800,0
PFC.L,20120223,1598.00,1611.00,1577.00,1568.63,721100,0
PFC.L,20120222,1574.00,1593.16,1562.80,1571.59,1896400,0
PFC.L,20120221,1550.00,1571.00,1532.00,1544.95,1077000,0
PFC.L,20120220,1550.00,1566.00,1543.00,1532.12,525600,0
PFC.L,20120217,1545.00,1558.00,1540.00,1521.27,801200,0
PFC.L,20120216,1541.00,1558.05,1529.00,1515.35,817600,0
PFC.L,20120215,1544.00,1563.00,1539.70,1531.14,903000,0
PFC.L,20120214,1520.00,1554.33,1520.00,1519.30,742500,0
PFC.L,20120213,1520.00,1545.00,1512.00,1511.41,756500,0
PFC.L,20120210,1508.00,1522.00,1504.00,1491.67,943400,0
PFC.L,20120209,1478.00,1524.00,1472.00,1496.61,1017800,0
PFC.L,20120208,1477.00,1497.00,1470.00,1451.23,765100,0
PFC.L,20120207,1474.00,1485.00,1455.00,1457.15,795200,0
PFC.L,20120206,1468.00,1485.00,1462.00,1455.17,593700,0
PFC.L,20120203,1488.00,1494.00,1458.00,1454.19,1006000,0
PFC.L,20120202,1454.00,1506.00,1452.00,1474.90,1833300,0
PFC.L,20120201,1430.00,1460.61,1430.00,1430.51,1301800,0
PFC.L,20120131,1436.00,1474.00,1432.00,1435.44,1328300,0
PFC.L,20120130,1435.00,1440.00,1414.00,1409.79,1023400,0
PFC.L,20120127,1447.00,1465.00,1440.00,1421.63,1293000,0
PFC.L,20120126,1440.00,1460.00,1438.00,1435.44,1373400,0
PFC.L,20120125,1454.00,1458.00,1435.00,1419.66,627800,0
PFC.L,20120124,1446.00,1468.00,1434.00,1424.59,842300,0
PFC.L,20120123,1442.00,1463.00,1436.00,1434.45,1007200,0
PFC.L,20120120,1482.00,1495.00,1427.00,1426.02,2982200,0
PFC.L,20120119,1535.00,1535.00,1504.00,1488.72,909200,0
PFC.L,20120118,1534.00,1537.00,1511.00,1501.54,1158700,0
PFC.L,20120117,1570.00,1570.00,1513.00,1514.37,1063600,0
PFC.L,20120116,1547.00,1572.00,1540.00,1527.19,777500,0
PFC.L,20120113,1568.00,1574.00,1528.00,1533.11,1099500,0
PFC.L,20120112,1525.00,1574.00,1525.00,1541.99,989300,0
PFC.L,20120111,1565.00,1574.00,1511.00,1511.41,1555300,0
PFC.L,20120110,1559.00,1582.97,1555.00,1548.90,919900,0
PFC.L,20120109,1543.00,1560.00,1534.00,1518.31,1372600,0
PFC.L,20120106,1489.00,1551.00,1484.00,1522.26,1864600,0
PFC.L,20120105,1485.00,1524.70,1480.00,1472.93,1388400,0
PFC.L,20120104,1458.00,1476.07,1448.00,1445.31,829100,0
PFC.L,20120103,1495.00,1499.00,1438.00,1439.39,1066200,0
PFC.L,20111230,1449.00,1461.38,1432.00,1421.63,338300,0
PFC.L,20111229,1422.00,1448.00,1416.30,1426.56,549400,0
PFC.L,20111228,1449.00,1449.00,1415.00,1395.98,548100,0
PFC.L,20111223,1439.00,1450.00,1432.00,1429.52,164600,0
PFC.L,20111222,1408.00,1447.00,1403.00,1409.79,897700,0
PFC.L,20111221,1448.00,1448.00,1396.00,1383.15,925700,0
PFC.L,20111220,1410.00,1437.00,1395.00,1415.71,1091200,0
PFC.L,20111219,1412.00,1437.13,1404.00,1390.06,603900,0
PFC.L,20111216,1436.00,1440.00,1417.00,1400.91,979200,0
PFC.L,20111215,1414.00,1446.00,1385.00,1401.90,1177600,0
PFC.L,20111214,1418.00,1438.00,1387.00,1384.14,1100200,0
PFC.L,20111213,1375.00,1479.00,1368.00,1423.60,1766900,0
PFC.L,20111212,1409.00,1420.00,1369.00,1354.54,745100,0
PFC.L,20111209,1388.00,1430.00,1388.00,1394.99,821200,0
PFC.L,20111208,1456.00,1466.00,1399.00,1381.18,1163100,0
PFC.L,20111207,1493.00,1500.00,1420.00,1425.58,995400,0
PFC.L,20111206,1461.00,1490.00,1452.00,1456.16,867600,0
PFC.L,20111205,1465.00,1497.05,1451.00,1459.12,1085300,0
PFC.L,20111202,1446.00,1472.13,1446.00,1436.43,748600,0
PFC.L,20111201,1449.00,1453.00,1424.00,1412.75,838900,0
PFC.L,20111130,1348.00,1467.00,1338.00,1429.52,1438600,0
PFC.L,20111129,1351.00,1368.00,1341.40,1347.64,643400,0
PFC.L,20111128,1313.00,1361.00,1308.00,1332.84,747300,0
PFC.L,20111125,1289.00,1308.00,1262.00,1281.54,577600,0
PFC.L,20111124,1276.00,1310.17,1266.30,1270.69,806200,0
PFC.L,20111123,1289.00,1308.69,1271.25,1255.89,1028900,0
PFC.L,20111122,1317.00,1317.00,1282.41,1293.38,1032500,0
PFC.L,20111121,1381.00,1381.00,1296.00,1286.47,1116700,0
PFC.L,20111118,1367.00,1408.00,1361.00,1373.29,1112200,0
PFC.L,20111117,1422.00,1413.85,1373.00,1362.44,985200,0
PFC.L,20111116,1387.00,1426.00,1381.00,1402.88,1231300,0
PFC.L,20111115,1398.00,1415.00,1367.00,1377.23,607800,0
PFC.L,20111114,1435.00,1439.25,1397.00,1382.17,1052500,0
PFC.L,20111111,1403.00,1433.05,1398.00,1410.78,454800,0
PFC.L,20111110,1366.00,1414.18,1358.00,1385.13,774600,0
PFC.L,20111109,1452.00,1469.49,1388.00,1378.22,724800,0
PFC.L,20111108,1413.00,1448.00,1405.00,1424.59,815700,0
PFC.L,20111107,1391.00,1415.00,1369.00,1378.22,445100,0
PFC.L,20111104,1417.00,1431.00,1391.00,1384.14,551300,0
PFC.L,20111103,1358.00,1419.00,1356.00,1390.06,766900,0
PFC.L,20111102,1380.00,1397.00,1358.00,1359.48,738000,0
PFC.L,20111101,1406.00,1422.00,1347.00,1339.75,1176900,0
PFC.L,20111031,1434.00,1445.00,1421.00,1416.70,1450300,0
PFC.L,20111028,1462.00,1468.00,1437.00,1430.51,846800,0
PFC.L,20111027,1440.00,1463.00,1426.00,1443.33,942800,0
PFC.L,20111026,1411.00,1428.00,1390.00,1390.06,603700,0
PFC.L,20111025,1391.00,1423.00,1389.00,1388.09,970500,0
PFC.L,20111024,1375.00,1400.00,1369.96,1377.23,869000,0
PFC.L,20111021,1325.00,1380.00,1309.00,1353.56,635800,0
PFC.L,20111020,1312.00,1347.00,1300.00,1295.35,1022500,0
PFC.L,20111019,1340.00,1374.00,1328.00,1314.09,1161200,0
PFC.L,20111018,1322.00,1345.00,1307.00,1305.22,514200,0
PFC.L,20111017,1374.00,1392.55,1318.00,1317.05,1163900,0
PFC.L,20111014,1321.00,1372.00,1313.00,1340.73,674000,0
PFC.L,20111013,1310.00,1333.00,1303.00,1294.36,578500,0
PFC.L,20111012,1281.00,1326.61,1267.00,1302.26,867000,0
PFC.L,20111011,1300.00,1305.00,1267.00,1262.79,1446800,0
PFC.L,20111010,1255.00,1306.00,1230.00,1280.55,846800,0
PFC.L,20111007,1228.00,1270.16,1222.00,1226.29,889400,0
PFC.L,20111006,1183.00,1224.00,1173.00,1204.59,1182200,0
PFC.L,20111005,1132.00,1177.00,1119.00,1154.27,1283000,0
PFC.L,20111004,1141.00,1156.00,1086.00,1093.11,1180500,0
PFC.L,20111003,1169.00,1179.00,1140.00,1149.34,1059100,0
PFC.L,20110930,1237.00,1238.00,1173.00,1181.90,1386300,0
PFC.L,20110929,1226.00,1255.00,1221.00,1227.28,1109400,0
PFC.L,20110928,1309.00,1310.00,1233.00,1216.43,760300,0
PFC.L,20110927,1265.00,1311.00,1252.75,1290.42,664400,0
PFC.L,20110926,1218.00,1250.29,1210.00,1212.48,1258600,0
PFC.L,20110923,1264.00,1272.59,1192.00,1231.22,1105800,0
PFC.L,20110922,1325.00,1335.00,1251.00,1279.57,1263100,0
PFC.L,20110921,1386.00,1396.00,1357.00,1346.65,636200,0
PFC.L,20110920,1376.00,1406.00,1376.00,1369.80,885900,0
PFC.L,20110919,1390.00,1401.00,1348.00,1332.59,966100,0
PFC.L,20110916,1415.00,1420.00,1373.00,1383.50,1277000,0
PFC.L,20110915,1360.00,1408.00,1340.00,1360.98,1705000,0
PFC.L,20110914,1305.00,1348.00,1305.00,1311.05,1034200,0
PFC.L,20110913,1337.00,1343.00,1295.00,1290.49,1280100,0
PFC.L,20110912,1336.00,1345.06,1302.00,1293.42,1336400,0
PFC.L,20110909,1363.00,1400.68,1360.00,1339.44,1088900,0
PFC.L,20110908,1375.00,1395.00,1355.00,1356.09,954400,0
PFC.L,20110907,1314.00,1375.00,1306.00,1345.32,1196600,0
PFC.L,20110906,1272.00,1308.00,1268.00,1254.26,1345500,0
PFC.L,20110905,1283.00,1294.00,1258.30,1252.30,980200,0
PFC.L,20110902,1341.00,1346.00,1294.00,1281.67,683000,0
PFC.L,20110901,1368.00,1374.00,1331.00,1322.80,1303700,0
PFC.L,20110831,1299.00,1377.00,1287.00,1338.46,2029900,0
PFC.L,20110830,1257.00,1300.00,1256.00,1270.90,750100,0
PFC.L,20110826,1190.00,1231.00,1180.20,1201.39,1343700,0
PFC.L,20110825,1247.00,1261.00,1185.00,1175.93,1822100,0
PFC.L,20110824,1207.00,1253.11,1186.00,1208.24,1277600,0
PFC.L,20110823,1225.00,1243.00,1178.00,1173.97,1237800,0
PFC.L,20110822,1165.00,1228.00,1150.00,1185.72,1509900,0
PFC.L,20110819,1136.00,1194.00,1098.98,1143.62,2331700,0
PFC.L,20110818,1165.00,1199.10,1108.00,1109.35,1766900,0
PFC.L,20110817,1200.00,1207.00,1162.00,1145.58,2790700,0
PFC.L,20110816,1232.00,1238.00,1199.00,1190.62,1100300,0
PFC.L,20110815,1230.00,1261.10,1226.00,1218.03,793000,0
PFC.L,20110812,1184.00,1234.00,1160.00,1200.41,911500,0
PFC.L,20110811,1175.00,1186.00,1151.00,1160.26,1081500,0
PFC.L,20110810,1183.00,1206.00,1119.00,1117.18,1501100,0
PFC.L,20110809,1105.00,1181.00,1045.00,1149.49,2384600,0
PFC.L,20110808,1182.00,1344.38,1110.00,1086.83,1275100,0
PFC.L,20110805,1196.00,1253.00,1159.00,1184.74,1754800,0
PFC.L,20110804,1346.00,1346.70,1239.00,1231.74,1348600,0
PFC.L,20110803,1341.00,1383.39,1328.38,1305.17,772500,0
PFC.L,20110802,1392.00,1406.00,1363.00,1335.53,527800,0
PFC.L,20110801,1415.00,1435.00,1398.00,1369.80,1116700,0
PFC.L,20110729,1412.00,1418.00,1391.00,1371.75,675300,0
PFC.L,20110728,1405.00,1431.00,1401.00,1394.27,526200,0
PFC.L,20110727,1459.00,1468.00,1126.00,1395.25,990400,0
PFC.L,20110726,1484.00,1486.00,1458.00,1439.31,532000,0
PFC.L,20110725,1476.00,1492.00,1470.00,1447.15,542000,0
PFC.L,20110722,1500.00,1511.00,1479.00,1454.98,508300,0
PFC.L,20110721,1497.00,1504.00,1471.00,1456.94,746300,0
PFC.L,20110720,1461.00,1492.00,1451.00,1457.92,796200,0
PFC.L,20110719,1434.00,1466.00,1421.94,1423.65,705700,0
PFC.L,20110718,1465.00,1465.00,1421.00,1396.23,981300,0
PFC.L,20110715,1440.00,1488.00,1438.00,1442.25,917300,0
PFC.L,20110714,1477.00,1485.00,1441.00,1414.84,1163400,0
PFC.L,20110713,1485.00,1510.00,1481.00,1470.65,791500,0
PFC.L,20110712,1470.00,1490.00,1430.00,1454.98,975200,0
PFC.L,20110711,1506.00,1514.50,1477.00,1454.00,462000,0
PFC.L,20110708,1543.00,1548.00,1500.00,1476.52,960300,0
PFC.L,20110707,1531.00,1551.00,1510.88,1508.83,1153500,0
PFC.L,20110706,1544.00,1544.00,1511.00,1490.23,568900,0
PFC.L,20110705,1551.00,1556.00,1524.00,1511.77,627000,0
PFC.L,20110704,1530.00,1560.00,1530.00,1516.66,640000,0
PFC.L,20110701,1519.00,1527.15,1506.00,1495.12,952100,0
PFC.L,20110630,1550.00,1550.00,1489.00,1482.39,1950900,0
PFC.L,20110629,1522.00,1550.00,1519.00,1512.75,1133000,0
PFC.L,20110628,1508.00,1517.00,1487.00,1479.95,1359700,0
PFC.L,20110627,1506.00,1517.10,1494.00,1468.69,671900,0
PFC.L,20110624,1531.00,1535.00,1503.00,1482.39,855900,0
PFC.L,20110623,1512.00,1530.00,1500.00,1473.58,1108700,0
PFC.L,20110622,1537.00,1550.00,1520.00,1488.27,598600,0
PFC.L,20110621,1499.00,1546.00,1494.00,1509.81,1241900,0
PFC.L,20110620,1483.00,1573.36,1473.00,1454.00,776300,0
PFC.L,20110617,1473.00,1513.00,1464.00,1468.69,1803100,0
PFC.L,20110616,1500.00,1514.00,1454.00,1450.08,2315100,0
PFC.L,20110615,1575.00,1579.00,1515.00,1483.37,1633100,0
PFC.L,20110614,1538.00,1585.67,1530.00,1538.21,1424900,0
PFC.L,20110613,1511.00,1535.00,1510.00,1498.06,1028200,0
PFC.L,20110610,1538.00,1552.75,1513.00,1481.42,611100,0
PFC.L,20110609,1526.00,1545.00,1525.00,1511.77,580700,0
PFC.L,20110608,1542.00,1548.00,1521.00,1495.12,960900,0
PFC.L,20110607,1554.00,1566.00,1536.00,1511.77,971500,0
PFC.L,20110606,1536.00,1572.00,1530.00,1529.39,1036800,0
PFC.L,20110603,1547.00,1564.00,1532.00,1507.85,600300,0
PFC.L,20110602,1562.00,1571.00,1542.00,1517.64,604900,0
PFC.L,20110601,1600.00,1609.86,1560.00,1540.16,1310100,0
PFC.L,20110531,1596.00,1606.00,1592.00,1569.54,1220100,0
PFC.L,20110527,1593.00,1604.00,1578.00,1554.85,811400,0
PFC.L,20110526,1554.00,1599.00,1554.00,1550.93,1283900,0
PFC.L,20110525,1510.00,1557.00,1504.00,1521.56,1185700,0
PFC.L,20110524,1519.00,1556.00,1519.00,1496.10,1017200,0
PFC.L,20110523,1523.00,1526.00,1504.00,1483.37,750700,0
PFC.L,20110520,1541.00,1580.00,1531.00,1509.81,1798500,0
PFC.L,20110519,1488.00,1544.00,1486.00,1496.10,1370400,0
PFC.L,20110518,1478.00,1485.00,1460.00,1440.29,782100,0
PFC.L,20110517,1465.00,1490.00,1465.00,1436.38,728300,0
PFC.L,20110516,1473.00,1480.00,1442.00,1444.21,854500,0
PFC.L,20110513,1461.00,1528.00,1447.00,1448.13,1215400,0
PFC.L,20110512,1470.00,1477.00,1443.00,1418.75,823200,0
PFC.L,20110511,1500.00,1507.00,1476.00,1453.02,652400,0
PFC.L,20110510,1468.00,1502.00,1468.00,1459.88,1337300,0
PFC.L,20110509,1447.00,1472.00,1447.00,1440.29,832800,0
PFC.L,20110506,1437.00,1462.00,1418.00,1428.54,1326900,0
PFC.L,20110505,1443.00,1472.00,1433.00,1404.06,1240500,0
PFC.L,20110504,1494.00,1496.00,1436.00,1414.84,1078000,0
PFC.L,20110503,1507.00,1513.00,1485.00,1468.69,610100,0
PFC.L,20110428,1509.00,1520.00,1500.00,1478.48,1164100,0
PFC.L,20110427,1515.00,1530.00,1499.00,1473.58,604400,0
PFC.L,20110426,1519.00,1519.00,1499.00,1478.48,571900,0
PFC.L,20110421,1516.00,1519.00,1499.00,1486.31,482600,0
PFC.L,20110420,1500.00,1520.00,1500.00,1476.52,874200,0
PFC.L,20110419,1492.00,1503.00,1480.00,1441.27,658400,0
PFC.L,20110418,1513.00,1516.00,1478.00,1424.96,718400,0
PFC.L,20110415,1510.00,1524.00,1497.00,1449.91,850600,0
PFC.L,20110414,1515.00,1524.00,1491.00,1445.11,990600,0
PFC.L,20110413,1531.00,1542.00,1510.00,1452.79,972500,0
PFC.L,20110412,1535.00,1538.00,1520.00,1465.26,1195100,0
PFC.L,20110411,1541.00,1547.00,1535.00,1478.69,933600,0
PFC.L,20110408,1539.00,1545.00,1531.00,1478.69,1192400,0
PFC.L,20110407,1532.00,1545.00,1530.00,1471.02,655100,0
PFC.L,20110406,1538.00,1546.00,1529.00,1473.90,1197800,0
PFC.L,20110405,1516.00,1542.00,1515.00,1475.82,606500,0
PFC.L,20110404,1513.00,1540.00,1500.00,1459.50,711900,0
PFC.L,20110401,1498.00,1517.00,1489.00,1454.71,805600,0
PFC.L,20110331,1455.00,1510.00,1454.00,1428.80,2495300,0
PFC.L,20110330,1432.00,1459.00,1428.00,1400.01,1072800,0
PFC.L,20110329,1425.00,1435.00,1403.00,1371.22,829500,0
PFC.L,20110328,1424.00,1434.00,1417.00,1369.30,596600,0
PFC.L,20110325,1409.00,1426.00,1406.00,1361.63,591400,0
PFC.L,20110324,1403.00,1413.00,1396.00,1348.19,976500,0
PFC.L,20110323,1384.00,1410.00,1381.00,1352.99,989700,0
PFC.L,20110322,1410.00,1412.00,1363.00,1330.92,1435400,0
PFC.L,20110321,1434.00,1455.00,1405.00,1352.99,743200,0
PFC.L,20110318,1403.00,1439.00,1403.00,1368.34,1642300,0
PFC.L,20110317,1362.00,1399.00,1360.00,1339.56,815800,0
PFC.L,20110316,1380.00,1390.00,1351.00,1301.17,1799600,0
PFC.L,20110315,1376.00,1383.00,1302.00,1326.12,2346900,0
PFC.L,20110314,1384.00,1413.00,1379.00,1341.48,1017300,0
PFC.L,20110311,1385.00,1396.00,1369.00,1334.76,1456300,0
PFC.L,20110310,1439.00,1439.00,1386.00,1335.72,1053500,0
PFC.L,20110309,1460.00,1462.00,1440.00,1385.62,832500,0
PFC.L,20110308,1468.00,1478.00,1446.00,1395.21,1198900,0
PFC.L,20110307,1465.00,1490.00,1449.00,1415.36,1578200,0
PFC.L,20110304,1444.00,1476.00,1426.00,1406.73,2235400,0
PFC.L,20110303,1410.00,1428.00,1402.00,1362.59,811900,0
PFC.L,20110302,1433.00,1436.00,1407.00,1358.75,133300,0
PFC.L,20110301,1402.00,1460.00,1396.00,1389.46,257300,0
PFC.L,20110228,1382.00,1399.00,1379.00,1336.68,46800,0
PFC.L,20110225,1400.00,1408.80,1373.00,1322.29,602300,0
PFC.L,20110224,1376.00,1391.00,1366.00,1326.12,81893500,0
PFC.L,20110223,1410.00,1415.00,1373.00,1323.24,2103400,0
PFC.L,20110222,1425.00,1433.00,1400.00,1364.51,1125800,0
PFC.L,20110221,1443.00,1450.00,1424.25,1369.30,1999800,0
PFC.L,20110218,1512.00,1512.00,1437.00,1385.62,2090300,0
PFC.L,20110217,1542.00,1542.00,1500.88,1451.83,680600,0
PFC.L,20110216,1558.00,1562.00,1522.00,1471.02,713500,0
PFC.L,20110215,1584.00,1584.00,1545.00,1487.33,1837800,0
PFC.L,20110214,1550.00,1595.00,1550.00,1512.28,1057800,0
PFC.L,20110211,1527.00,1547.00,1515.00,1474.86,715500,0
PFC.L,20110210,1538.00,1553.00,1511.00,1473.90,841400,0
PFC.L,20110209,1520.00,1561.00,1514.00,1475.82,859600,0
PFC.L,20110208,1545.00,1548.00,1510.00,1455.67,903300,0
PFC.L,20110207,1548.00,1562.00,1538.00,1487.33,748700,0
PFC.L,20110204,1571.00,1574.00,1546.00,1487.33,602600,0
PFC.L,20110203,1593.00,1604.00,1552.00,1502.68,1039500,0
PFC.L,20110202,1592.00,1613.00,1591.00,1528.59,1262600,0
PFC.L,20110201,1586.00,1628.00,1568.00,1542.99,1388500,0
PFC.L,20110131,1547.00,1573.00,1522.00,1502.68,891300,0
PFC.L,20110128,1603.00,1607.00,1551.00,1488.29,770000,0
PFC.L,20110127,1576.00,1619.00,1576.00,1546.82,797000,0
PFC.L,20110126,1554.00,1594.00,1551.00,1516.12,940000,0
PFC.L,20110125,1585.00,1590.00,1533.00,1472.94,1275400,0
PFC.L,20110124,1600.00,1611.00,1570.00,1516.12,800800,0
PFC.L,20110121,1593.00,1603.00,1567.00,1518.04,1453600,0
PFC.L,20110120,1628.00,1635.00,1588.00,1523.79,1190900,0
PFC.L,20110119,1694.00,1694.00,1616.00,1550.66,917700,0
PFC.L,20110118,1622.00,1687.00,1622.00,1616.87,1022400,0
PFC.L,20110117,1618.00,1634.00,1612.00,1552.58,368000,0
PFC.L,20110114,1637.00,1637.00,1604.00,1549.70,636300,0
PFC.L,20110113,1659.00,1659.00,1632.00,1570.81,575400,0
PFC.L,20110112,1684.00,1689.00,1644.00,1590.96,967300,0
PFC.L,20110111,1643.00,1697.00,1640.00,1616.87,966900,0
PFC.L,20110110,1599.00,1634.00,1599.00,1566.98,459500,0
PFC.L,20110107,1617.00,1636.00,1598.00,1542.99,1138400,0
PFC.L,20110106,1642.00,1645.00,1620.00,1559.30,859200,0
PFC.L,20110105,1614.00,1649.00,1609.00,1582.33,792800,0
PFC.L,20110104,1628.00,1665.00,1605.00,1556.42,1176800,0
PFC.L,20101231,1610.00,1611.00,1587.00,1522.84,216000,0
PFC.L,20101230,1582.00,1608.00,1579.00,1536.27,457200,0
PFC.L,20101229,1573.00,1590.00,1567.00,1519.96,332000,0
PFC.L,20101224,1581.00,1589.00,1569.00,1511.32,76100,0
PFC.L,20101223,1588.00,1590.00,1578.00,1518.04,256600,0
PFC.L,20101222,1555.00,1598.00,1550.00,1516.12,732500,0
PFC.L,20101221,1559.00,1567.00,1543.00,1493.09,493500,0
PFC.L,20101220,1523.00,1554.00,1515.00,1488.29,669500,0
PFC.L,20101217,1490.00,1513.00,1485.00,1451.83,1259000,0
PFC.L,20101216,1479.00,1501.00,1475.00,1429.76,754300,0
PFC.L,20101215,1475.00,1483.00,1450.00,1419.20,884700,0
PFC.L,20101214,1494.00,1496.00,1470.00,1417.28,968900,0
PFC.L,20101213,1446.00,1492.00,1446.00,1432.64,613400,0
PFC.L,20101210,1458.00,1461.00,1441.00,1384.66,612200,0
PFC.L,20101209,1492.00,1506.00,1452.00,1398.09,962200,0
PFC.L,20101208,1509.00,1525.00,1474.00,1431.43,1113600,0
PFC.L,20101207,1508.00,1537.00,1499.00,1462.36,878600,0
PFC.L,20101206,1501.00,1510.00,1493.00,1439.35,892100,0
PFC.L,20101203,1497.00,1504.00,1482.00,1439.35,1225500,0
PFC.L,20101202,1458.00,1502.00,1458.00,1430.72,1109200,0
PFC.L,20101201,1403.00,1455.00,1400.00,1393.29,1085800,0
PFC.L,20101130,1400.00,1414.00,1391.00,1334.76,1176600,0
PFC.L,20101129,1480.00,1483.00,1392.00,1335.72,1439400,0
PFC.L,20101126,1461.00,1488.00,1459.00,1417.28,858700,0
PFC.L,20101125,1453.00,1471.00,1443.00,1407.69,308600,0
PFC.L,20101124,1428.00,1455.00,1414.00,1391.37,783900,0
PFC.L,20101123,1452.00,1456.00,1427.00,1369.30,727500,0
PFC.L,20101122,1500.00,1500.00,1455.00,1400.97,442900,0
PFC.L,20101119,1505.00,1505.00,1467.00,1421.12,721500,0
PFC.L,20101118,1491.00,1507.00,1488.00,1439.35,818700,0
PFC.L,20101117,1485.00,1491.00,1477.00,1423.04,1205900,0
PFC.L,20101116,1522.00,1531.00,1483.00,1425.92,593100,0
PFC.L,20101115,1488.00,1533.00,1482.00,1467.18,686800,0
PFC.L,20101112,1503.00,1507.00,1467.00,1432.64,807300,0
PFC.L,20101111,1530.00,1540.00,1511.00,1457.58,787000,0
PFC.L,20101110,1540.00,1541.00,1515.00,1460.46,541000,0
PFC.L,20101109,1515.00,1545.00,1515.00,1477.74,454300,0
PFC.L,20101108,1536.00,1538.00,1517.00,1461.42,656000,0
PFC.L,20101105,1525.00,1537.00,1521.00,1470.06,724800,0
PFC.L,20101104,1488.00,1529.00,1485.00,1463.34,1486700,0
PFC.L,20101103,1491.00,1493.00,1475.00,1423.04,578300,0
PFC.L,20101102,1471.00,1485.00,1471.00,1419.20,682400,0
PFC.L,20101101,1482.00,1488.00,1464.00,1416.32,825000,0
PFC.L,20101029,1453.00,1466.00,1452.00,1403.85,1108200,0
PFC.L,20101028,1464.00,1473.00,1452.00,1400.01,792900,0
PFC.L,20101027,1457.00,1480.00,1451.00,1398.09,1181800,0
PFC.L,20101026,1467.00,1470.00,1452.00,1401.93,748800,0
PFC.L,20101025,1482.00,1483.00,1461.00,1406.73,1595600,0
PFC.L,20101022,1465.00,1479.00,1460.00,1410.57,799700,0
PFC.L,20101021,1473.00,1507.00,1473.00,1424.96,2043900,0
PFC.L,20101020,1453.00,1483.00,1453.00,1420.16,990200,0
PFC.L,20101019,1469.00,1477.00,1458.00,1405.77,1002800,0
PFC.L,20101018,1450.00,1477.00,1447.00,1409.61,1457800,0
PFC.L,20101015,1465.00,1465.00,1444.00,1396.17,1201200,0
PFC.L,20101014,1470.00,1487.00,1451.00,1401.93,1509800,0
PFC.L,20101013,1440.00,1492.00,1433.00,1414.40,1594300,0
PFC.L,20101012,1413.00,1415.00,1390.00,1356.83,1207300,0
PFC.L,20101011,1391.00,1434.00,1391.00,1370.26,933200,0
PFC.L,20101008,1412.00,1415.00,1388.00,1336.68,1190900,0
PFC.L,20101007,1428.00,1434.00,1405.00,1352.99,1071700,0
PFC.L,20101006,1406.00,1431.00,1398.00,1365.47,1001700,0
PFC.L,20101005,1386.00,1398.00,1375.00,1338.60,1010200,0
PFC.L,20101004,1393.00,1402.00,1383.00,1333.80,578300,0
PFC.L,20101001,1378.00,1394.00,1360.00,1335.72,1333200,0
PFC.L,20100930,1365.00,1395.00,1346.00,1317.49,1856000,0
PFC.L,20100929,1388.00,1399.00,1349.00,1311.73,1093900,0
PFC.L,20100928,1391.00,1395.00,1370.00,1331.88,966700,0
PFC.L,20100927,1409.00,1415.00,1385.00,1334.76,619500,0
PFC.L,20100924,1396.00,1415.00,1384.00,1353.95,693200,0
PFC.L,20100923,1376.00,1397.00,1371.00,1340.52,1226600,0
PFC.L,20100922,1406.00,1408.00,1366.00,1313.65,948700,0
PFC.L,20100921,1410.00,1420.00,1405.00,1337.83,1031600,0
PFC.L,20100920,1402.00,1410.00,1395.00,1336.88,652200,0
PFC.L,20100917,1403.00,1420.00,1382.00,1325.48,1646000,0
PFC.L,20100916,1389.00,1395.00,1372.00,1315.98,749000,0
PFC.L,20100915,1410.00,1415.00,1376.00,1315.98,982000,0
PFC.L,20100914,1373.00,1416.00,1372.00,1339.73,1521100,0
PFC.L,20100913,1389.00,1389.00,1368.00,1303.62,1095600,0
PFC.L,20100910,1385.00,1391.00,1368.00,1300.77,850700,0
PFC.L,20100909,1381.00,1396.00,1377.00,1316.93,1557100,0
PFC.L,20100908,1397.00,1404.00,1380.00,1318.83,1499100,0
PFC.L,20100907,1418.00,1420.00,1388.00,1334.98,649400,0
PFC.L,20100906,1438.00,1438.00,1414.00,1346.38,626100,0
PFC.L,20100903,1427.00,1442.00,1417.00,1358.73,780700,0
PFC.L,20100902,1413.00,1446.00,1389.00,1349.23,1944300,0
PFC.L,20100901,1419.00,1424.00,1387.00,1342.58,1238600,0
PFC.L,20100831,1359.00,1401.00,1359.00,1331.18,1154500,0
PFC.L,20100827,1358.00,1389.00,1358.00,1316.93,878700,0
PFC.L,20100826,1358.00,1382.00,1358.00,1301.72,1505200,0
PFC.L,20100825,1393.00,1398.00,1330.00,1287.47,1181500,0
PFC.L,20100824,1387.00,1415.00,1385.00,1322.63,1262000,0
PFC.L,20100823,1375.00,1428.00,1357.00,1339.73,1629300,0
PFC.L,20100820,1334.00,1365.00,1334.00,1294.12,793100,0
PFC.L,20100819,1354.00,1367.00,1337.00,1273.22,989600,0
PFC.L,20100818,1341.00,1357.00,1341.00,1282.72,591700,0
PFC.L,20100817,1305.00,1355.00,1296.00,1281.77,784700,0
PFC.L,20100816,1300.00,1308.00,1284.00,1238.06,480300,0
PFC.L,20100813,1274.00,1294.00,1260.00,1226.66,588400,0
PFC.L,20100812,1283.00,1288.00,1250.00,1208.61,794800,0
PFC.L,20100811,1305.00,1310.00,1265.00,1212.41,824000,0
PFC.L,20100810,1318.00,1323.00,1294.00,1245.66,1129500,0
PFC.L,20100809,1323.00,1336.00,1313.00,1252.32,537400,0
PFC.L,20100806,1330.00,1334.00,1294.00,1237.11,645200,0
PFC.L,20100805,1332.00,1336.00,1316.00,1254.22,829000,0
PFC.L,20100804,1292.00,1335.00,1281.00,1258.97,894600,0
PFC.L,20100803,1329.00,1329.00,1293.00,1234.26,734400,0
PFC.L,20100802,1261.00,1328.00,1257.00,1261.82,1809800,0
PFC.L,20100730,1260.00,1275.00,1241.00,1187.70,1206300,0
PFC.L,20100729,1285.00,1304.00,1273.00,1209.56,655300,0
PFC.L,20100728,1324.00,1335.00,1279.00,1222.86,1230200,0
PFC.L,20100727,1346.00,1352.00,1315.00,1254.22,780400,0
PFC.L,20100726,1371.00,1372.00,1339.00,1277.97,884500,0
PFC.L,20100723,1336.00,1355.00,1327.00,1285.57,1233900,0
PFC.L,20100722,1273.00,1335.00,1273.00,1266.57,881800,0
PFC.L,20100721,1268.00,1301.00,1268.00,1220.96,770700,0
PFC.L,20100720,1286.00,1286.00,1244.00,1199.11,941400,0
PFC.L,20100719,1275.00,1289.00,1260.00,1208.61,672900,0
PFC.L,20100716,1304.00,1317.00,1279.00,1217.16,1385000,0
PFC.L,20100715,1269.00,1296.00,1263.00,1228.56,1051800,0
PFC.L,20100714,1297.00,1308.00,1265.00,1209.56,813500,0
PFC.L,20100713,1267.00,1300.00,1255.00,1235.21,1287900,0
PFC.L,20100712,1246.00,1274.00,1223.00,1193.41,1119000,0
PFC.L,20100709,1256.00,1260.00,1235.00,1174.40,766300,0
PFC.L,20100708,1227.00,1251.00,1222.00,1183.90,1162600,0
PFC.L,20100707,1194.00,1209.00,1183.00,1148.75,1147100,0
PFC.L,20100706,1168.00,1203.00,1168.00,1134.50,734700,0
PFC.L,20100705,1177.00,1177.00,1162.00,1105.99,364200,0
PFC.L,20100702,1148.00,1180.00,1141.00,1113.59,874200,0
PFC.L,20100701,1173.00,1181.00,1134.00,1084.14,998700,0
PFC.L,20100630,1166.00,1192.00,1157.00,1126.89,1625200,0
PFC.L,20100629,1224.00,1224.00,1160.00,1102.19,826600,0
PFC.L,20100628,1231.00,1243.00,1217.00,1171.55,582100,0
PFC.L,20100625,1220.00,1239.00,1214.00,1159.20,774500,0
PFC.L,20100624,1266.00,1266.00,1217.00,1162.05,1001100,0
PFC.L,20100623,1251.00,1272.00,1242.00,1191.19,773100,0
PFC.L,20100622,1271.00,1274.00,1244.00,1193.41,949500,0
PFC.L,20100621,1277.00,1288.00,1267.00,1212.41,867500,0
PFC.L,20100618,1259.00,1267.00,1239.00,1180.10,1631500,0
PFC.L,20100617,1273.00,1275.00,1249.00,1191.51,1718800,0
PFC.L,20100616,1281.00,1290.00,1271.00,1222.86,1089300,0
PFC.L,20100615,1272.00,1286.00,1256.00,1211.46,1588600,0
PFC.L,20100614,1271.00,1289.00,1268.00,1222.86,1231100,0
PFC.L,20100611,1256.00,1269.00,1238.00,1199.11,987700,0
PFC.L,20100610,1220.00,1256.00,1215.00,1184.85,1488100,0
PFC.L,20100609,1187.00,1223.00,1181.00,1162.05,1612100,0
PFC.L,20100608,1199.00,1204.00,1162.00,1115.49,1065500,0
PFC.L,20100607,1161.00,1199.00,1161.00,1132.59,1384300,0
PFC.L,20100604,1200.00,1218.00,1188.00,1130.69,1551600,0
PFC.L,20100603,1150.00,1201.00,1150.00,1139.25,1305400,0
PFC.L,20100602,1137.00,1146.00,1126.00,1083.19,947400,0
PFC.L,20100601,1101.00,1167.00,1101.00,1095.54,1638000,0
PFC.L,20100528,1112.00,1134.00,1101.00,1069.88,1754800,0
PFC.L,20100527,1083.00,1112.00,1075.00,1049.93,1548500,0
PFC.L,20100526,1016.00,1080.00,1009.00,1018.58,4307900,0
PFC.L,20100525,1010.00,1018.00,989.00,952.06,1833400,0
PFC.L,20100524,1050.00,1057.00,1020.00,985.32,1163200,0
PFC.L,20100521,1018.00,1048.00,1007.00,991.02,3019100,0
PFC.L,20100520,1053.00,1091.00,1011.00,975.82,1390400,0
PFC.L,20100519,1104.00,1114.00,1050.00,998.62,1233300,0
PFC.L,20100518,1108.00,1127.00,1101.00,1068.93,1121400,0
PFC.L,20100517,1098.00,1114.00,1088.00,1038.53,1119400,0
PFC.L,20100514,1142.00,1144.00,1099.00,1048.03,1300800,0
PFC.L,20100513,1130.00,1150.00,1128.00,1088.89,847600,0
PFC.L,20100512,1094.00,1139.00,1079.00,1076.54,1626900,0
PFC.L,20100511,1096.00,1101.00,1073.00,1042.33,948500,0
PFC.L,20100510,1060.00,1104.00,1041.00,1044.23,1501200,0
PFC.L,20100507,1030.00,1062.00,987.00,972.02,2401700,0
PFC.L,20100506,1065.00,1103.00,1046.00,1021.43,1164800,0
PFC.L,20100505,1092.00,1108.00,1062.00,1020.48,1502800,0
PFC.L,20100504,1138.00,1152.00,1098.00,1045.18,1602400,0
PFC.L,20100430,1159.00,1171.00,1136.00,1080.34,1083900,0
PFC.L,20100429,1127.00,1162.00,1118.00,1099.34,830400,0
PFC.L,20100428,1143.00,1152.00,1114.00,1067.03,1600300,0
PFC.L,20100427,1196.00,1196.00,1144.00,1090.79,1828100,0
PFC.L,20100426,1175.00,1210.00,1171.00,1139.25,1120700,0
PFC.L,20100423,1170.00,1191.00,1163.00,1121.19,894000,0
PFC.L,20100422,1198.00,1205.00,1162.00,1105.04,1145600,0
PFC.L,20100421,1225.00,1233.00,1188.00,1133.55,1510900,0
PFC.L,20100420,1224.00,1237.00,1202.00,1147.70,1115800,0
PFC.L,20100419,1244.00,1244.00,1219.00,1143.98,600100,0
PFC.L,20100416,1251.00,1261.00,1242.00,1157.94,1104000,0
PFC.L,20100415,1223.00,1261.00,1223.00,1173.77,1132400,0
PFC.L,20100414,1220.00,1228.00,1207.00,1140.26,693300,0
PFC.L,20100413,1225.00,1226.00,1201.00,1124.43,905900,0
PFC.L,20100412,1237.00,1241.00,1217.00,1136.53,490000,0
PFC.L,20100409,1219.00,1241.00,1218.00,1147.70,681500,0
PFC.L,20100408,1211.00,1220.00,1194.00,1130.02,1103200,0
PFC.L,20100407,1271.00,1271.00,1210.00,1129.09,1396600,0
PFC.L,20100406,1214.00,1265.00,1198.00,1177.49,1346600,0
PFC.L,20100405,1286.00,1286.00,1286.00,1197.04,000,0
PFC.L,20100402,1206.00,1294.00,1202.00,1197.04,1851700,0
PFC.L,20100401,1222.00,1227.00,1197.00,1118.85,1777100,0
PFC.L,20100331,1260.00,1260.00,1223.00,1138.39,711700,0
PFC.L,20100330,1268.00,1276.00,1244.00,1170.04,1495800,0
PFC.L,20100329,1258.00,1266.00,1252.00,1176.56,710000,0
PFC.L,20100326,1254.00,1263.00,1246.00,1170.97,1065200,0
PFC.L,20100325,1227.00,1258.00,1226.00,1168.18,1192600,0
PFC.L,20100324,1180.00,1231.00,1180.00,1143.05,1081800,0
PFC.L,20100323,1173.00,1187.00,1165.00,1103.95,752000,0
PFC.L,20100322,1190.00,1208.00,1177.00,1103.02,1630500,0
PFC.L,20100319,1203.00,1221.00,1199.00,1119.78,869900,0
PFC.L,20100318,1204.00,1227.00,1204.00,1131.88,1373800,0
PFC.L,20100317,1215.00,1224.00,1198.00,1118.85,1201800,0
PFC.L,20100316,1232.00,1244.00,1207.00,1128.16,1568700,0
PFC.L,20100315,1207.00,1243.00,1189.00,1154.22,2091200,0
PFC.L,20100312,1163.00,1210.00,1158.00,1117.92,1843800,0
PFC.L,20100311,1134.00,1169.00,1125.00,1081.61,2326900,0
PFC.L,20100310,1121.00,1129.00,1106.00,1037.87,1146200,0
PFC.L,20100309,1080.00,1128.00,1052.00,1038.80,2627700,0
PFC.L,20100308,1083.00,1095.00,1052.00,997.84,1854800,0
PFC.L,20100305,1092.00,1108.00,1067.00,1010.87,1363000,0
PFC.L,20100304,1070.00,1098.00,1069.00,1019.25,698500,0
PFC.L,20100303,1067.00,1075.00,1060.00,1000.63,984400,0
PFC.L,20100302,1034.00,1065.00,1031.00,991.32,1041900,0
PFC.L,20100301,1006.00,1028.00,1003.00,955.95,2000500,0
PFC.L,20100226,1025.00,1027.00,996.50,930.82,1008000,0
PFC.L,20100225,1036.00,1038.00,1024.00,959.68,693700,0
PFC.L,20100224,1059.00,1065.00,1028.00,960.61,1020100,0
PFC.L,20100223,1044.00,1072.00,1043.00,984.81,847900,0
PFC.L,20100222,1023.00,1046.00,1022.00,973.64,1238700,0
PFC.L,20100219,1030.00,1036.00,1014.00,961.54,948900,0
PFC.L,20100218,1020.00,1034.00,1015.00,955.02,609200,0
PFC.L,20100217,997.00,1015.00,993.50,944.78,704100,0
PFC.L,20100216,993.50,998.00,983.00,921.98,672100,0
PFC.L,20100215,1019.00,1019.00,979.00,919.65,794800,0
PFC.L,20100212,994.00,1022.00,993.00,941.06,1149700,0
PFC.L,20100211,979.00,1011.00,975.00,921.51,1255900,0
PFC.L,20100210,955.00,989.50,952.00,906.87,995200,0
PFC.L,20100209,965.00,969.50,944.50,890.33,1192500,0
PFC.L,20100208,971.50,971.50,945.00,894.98,2075700,0
PFC.L,20100205,981.00,989.00,970.50,907.09,1377900,0
PFC.L,20100204,1003.00,1005.00,977.50,917.32,1065300,0
PFC.L,20100203,983.50,1005.00,976.00,933.61,1566100,0
PFC.L,20100201,961.00,984.50,956.50,915.93,1353700,0
PFC.L,20100129,960.00,966.50,947.00,898.24,1033900,0
PFC.L,20100128,972.50,976.00,952.00,886.14,995100,0
PFC.L,20100127,952.00,958.50,937.50,891.26,1002000,0
PFC.L,20100126,951.50,958.00,940.00,887.54,924300,0
PFC.L,20100125,943.50,961.50,936.50,889.87,921500,0
PFC.L,20100122,961.50,968.00,942.00,882.88,1108700,0
PFC.L,20100121,994.00,1002.00,962.50,897.78,1160000,0
PFC.L,20100120,1001.00,1014.00,985.50,919.65,977600,0
PFC.L,20100119,1003.00,1006.00,990.00,929.42,479700,0
PFC.L,20100118,1017.00,1017.00,1003.00,935.48,594400,0
PFC.L,20100115,1007.00,1021.00,998.00,939.20,1669900,0
PFC.L,20100114,1009.00,1009.00,993.00,932.68,743900,0
PFC.L,20100113,975.00,1008.00,973.50,936.41,1228300,0
PFC.L,20100112,992.50,992.50,959.50,915.00,2076600,0
PFC.L,20100111,992.00,1006.00,988.00,926.17,966900,0
PFC.L,20100108,997.50,997.50,973.50,915.93,1505900,0
PFC.L,20100107,1003.00,1010.00,993.00,926.17,1575500,0
PFC.L,20100106,1020.00,1022.00,992.50,935.48,1225600,0
PFC.L,20100105,1037.00,1044.00,1026.00,959.68,686100,0
PFC.L,20100104,1038.00,1054.00,1031.00,964.33,863500,0
PFC.L,20091231,1033.00,1043.00,1033.00,970.85,111900,0
PFC.L,20091230,1012.00,1034.00,1012.00,957.81,541800,0
PFC.L,20091229,1012.00,1012.00,1012.00,941.99,000,0
PFC.L,20091228,1012.00,1012.00,1012.00,941.99,000,0
PFC.L,20091225,1012.00,1012.00,1012.00,941.99,000,0
PFC.L,20091224,1011.00,1012.00,1004.00,941.99,95800,0
PFC.L,20091223,1004.00,1011.00,998.00,938.27,561300,0
PFC.L,20091222,980.50,1001.00,980.50,927.56,742600,0
PFC.L,20091221,976.50,986.50,969.00,913.14,828100,0
PFC.L,20091218,959.50,991.00,958.50,907.55,1324000,0
PFC.L,20091217,970.00,977.50,962.00,895.92,532600,0
PFC.L,20091216,973.00,988.00,962.50,910.81,952300,0
PFC.L,20091215,979.50,979.50,963.00,903.83,600400,0
PFC.L,20091214,969.50,981.00,960.00,907.55,643300,0
PFC.L,20091211,959.00,983.50,955.00,891.26,2106700,0
PFC.L,20091210,953.50,958.00,935.50,888.47,797500,0
PFC.L,20091209,952.50,963.00,944.50,884.28,1030700,0
PFC.L,20091208,977.00,982.00,956.00,895.45,899300,0
PFC.L,20091207,983.00,985.50,962.50,908.02,767800,0
PFC.L,20091204,980.00,996.50,980.00,914.07,952100,0
PFC.L,20091203,1014.00,1014.00,982.00,918.26,866800,0
PFC.L,20091202,1008.00,1014.00,992.50,933.61,622300,0
PFC.L,20091201,986.00,1006.00,974.50,926.17,1280100,0
PFC.L,20091130,971.50,981.00,955.50,905.69,1507100,0
PFC.L,20091127,931.00,977.00,900.00,901.03,1907000,0
PFC.L,20091126,985.00,985.00,949.00,886.61,772000,0
PFC.L,20091125,1010.00,1010.00,977.50,916.86,1262900,0
PFC.L,20091124,999.50,1002.00,982.00,921.51,1014100,0
PFC.L,20091123,1025.00,1025.00,998.50,929.42,1052000,0
PFC.L,20091120,1018.00,1029.00,999.00,941.06,1269700,0
PFC.L,20091119,1034.00,1038.00,1009.00,942.92,847800,0
PFC.L,20091118,1026.00,1035.00,1021.00,956.88,861700,0
PFC.L,20091117,1017.00,1027.00,1008.00,949.44,818600,0
PFC.L,20091116,1021.00,1035.00,1012.00,954.09,590500,0
PFC.L,20091113,1006.00,1013.00,992.50,937.34,683100,0
PFC.L,20091112,1000.00,1009.00,990.00,932.68,936800,0
PFC.L,20091111,998.50,1012.00,996.00,930.82,568200,0
PFC.L,20091110,1022.00,1026.00,986.00,924.77,843100,0
PFC.L,20091109,1008.00,1036.00,1005.00,947.58,784200,0
PFC.L,20091106,983.50,1002.00,978.50,923.37,967100,0
PFC.L,20091105,965.00,984.00,953.00,910.81,2127100,0
PFC.L,20091104,941.00,972.50,931.50,903.83,1508300,0
PFC.L,20091103,955.00,957.00,921.50,871.71,1116700,0
PFC.L,20091102,935.50,966.50,933.00,894.52,1448100,0
PFC.L,20091030,979.00,998.00,937.50,876.37,1271000,0
PFC.L,20091029,948.00,986.00,918.50,913.60,1256500,0
PFC.L,20091028,1016.00,1016.00,947.50,889.40,1433500,0
PFC.L,20091027,1017.00,1022.00,1008.00,941.99,663100,0
PFC.L,20091026,1037.00,1038.00,1007.00,941.06,911900,0
PFC.L,20091023,1044.00,1044.00,1026.00,955.95,981800,0
PFC.L,20091022,1048.00,1052.00,1021.00,958.75,1464000,0
PFC.L,20091021,1056.00,1078.00,1041.00,989.46,1664700,0
PFC.L,20091020,1048.00,1058.00,1031.00,978.29,1316800,0
PFC.L,20091019,1018.00,1041.00,1012.00,968.98,739200,0
PFC.L,20091016,1004.00,1023.00,1001.00,942.92,1184800,0
PFC.L,20091015,1027.00,1027.00,994.00,925.24,1164000,0
PFC.L,20091014,1004.00,1024.00,1003.00,951.30,985800,0
PFC.L,20091013,992.50,1002.00,985.00,923.37,969200,0
PFC.L,20091012,1004.00,1005.00,995.00,929.42,1351800,0
PFC.L,20091009,1010.00,1020.00,995.00,935.48,619500,0
PFC.L,20091008,993.50,1015.00,993.50,944.78,1141600,0
PFC.L,20091007,1005.00,1014.00,982.00,915.93,1161400,0
PFC.L,20091006,956.50,1000.00,951.00,927.56,1061700,0
PFC.L,20091005,932.00,954.00,927.50,888.00,1077600,0
PFC.L,20091002,962.00,962.00,927.00,867.06,1444600,0
PFC.L,20091001,989.50,1017.00,963.00,899.17,2393400,0
PFC.L,20090930,992.50,998.50,969.00,919.19,1698600,0
PFC.L,20090929,985.50,998.00,976.00,923.84,1203300,0
PFC.L,20090928,957.50,980.50,943.00,911.74,1235400,0
PFC.L,20090925,958.00,962.00,938.00,885.68,2910400,0
PFC.L,20090924,991.50,992.50,973.50,907.55,2616800,0
PFC.L,20090923,985.00,999.00,985.00,920.12,2193000,0
PFC.L,20090922,991.00,1010.00,989.50,915.97,1746000,0
PFC.L,20090921,992.00,1003.00,982.00,913.19,2569300,0
PFC.L,20090918,1014.00,1021.00,992.00,921.51,4325200,0
PFC.L,20090917,999.00,1019.00,991.50,942.32,3221100,0
PFC.L,20090916,960.50,991.00,959.00,916.43,2182300,0
PFC.L,20090915,941.50,956.50,937.00,884.06,2999700,0
PFC.L,20090914,937.00,941.00,925.00,866.49,1554600,0
PFC.L,20090911,948.50,955.00,942.00,874.35,2824500,0
PFC.L,20090910,950.00,958.00,940.00,877.59,1536600,0
PFC.L,20090909,931.00,949.50,927.00,877.59,1753600,0
PFC.L,20090908,912.00,932.00,901.00,861.87,1415000,0
PFC.L,20090907,920.50,920.50,892.50,837.82,1223400,0
PFC.L,20090904,887.50,912.50,885.00,839.67,1876000,0
PFC.L,20090903,879.50,889.50,873.50,817.94,1327900,0
PFC.L,20090902,871.50,883.00,862.00,811.47,1496700,0
PFC.L,20090901,882.50,899.00,866.50,808.23,2998300,0
PFC.L,20090831,879.56,879.56,879.56,813.37,000,0
PFC.L,20090828,874.00,899.50,866.00,813.37,9873200,0
PFC.L,20090827,865.50,882.00,849.00,804.53,2323100,0
PFC.L,20090826,895.50,908.00,872.00,806.84,2177600,0
PFC.L,20090825,889.50,911.00,882.00,838.75,1681800,0
PFC.L,20090824,950.00,950.00,882.50,838.29,2427200,0
PFC.L,20090821,890.50,921.00,888.00,844.76,245000,0
PFC.L,20090820,876.00,897.00,876.00,827.65,587500,0
PFC.L,20090819,870.50,878.00,859.50,801.76,493600,0
PFC.L,20090818,872.00,877.50,856.00,807.31,347500,0
PFC.L,20090817,887.50,893.50,861.00,815.63,786500,0
PFC.L,20090814,914.50,924.00,875.50,819.33,359000,0
PFC.L,20090813,865.00,914.50,852.50,837.16,1636200,0
PFC.L,20090812,830.00,842.50,816.00,772.63,318900,0
PFC.L,20090811,856.50,864.50,821.00,763.38,166000,0
PFC.L,20090810,825.00,854.00,822.50,787.89,164000,0
PFC.L,20090807,821.50,843.00,803.00,762.92,454500,0
PFC.L,20090806,819.50,843.00,804.00,762.46,244500,0
PFC.L,20090805,823.50,827.00,807.00,750.90,279300,0
PFC.L,20090804,841.00,848.00,810.00,761.53,420300,0
PFC.L,20090803,782.00,845.50,776.50,774.02,702400,0
PFC.L,20090731,750.50,755.50,737.50,694.03,654600,0
PFC.L,20090730,764.50,769.00,730.00,702.35,397000,0
PFC.L,20090729,767.50,770.00,755.50,702.81,503400,0
PFC.L,20090728,800.00,804.50,773.00,715.76,219500,0
PFC.L,20090727,812.00,813.00,794.00,738.88,194700,0
PFC.L,20090724,790.00,805.50,788.50,740.26,145000,0
PFC.L,20090723,773.50,794.50,773.50,734.71,265800,0
PFC.L,20090722,776.50,780.00,764.50,711.83,218600,0
PFC.L,20090721,764.00,784.00,762.00,715.76,263300,0
PFC.L,20090720,754.50,784.00,750.50,711.13,162600,0
PFC.L,20090717,739.00,755.00,737.50,694.03,319200,0
PFC.L,20090716,703.00,734.50,703.00,675.53,437900,0
PFC.L,20090715,683.50,698.00,681.50,633.37,497100,0
PFC.L,20090714,669.00,683.50,665.00,632.07,343100,0
PFC.L,20090713,644.50,663.50,640.00,613.11,156000,0
PFC.L,20090710,651.50,651.50,640.00,595.38,279800,0
PFC.L,20090709,645.00,658.50,633.50,603.00,833900,0
PFC.L,20090708,655.00,658.50,635.00,593.69,428700,0
PFC.L,20090707,661.50,668.50,658.00,610.34,387700,0
PFC.L,20090706,669.50,669.50,658.00,610.34,401200,0
PFC.L,20090703,685.00,685.00,666.00,617.27,166700,0
PFC.L,20090702,682.00,685.00,673.50,631.60,184800,0
PFC.L,20090701,669.00,684.50,664.00,628.37,193200,0
PFC.L,20090630,666.50,685.00,650.00,619.58,630500,0
PFC.L,20090629,650.50,661.00,646.00,608.95,409000,0
PFC.L,20090626,628.00,664.00,627.50,605.71,257200,0
PFC.L,20090625,601.00,626.50,600.00,578.89,392700,0
PFC.L,20090624,586.50,605.00,581.50,553.93,302300,0
PFC.L,20090623,589.00,595.50,580.00,539.13,309700,0
PFC.L,20090622,609.50,612.00,591.50,546.99,285100,0
PFC.L,20090619,610.50,626.00,600.00,566.87,1369200,0
PFC.L,20090618,616.50,620.00,602.00,566.41,139200,0
PFC.L,20090617,637.50,641.00,608.00,565.95,177700,0
PFC.L,20090616,645.50,652.50,633.00,593.23,266200,0
PFC.L,20090615,656.50,658.00,636.50,598.78,270200,0
PFC.L,20090612,657.00,668.00,657.00,614.03,481900,0
PFC.L,20090611,657.00,662.00,650.00,609.41,1086800,0
PFC.L,20090610,678.50,683.00,653.00,608.02,884900,0
PFC.L,20090609,679.00,680.00,657.50,615.42,323400,0
PFC.L,20090608,675.50,684.00,667.00,619.58,196000,0
PFC.L,20090605,680.00,691.50,676.00,629.29,822500,0
PFC.L,20090604,672.00,688.00,671.50,625.59,992500,0
PFC.L,20090603,691.50,691.50,670.50,623.28,206200,0
PFC.L,20090602,675.00,694.00,667.50,635.30,199400,0
PFC.L,20090601,670.00,680.50,665.00,625.59,429600,0
PFC.L,20090529,667.00,675.50,656.50,609.87,822400,0
PFC.L,20090528,656.00,665.00,650.50,608.49,130000,0
PFC.L,20090527,655.00,684.00,637.50,611.72,174000,0
PFC.L,20090526,633.00,655.00,623.00,604.32,178100,0
PFC.L,20090525,637.50,637.50,637.50,589.53,000,0
PFC.L,20090522,634.00,642.50,630.50,589.53,109900,0
PFC.L,20090521,640.00,643.00,624.50,588.14,316100,0
PFC.L,20090520,622.50,659.50,622.50,598.31,207600,0
PFC.L,20090519,611.00,630.00,603.50,577.51,222900,0
PFC.L,20090518,597.00,602.50,584.50,557.16,336100,0
PFC.L,20090515,595.50,611.50,590.00,556.70,486100,0
PFC.L,20090514,616.50,620.00,576.00,545.60,497800,0
PFC.L,20090513,658.00,663.00,622.50,581.21,286300,0
PFC.L,20090512,633.50,664.50,632.00,607.10,177800,0
PFC.L,20090511,641.00,654.00,634.00,591.84,259900,0
PFC.L,20090508,626.00,666.50,625.00,603.86,167800,0
PFC.L,20090507,602.50,649.50,602.50,577.04,843300,0
PFC.L,20090506,589.50,617.50,589.50,553.93,199300,0
PFC.L,20090505,583.50,597.00,577.00,548.38,354800,0
PFC.L,20090504,573.50,573.50,573.50,530.34,000,0
PFC.L,20090501,595.00,595.00,559.00,530.34,188700,0
PFC.L,20090430,586.50,594.50,568.50,531.27,445500,0
PFC.L,20090429,570.50,584.50,568.00,539.59,300100,0
PFC.L,20090428,570.00,576.50,552.00,520.63,103500,0
PFC.L,20090427,582.00,588.50,571.50,532.66,750600,0
PFC.L,20090424,592.50,603.50,581.50,543.75,574200,0
PFC.L,20090423,577.00,608.00,572.50,546.07,543900,0
PFC.L,20090422,555.00,581.50,552.00,533.58,525100,0
PFC.L,20090421,568.00,578.50,547.50,507.16,324000,0
PFC.L,20090420,594.00,599.00,564.00,515.30,101700,0
PFC.L,20090417,580.00,596.00,568.00,534.73,2211300,0
PFC.L,20090416,590.00,596.50,575.50,532.02,1373200,0
PFC.L,20090415,585.50,611.50,585.50,533.38,1377300,0
PFC.L,20090414,594.00,599.50,573.00,537.90,1844000,0
PFC.L,20090413,585.00,585.00,585.00,528.86,000,0
PFC.L,20090410,585.00,585.00,585.00,528.86,000,0
PFC.L,20090409,563.50,585.00,563.50,528.86,2051800,0
PFC.L,20090408,544.50,561.00,535.50,502.19,2566400,0
PFC.L,20090407,563.50,569.50,545.50,498.57,1739800,0
PFC.L,20090406,574.50,582.00,548.00,507.16,1414900,0
PFC.L,20090403,571.50,583.00,564.50,514.39,2595200,0
PFC.L,20090402,546.00,580.00,541.00,520.27,2050900,0
PFC.L,20090401,531.00,537.00,518.50,479.14,1541000,0
PFC.L,20090331,518.00,539.00,518.00,483.66,1329300,0
PFC.L,20090330,531.50,535.00,515.00,466.03,1687200,0
PFC.L,20090327,557.00,557.00,536.00,489.98,1282400,0
PFC.L,20090326,542.50,558.00,537.00,500.83,1484000,0
PFC.L,20090325,531.00,544.50,524.00,484.56,1978900,0
PFC.L,20090324,540.00,550.00,523.50,481.40,3218100,0
PFC.L,20090323,530.50,545.00,514.00,485.46,3438300,0
PFC.L,20090320,545.00,566.50,516.50,475.52,9129200,0
PFC.L,20090319,535.00,549.00,529.50,492.70,4269200,0
PFC.L,20090318,550.00,553.50,524.00,478.68,2730100,0
PFC.L,20090317,534.00,550.00,527.00,495.86,3569800,0
PFC.L,20090316,535.00,545.00,525.50,486.37,2967800,0
PFC.L,20090313,522.00,547.50,521.50,481.40,2945100,0
PFC.L,20090312,505.00,522.00,500.00,465.58,3542500,0
PFC.L,20090311,476.50,517.50,460.25,446.82,5815900,0
PFC.L,20090310,460.00,481.00,454.50,427.38,2354600,0
PFC.L,20090309,450.00,480.00,447.75,423.09,2846800,0
PFC.L,20090306,451.25,461.75,436.50,402.29,1876000,0
PFC.L,20090305,464.50,464.50,439.75,409.07,1674200,0
PFC.L,20090304,444.75,465.00,434.25,420.37,2162000,0
PFC.L,20090303,463.25,474.00,435.00,398.68,2047300,0
PFC.L,20090302,458.00,466.75,448.25,412.92,1685600,0
PFC.L,20090227,475.25,481.50,449.00,423.54,1474800,0
PFC.L,20090226,480.00,483.00,464.50,430.32,1822700,0
PFC.L,20090225,450.00,479.75,450.00,427.83,2437600,0
PFC.L,20090224,416.00,446.00,414.25,401.39,1555500,0
PFC.L,20090223,439.00,447.50,412.75,381.50,1229700,0
PFC.L,20090220,445.75,449.50,422.00,387.83,953600,0
PFC.L,20090219,444.00,458.75,437.25,406.59,1035400,0
PFC.L,20090218,450.75,452.50,421.00,396.42,2017100,0
PFC.L,20090217,467.75,467.75,448.50,409.07,1396400,0
PFC.L,20090216,481.50,491.00,465.00,428.96,593300,0
PFC.L,20090213,474.50,492.50,471.50,437.55,1429000,0
PFC.L,20090212,464.50,473.75,460.25,426.02,1843900,0
PFC.L,20090211,461.50,473.00,453.00,424.89,1139700,0
PFC.L,20090210,468.00,485.00,460.50,426.02,1547800,0
PFC.L,20090209,470.00,480.25,460.00,429.41,1328100,0
PFC.L,20090206,462.00,480.00,459.50,430.09,1308600,0
PFC.L,20090205,427.50,467.50,420.00,415.85,2371400,0
PFC.L,20090204,409.00,435.50,402.75,389.18,1529300,0
PFC.L,20090203,395.00,413.25,389.50,369.30,1233400,0
PFC.L,20090202,408.75,415.00,394.00,358.22,1322400,0
PFC.L,20090130,408.25,422.50,402.00,375.62,1573800,0
PFC.L,20090129,423.00,423.00,397.25,366.81,1673800,0
PFC.L,20090128,405.00,430.50,398.50,387.60,2331500,0
PFC.L,20090127,400.00,405.75,391.50,362.97,2220600,0
PFC.L,20090126,399.00,424.75,389.00,361.16,2840900,0
PFC.L,20090123,352.25,357.25,337.25,317.77,2002900,0
PFC.L,20090122,354.00,370.25,350.75,320.93,1540700,0
PFC.L,20090121,352.75,359.00,320.75,315.51,2525900,0
PFC.L,20090120,365.50,370.50,346.75,325.22,2130800,0
PFC.L,20090119,368.75,375.50,356.25,328.39,1383400,0
PFC.L,20090116,375.00,377.00,358.50,326.13,1836300,0
PFC.L,20090115,379.50,379.50,359.75,331.33,1850800,0
PFC.L,20090114,396.00,396.00,369.50,343.31,2530800,0
PFC.L,20090113,405.25,405.25,378.75,359.80,2593000,0
PFC.L,20090112,394.00,408.00,394.00,366.36,2187200,0
PFC.L,20090109,402.00,402.00,389.00,360.03,2300200,0
PFC.L,20090108,390.25,399.75,382.00,361.39,1307100,0
PFC.L,20090107,400.00,402.50,388.75,358.90,1645700,0
PFC.L,20090106,383.75,401.50,373.75,361.84,1834400,0
PFC.L,20090105,370.00,383.50,370.00,345.57,1713000,0
PFC.L,20090102,347.50,374.00,344.00,332.91,1024500,0
PFC.L,20090101,346.00,346.00,346.00,312.79,000,0
PFC.L,20081231,349.75,353.50,341.25,312.79,511400,0
PFC.L,20081230,330.25,354.00,330.25,311.21,1050700,0
PFC.L,20081229,341.25,352.00,330.00,305.79,783900,0
PFC.L,20081226,343.50,343.50,343.50,310.53,000,0
PFC.L,20081225,343.50,343.50,343.50,310.53,000,0
PFC.L,20081224,328.75,343.50,326.00,310.53,67500,0
PFC.L,20081223,329.75,344.50,323.75,301.72,1192800,0
PFC.L,20081222,316.00,344.25,316.00,303.08,1283500,0
PFC.L,20081219,338.25,343.25,315.50,298.33,9550800,0
PFC.L,20081218,328.25,371.00,328.25,308.27,3766800,0
PFC.L,20081217,328.50,337.75,314.75,298.56,2049000,0
PFC.L,20081216,320.00,336.75,312.75,290.65,1679400,0
PFC.L,20081215,339.75,342.50,306.00,286.58,1786100,0
PFC.L,20081212,321.25,342.50,311.75,303.30,1766700,0
PFC.L,20081211,315.00,341.00,314.00,300.82,1552700,0
PFC.L,20081210,301.25,321.00,298.25,288.16,2011600,0
PFC.L,20081209,301.50,327.25,285.50,268.72,4987000,0
PFC.L,20081208,302.75,310.75,294.75,273.92,1990600,0
PFC.L,20081205,310.75,312.00,285.00,261.49,1858300,0
PFC.L,20081204,322.75,326.00,305.25,284.09,2262400,0
PFC.L,20081203,325.25,345.25,302.00,290.65,2277500,0
PFC.L,20081202,291.25,340.00,281.50,292.23,2992900,0
PFC.L,20081201,337.50,341.75,286.00,270.76,2071100,0
PFC.L,20081128,339.25,346.75,333.75,306.01,1014000,0
PFC.L,20081127,340.75,358.25,325.00,304.43,1546000,0
PFC.L,20081126,337.25,348.00,316.75,304.21,2086300,0
PFC.L,20081125,341.00,364.25,326.25,310.31,1472200,0
PFC.L,20081124,314.75,340.75,314.25,306.47,1861200,0
PFC.L,20081121,325.75,338.75,303.00,276.41,2152000,0
PFC.L,20081120,334.25,334.25,307.25,293.36,2886000,0
PFC.L,20081119,360.75,361.75,336.25,306.69,2176500,0
PFC.L,20081118,369.00,369.00,335.75,324.55,2380900,0
PFC.L,20081117,360.75,382.50,352.50,331.55,2325500,0
PFC.L,20081114,383.00,389.50,354.00,325.00,1485200,0
PFC.L,20081113,337.00,376.00,330.25,332.68,2649900,0
PFC.L,20081112,372.75,378.00,339.50,309.63,2016000,0
PFC.L,20081111,397.75,397.75,364.25,331.55,1103300,0
PFC.L,20081110,384.50,413.75,383.75,362.52,2281000,0
PFC.L,20081107,401.00,415.25,371.25,342.63,2175800,0
PFC.L,20081106,416.25,430.25,400.50,362.29,2033300,0
PFC.L,20081105,445.00,445.00,418.00,383.08,1191900,0
PFC.L,20081104,423.00,450.00,421.00,402.29,3542600,0
PFC.L,20081103,430.00,442.50,414.25,382.86,1404300,0
PFC.L,20081031,418.50,437.75,407.75,388.28,2330200,0
PFC.L,20081030,378.00,430.50,377.75,379.69,5559400,0
PFC.L,20081029,363.00,381.75,361.50,334.72,4249500,0
PFC.L,20081028,351.75,361.75,338.00,312.57,1620100,0
PFC.L,20081027,355.50,357.50,334.50,308.05,2097200,0
PFC.L,20081024,375.25,396.00,331.25,337.43,2277100,0
PFC.L,20081023,387.25,398.00,359.00,355.96,2288600,0
PFC.L,20081022,404.50,410.50,386.00,352.80,2151300,0
PFC.L,20081021,431.50,466.50,405.00,376.30,2726400,0
PFC.L,20081020,400.25,429.75,377.50,387.15,2090800,0
PFC.L,20081017,400.00,413.75,360.00,355.51,2385500,0
PFC.L,20081016,424.75,437.00,377.00,352.57,1881000,0
PFC.L,20081015,478.50,480.75,428.00,397.77,3635000,0
PFC.L,20081014,470.75,506.00,466.50,431.45,1794300,0
PFC.L,20081013,440.00,525.00,429.50,414.72,2595600,0
PFC.L,20081010,358.50,457.25,358.50,381.50,2265600,0
PFC.L,20081009,432.50,473.00,425.00,414.05,1953200,0
PFC.L,20081008,465.25,465.25,414.00,383.31,2562300,0
PFC.L,20081007,512.00,525.50,478.75,434.39,1123000,0
PFC.L,20081006,549.00,549.00,490.00,456.54,2712700,0
PFC.L,20081003,582.00,582.00,533.50,506.71,2762300,0
PFC.L,20081002,609.50,623.50,576.00,524.79,3484500,0
PFC.L,20081001,590.50,611.00,575.50,544.23,2885400,0
PFC.L,20080930,547.50,588.50,534.00,527.05,2282800,0
PFC.L,20080929,581.50,584.00,551.50,500.38,1311100,0
PFC.L,20080926,586.00,592.00,573.50,530.21,1586700,0
PFC.L,20080925,601.50,602.50,577.50,536.99,1371200,0
PFC.L,20080924,593.50,602.50,575.00,541.51,2049300,0
PFC.L,20080923,600.50,613.50,583.50,533.75,1480800,0
PFC.L,20080922,601.50,615.00,591.00,544.97,1737900,0
PFC.L,20080919,557.00,609.00,555.00,538.69,2067000,0
PFC.L,20080918,556.00,582.50,551.50,507.71,2742900,0
PFC.L,20080917,564.50,580.50,544.50,494.69,3278400,0
PFC.L,20080916,560.00,572.00,542.00,498.28,3193000,0
PFC.L,20080915,589.50,592.50,568.00,512.20,3975700,0
PFC.L,20080912,593.00,610.50,579.50,544.07,2622400,0
PFC.L,20080911,583.00,596.00,572.50,522.53,2493700,0
PFC.L,20080910,558.00,590.00,558.00,522.53,2802200,0
PFC.L,20080909,590.50,595.00,551.00,504.57,4505200,0
PFC.L,20080908,604.00,612.50,592.00,535.54,539200,0
PFC.L,20080905,591.00,597.50,580.00,522.08,2087900,0
PFC.L,20080904,608.50,628.00,595.00,534.65,1664300,0
PFC.L,20080903,601.50,612.50,600.50,541.83,2406400,0
PFC.L,20080902,620.50,632.50,597.50,551.70,1964200,0
PFC.L,20080901,658.50,678.50,626.00,565.17,1951000,0
PFC.L,20080829,626.50,663.50,626.50,585.82,2344300,0
PFC.L,20080828,622.50,635.50,618.00,557.54,2864900,0
PFC.L,20080827,596.50,635.00,588.50,565.17,2282300,0
PFC.L,20080826,580.00,604.50,580.00,531.95,2859500,0
PFC.L,20080825,587.00,587.00,587.00,527.01,000,0
PFC.L,20080822,589.00,592.00,574.50,527.01,2071000,0
PFC.L,20080821,562.50,599.00,561.00,528.81,1386900,0
PFC.L,20080820,558.00,581.00,558.00,505.47,3030400,0
PFC.L,20080819,537.50,557.50,537.50,493.35,3160400,0
PFC.L,20080818,536.00,554.00,536.00,489.31,1278700,0
PFC.L,20080815,545.00,555.00,534.50,483.47,4107700,0
PFC.L,20080814,528.00,561.00,528.00,488.41,4400600,0
PFC.L,20080813,551.00,558.50,520.00,467.31,4667800,0
PFC.L,20080812,578.00,578.00,547.00,493.80,4160200,0
PFC.L,20080811,606.50,609.50,575.50,521.18,2412300,0
PFC.L,20080808,612.00,624.50,600.00,540.93,1087200,0
PFC.L,20080807,618.00,627.50,609.00,555.74,1901500,0
PFC.L,20080806,617.00,628.00,608.50,557.54,2158900,0
PFC.L,20080805,631.00,633.50,606.00,548.11,2136100,0
PFC.L,20080804,655.50,655.50,626.50,565.62,1397900,0
PFC.L,20080801,635.50,648.50,631.50,576.39,1410500,0
PFC.L,20080731,657.00,657.00,636.50,576.39,2395500,0
PFC.L,20080730,647.50,655.50,641.50,582.68,2149400,0
PFC.L,20080729,632.00,652.50,627.00,572.80,1441600,0
PFC.L,20080728,616.50,637.00,616.50,567.42,1257800,0
PFC.L,20080725,619.00,629.00,615.50,558.44,1577800,0
PFC.L,20080724,642.00,644.00,615.50,555.74,1464600,0
PFC.L,20080723,655.00,655.00,627.00,567.42,2210700,0
PFC.L,20080722,614.00,653.50,614.00,579.99,2529800,0
PFC.L,20080721,620.00,633.00,612.00,556.64,1652800,0
PFC.L,20080718,643.50,648.00,610.50,555.74,2651700,0
PFC.L,20080717,638.00,657.00,632.00,578.19,1699900,0
PFC.L,20080716,665.00,671.50,620.50,570.11,2973200,0
PFC.L,20080715,673.00,679.50,655.50,596.60,2710600,0
PFC.L,20080714,668.00,678.50,663.50,597.04,2010200,0
PFC.L,20080711,668.00,668.50,640.50,583.13,2525400,0
PFC.L,20080710,690.50,692.50,658.50,592.55,2344300,0
PFC.L,20080709,721.00,723.50,689.50,626.22,1296300,0
PFC.L,20080708,691.50,718.50,680.00,637.45,1957500,0
PFC.L,20080707,704.00,706.00,695.50,628.47,2222700,0
PFC.L,20080704,718.50,718.50,687.00,619.04,2255400,0
PFC.L,20080703,702.00,716.00,698.00,638.34,1846300,0
PFC.L,20080702,724.00,727.50,702.50,631.61,1400200,0
PFC.L,20080701,729.50,742.50,717.00,643.73,1517400,0
PFC.L,20080630,722.50,739.50,722.50,663.03,1874600,0
PFC.L,20080627,722.00,731.50,718.50,650.91,980200,0
PFC.L,20080626,715.00,736.50,715.00,646.42,2676400,0
PFC.L,20080625,723.50,742.00,719.50,650.01,2095100,0
PFC.L,20080624,735.00,745.00,715.00,652.26,3053100,0
PFC.L,20080623,719.50,740.00,719.50,662.14,2081500,0
PFC.L,20080620,697.50,742.50,697.50,651.81,8797700,0
PFC.L,20080619,694.00,721.00,686.50,633.85,2503700,0
PFC.L,20080618,682.00,693.50,676.50,617.69,1548500,0
PFC.L,20080617,669.00,687.00,668.50,609.61,2127300,0
PFC.L,20080616,651.50,662.50,650.50,591.66,2319300,0
PFC.L,20080613,659.00,662.00,647.00,587.17,1636400,0
PFC.L,20080612,660.00,668.00,648.00,590.76,2519900,0
PFC.L,20080611,698.50,698.50,655.50,588.96,1822500,0
PFC.L,20080610,698.00,700.00,675.00,620.84,1535400,0
PFC.L,20080609,651.00,714.00,651.00,628.47,2672400,0
PFC.L,20080606,637.50,648.00,634.00,572.80,887300,0
PFC.L,20080605,632.00,639.50,625.00,564.72,1306200,0
PFC.L,20080604,626.00,631.00,620.00,565.62,1126400,0
PFC.L,20080603,623.00,634.00,619.50,567.42,1061700,0
PFC.L,20080602,630.00,630.00,619.50,559.78,804000,0
PFC.L,20080530,633.00,635.00,620.00,561.58,801900,0
PFC.L,20080529,633.00,640.00,626.00,570.11,1106400,0
PFC.L,20080528,618.50,633.50,610.50,562.48,940400,0
PFC.L,20080527,626.00,632.00,616.50,556.64,1132300,0
PFC.L,20080526,620.50,620.50,620.50,557.09,000,0
PFC.L,20080523,632.00,640.00,620.00,557.09,801300,0
PFC.L,20080522,644.50,655.50,631.00,567.42,1326500,0
PFC.L,20080521,637.00,652.50,637.00,584.47,916800,0
PFC.L,20080520,651.00,664.50,623.00,570.56,1085800,0
PFC.L,20080519,652.00,668.00,643.50,583.13,1266000,0
PFC.L,20080516,640.00,662.00,640.00,587.17,2133000,0
PFC.L,20080515,613.50,632.00,610.00,564.27,1165300,0
PFC.L,20080514,608.00,622.00,604.00,547.66,848100,0
PFC.L,20080513,618.00,619.50,603.00,547.22,1125600,0
PFC.L,20080512,619.50,622.50,602.50,551.26,1173700,0
PFC.L,20080509,618.00,632.50,618.00,565.17,810600,0
PFC.L,20080508,622.00,632.50,616.50,559.34,1507500,0
PFC.L,20080507,635.00,649.00,626.50,565.62,1542100,0
PFC.L,20080506,625.00,637.50,619.50,572.35,1095100,0
PFC.L,20080505,615.50,615.50,615.50,552.60,000,0
PFC.L,20080502,604.50,624.50,604.50,552.60,1136700,0
PFC.L,20080501,599.00,608.00,586.00,540.03,505700,0
PFC.L,20080430,584.00,601.00,577.00,529.71,2126300,0
PFC.L,20080429,600.50,604.00,585.00,526.57,980400,0
PFC.L,20080428,605.00,607.50,585.50,531.05,1436700,0
PFC.L,20080425,605.00,606.00,590.50,538.69,886300,0
PFC.L,20080424,615.50,615.50,590.00,543.18,1350500,0
PFC.L,20080423,612.00,622.00,593.00,556.64,1321400,0
PFC.L,20080422,624.00,630.00,615.50,553.95,1400400,0
PFC.L,20080421,623.50,640.50,619.50,563.83,933900,0
PFC.L,20080418,632.00,632.00,610.00,561.13,1191100,0
PFC.L,20080417,646.00,650.00,622.00,562.03,2085700,0
PFC.L,20080416,640.50,647.00,626.50,579.99,1161200,0
PFC.L,20080415,624.00,646.00,613.50,572.61,1209900,0
PFC.L,20080414,626.00,626.00,607.00,549.48,2276500,0
PFC.L,20080411,588.00,640.00,588.00,562.38,3495600,0
PFC.L,20080410,573.00,594.00,569.00,522.34,1441000,0
PFC.L,20080409,570.00,581.50,570.00,508.10,1020200,0
PFC.L,20080408,574.00,587.00,566.50,504.99,2109200,0
PFC.L,20080407,579.50,590.00,573.50,516.11,1093300,0
PFC.L,20080404,565.50,583.00,565.50,510.77,1704600,0
PFC.L,20080403,591.50,597.50,561.50,504.54,1659300,0
PFC.L,20080402,573.00,591.00,562.50,520.56,1612500,0
PFC.L,20080401,562.00,580.00,559.00,510.33,1963900,0
PFC.L,20080331,549.00,567.00,547.00,499.20,1037300,0
PFC.L,20080328,540.50,557.00,536.00,493.86,1385900,0
PFC.L,20080327,561.50,567.00,535.00,483.19,2512600,0
PFC.L,20080326,561.50,575.00,554.50,497.87,2565800,0
PFC.L,20080325,526.50,574.00,515.50,502.76,5059500,0
PFC.L,20080324,516.50,516.50,516.50,459.60,000,0
PFC.L,20080321,516.50,516.50,516.50,459.60,000,0
PFC.L,20080320,520.50,523.50,499.50,459.60,2249600,0
PFC.L,20080319,523.50,529.00,514.00,464.50,2425900,0
PFC.L,20080318,528.50,533.00,515.00,464.05,1312700,0
PFC.L,20080317,528.00,541.00,523.00,467.17,1294900,0
PFC.L,20080314,560.50,565.00,531.50,476.96,2125200,0
PFC.L,20080313,559.00,575.00,553.50,501.87,1329200,0
PFC.L,20080312,543.50,571.50,537.50,507.21,2169200,0
PFC.L,20080311,530.00,541.50,514.00,476.07,4313700,0
PFC.L,20080310,563.00,563.00,520.00,469.39,2948900,0
PFC.L,20080307,567.50,579.50,562.50,503.65,1256500,0
PFC.L,20080306,570.00,583.50,570.00,511.22,891200,0
PFC.L,20080305,574.00,583.00,559.00,514.77,1613900,0
PFC.L,20080304,574.00,574.00,559.00,506.32,1625900,0
PFC.L,20080303,542.50,574.00,542.50,507.21,2011400,0
PFC.L,20080229,542.50,581.50,540.50,492.08,2035900,0
PFC.L,20080228,531.00,556.50,531.00,485.41,1298200,0
PFC.L,20080227,528.50,538.50,524.50,476.96,844800,0
PFC.L,20080226,526.00,533.00,519.00,471.62,1072200,0
PFC.L,20080225,514.00,524.00,506.00,463.61,658100,0
PFC.L,20080222,530.50,533.50,500.50,448.04,2000400,0
PFC.L,20080221,539.00,539.00,521.00,469.84,570300,0
PFC.L,20080220,530.50,542.00,527.00,472.51,1020800,0
PFC.L,20080219,530.50,543.50,521.00,481.41,1391500,0
PFC.L,20080218,525.00,544.50,525.00,480.07,411500,0
PFC.L,20080215,539.00,543.00,525.00,470.28,687700,0
PFC.L,20080214,520.00,548.50,515.00,484.08,1058000,0
PFC.L,20080213,522.00,523.50,510.00,460.05,1355700,0
PFC.L,20080212,511.00,529.50,511.00,470.28,1073800,0
PFC.L,20080211,500.00,517.50,500.00,453.38,545100,0
PFC.L,20080208,503.00,513.00,495.00,445.37,1021400,0
PFC.L,20080207,518.50,518.50,497.75,443.59,880500,0
PFC.L,20080206,534.00,542.50,508.50,458.71,1215500,0
PFC.L,20080205,535.00,554.00,535.00,482.30,1495900,0
PFC.L,20080204,538.50,550.00,535.50,484.08,720700,0
PFC.L,20080201,520.50,538.50,519.00,478.29,1015000,0
PFC.L,20080131,510.00,519.50,475.00,456.05,2043900,0
PFC.L,20080130,524.00,529.00,510.00,456.05,1447900,0
PFC.L,20080129,521.50,531.00,518.00,467.17,1202000,0
PFC.L,20080128,495.00,523.00,494.75,462.72,1086600,0
PFC.L,20080125,489.00,521.00,489.00,451.15,1955000,0
PFC.L,20080124,471.50,512.00,466.50,438.47,1958900,0
PFC.L,20080123,454.75,473.75,445.00,410.66,3163900,0
PFC.L,20080122,440.00,455.50,419.25,400.43,1492400,0
PFC.L,20080121,455.00,455.00,417.50,394.65,2182300,0
PFC.L,20080118,479.25,486.50,460.25,416.00,1758400,0
PFC.L,20080117,524.50,524.50,473.00,422.45,2537100,0
PFC.L,20080116,542.50,544.00,489.00,453.38,2418200,0
PFC.L,20080115,558.00,561.50,548.00,491.19,1279600,0
PFC.L,20080114,532.50,558.00,532.50,494.75,836100,0
PFC.L,20080111,527.50,541.00,516.50,474.29,1390600,0
PFC.L,20080110,558.50,558.50,527.50,469.39,1274200,0
PFC.L,20080109,545.50,555.00,536.00,489.41,1603800,0
PFC.L,20080108,555.50,557.50,530.00,489.41,2156700,0
PFC.L,20080107,586.00,590.00,556.00,501.87,1011300,0
PFC.L,20080104,568.00,597.00,568.00,517.00,1025000,0
PFC.L,20080103,557.00,575.00,557.00,507.21,843900,0
PFC.L,20080102,555.00,575.50,555.00,500.54,698000,0
PFC.L,20080101,550.00,550.00,550.00,489.41,000,0
PFC.L,20071231,555.00,557.50,544.50,489.41,105300,0
PFC.L,20071228,546.00,555.00,545.50,489.41,358900,0
PFC.L,20071227,555.50,568.50,549.00,493.42,604800,0
PFC.L,20071226,565.00,565.00,565.00,502.76,000,0
PFC.L,20071225,565.00,565.00,565.00,502.76,000,0
PFC.L,20071224,559.00,566.00,556.00,502.76,372400,0
PFC.L,20071221,532.50,566.50,531.50,494.75,1282800,0
PFC.L,20071220,524.00,535.00,521.00,472.95,574700,0
PFC.L,20071219,517.50,534.00,507.00,468.50,1182000,0
PFC.L,20071218,480.00,520.50,480.00,453.82,1456600,0
PFC.L,20071217,480.75,492.25,474.75,423.34,594300,0
PFC.L,20071214,484.00,492.75,481.00,435.13,906900,0
PFC.L,20071213,480.00,484.75,471.25,423.57,871800,0
PFC.L,20071212,483.75,492.50,480.00,431.57,626000,0
PFC.L,20071211,493.00,504.50,483.25,432.91,954100,0
PFC.L,20071210,510.00,510.50,494.00,442.92,899800,0
PFC.L,20071207,500.50,511.00,500.50,448.04,822600,0
PFC.L,20071206,503.00,508.50,496.50,445.81,1213600,0
PFC.L,20071205,501.00,503.50,486.50,446.70,620900,0
PFC.L,20071204,500.00,504.50,486.50,436.02,1017500,0
PFC.L,20071203,510.00,510.00,497.25,447.15,669700,0
PFC.L,20071130,493.00,509.00,493.00,447.15,891700,0
PFC.L,20071129,503.00,503.00,492.75,442.92,1103500,0
PFC.L,20071128,492.00,501.00,486.75,440.47,1367800,0
PFC.L,20071127,497.50,501.50,485.00,437.80,1488900,0
PFC.L,20071126,500.00,510.00,495.00,442.03,699000,0
PFC.L,20071123,490.25,501.50,490.25,444.92,1691500,0
PFC.L,20071122,504.50,504.50,483.00,442.25,308000,0
PFC.L,20071121,509.00,510.00,493.00,440.03,761600,0
PFC.L,20071120,502.00,519.50,489.25,456.49,938100,0
PFC.L,20071119,501.50,513.00,478.50,437.80,969600,0
PFC.L,20071116,513.50,513.50,502.00,451.15,906200,0
PFC.L,20071115,499.00,523.50,498.50,457.82,1646000,0
PFC.L,20071114,493.75,510.00,484.75,449.82,970200,0
PFC.L,20071113,500.00,500.00,483.00,439.36,973700,0
PFC.L,20071112,501.00,512.00,490.00,442.47,785300,0
PFC.L,20071109,498.50,512.50,498.00,452.93,847900,0
PFC.L,20071108,499.00,506.50,492.75,446.70,1111300,0
PFC.L,20071107,508.00,517.50,492.00,448.04,956500,0
PFC.L,20071106,510.00,517.50,505.50,454.27,992300,0
PFC.L,20071105,493.00,514.50,487.50,446.70,661600,0
PFC.L,20071102,496.25,509.50,493.75,444.25,827700,0
PFC.L,20071101,523.00,523.00,497.75,445.37,917900,0
PFC.L,20071031,512.00,524.00,512.00,458.27,1361200,0
PFC.L,20071030,515.00,531.00,509.00,455.60,848700,0
PFC.L,20071029,530.00,530.00,518.50,467.17,1031100,0
PFC.L,20071026,523.50,527.00,518.00,462.72,1238500,0
PFC.L,20071025,520.00,531.50,517.50,470.28,1225800,0
PFC.L,20071024,520.00,525.00,508.50,455.60,985500,0
PFC.L,20071023,529.50,532.00,520.00,464.05,633400,0
PFC.L,20071022,511.00,524.00,496.75,463.61,910900,0
PFC.L,20071019,524.00,537.00,520.00,465.39,880500,0
PFC.L,20071018,518.00,535.00,518.00,473.40,1090000,0
PFC.L,20071017,512.50,529.00,512.50,467.61,1416400,0
PFC.L,20071016,502.00,527.00,502.00,463.16,978300,0
PFC.L,20071015,502.00,516.00,495.50,453.82,1153800,0
PFC.L,20071012,496.25,505.50,491.00,446.70,893100,0
PFC.L,20071011,483.50,530.00,481.00,448.48,4045900,0
PFC.L,20071010,484.00,484.00,476.25,426.90,1183900,0
PFC.L,20071009,475.00,481.75,469.75,425.57,755000,0
PFC.L,20071008,485.00,485.00,469.75,418.23,1679900,0
PFC.L,20071005,485.00,485.00,472.50,428.24,703400,0
PFC.L,20071004,480.00,494.00,470.25,422.68,933700,0
PFC.L,20071003,464.50,475.00,464.00,420.67,1169400,0
PFC.L,20071002,470.00,478.50,466.50,418.45,1309500,0
PFC.L,20071001,466.00,476.50,462.00,420.01,1832500,0
PFC.L,20070928,449.25,462.50,447.75,408.88,2938500,0
PFC.L,20070927,475.00,477.00,448.25,406.21,2095500,0
PFC.L,20070926,472.00,480.00,457.75,407.55,972000,0
PFC.L,20070925,480.00,480.50,459.00,413.20,1752500,0
PFC.L,20070924,484.00,484.00,473.50,419.58,424000,0
PFC.L,20070921,471.00,481.50,468.75,420.46,1087700,0
PFC.L,20070920,465.00,497.00,465.00,420.90,1158700,0
PFC.L,20070919,463.25,485.00,459.00,423.77,4776400,0
PFC.L,20070918,459.50,460.50,450.00,397.57,1103400,0
PFC.L,20070917,461.25,463.25,448.00,404.83,921900,0
PFC.L,20070914,454.75,462.75,447.25,402.41,985100,0
PFC.L,20070913,439.75,463.75,439.75,406.82,3359900,0
PFC.L,20070912,439.25,445.00,430.50,390.78,3236600,0
PFC.L,20070911,440.00,450.00,438.25,392.73,3626600,0
PFC.L,20070910,453.00,463.00,441.00,389.86,942700,0
PFC.L,20070907,456.25,466.00,454.00,399.77,1596700,0
PFC.L,20070906,470.25,470.25,440.00,396.25,3215000,0
PFC.L,20070905,454.25,466.00,454.25,407.70,1103800,0
PFC.L,20070904,470.00,470.00,455.00,406.15,1247700,0
PFC.L,20070903,462.75,470.75,458.00,414.52,1058100,0
PFC.L,20070831,445.00,470.00,443.75,407.48,2041500,0
PFC.L,20070830,426.00,444.50,422.75,391.19,1469800,0
PFC.L,20070829,407.75,425.00,407.75,372.69,2759400,0
PFC.L,20070828,431.50,437.50,412.50,364.33,2150100,0
PFC.L,20070827,426.50,426.50,426.50,375.56,000,0
PFC.L,20070824,420.00,428.50,418.00,375.56,1000500,0
PFC.L,20070823,418.00,422.00,410.25,366.53,2095800,0
PFC.L,20070822,410.00,412.75,403.00,361.03,3621700,0
PFC.L,20070821,415.00,415.00,400.25,354.64,1374100,0
PFC.L,20070820,425.00,425.00,416.25,367.85,818400,0
PFC.L,20070817,399.75,420.75,395.25,368.51,1896600,0
PFC.L,20070816,410.50,420.00,386.50,342.09,1122800,0
PFC.L,20070815,415.50,424.25,412.50,368.07,943400,0
PFC.L,20070814,421.50,434.00,412.25,375.34,1512400,0
PFC.L,20070813,423.00,427.25,417.00,367.63,1340500,0
PFC.L,20070810,415.00,418.00,378.25,361.03,5078900,0
PFC.L,20070809,440.00,440.00,405.00,369.17,5361900,0
PFC.L,20070808,440.00,444.00,432.75,383.48,3016800,0
PFC.L,20070807,444.25,446.50,430.50,387.44,1171400,0
PFC.L,20070806,441.50,448.25,433.50,383.48,1302600,0
PFC.L,20070803,452.25,456.00,441.00,394.49,838500,0
PFC.L,20070802,446.00,463.50,442.00,398.23,2122700,0
PFC.L,20070801,432.50,447.50,423.00,394.05,958600,0
PFC.L,20070731,424.00,438.75,423.00,385.68,2311800,0
PFC.L,20070730,415.00,433.00,415.00,374.23,3145800,0
PFC.L,20070727,421.00,432.25,409.75,363.23,4359900,0
PFC.L,20070726,450.00,453.50,426.50,379.74,2782200,0
PFC.L,20070725,457.00,468.75,447.00,395.37,1501200,0
PFC.L,20070724,478.00,482.00,463.75,408.80,1358000,0
PFC.L,20070723,474.00,486.75,474.00,418.70,1178400,0
PFC.L,20070720,486.50,490.00,476.00,422.00,1430600,0
PFC.L,20070719,475.50,490.00,474.00,426.63,1776900,0
PFC.L,20070718,469.75,475.50,462.00,412.76,1404900,0
PFC.L,20070717,472.00,478.00,461.50,414.52,1944600,0
PFC.L,20070716,477.00,481.75,472.50,421.12,1301400,0
PFC.L,20070713,480.00,481.75,475.75,421.56,1117700,0
PFC.L,20070712,456.50,476.50,455.50,414.30,2736500,0
PFC.L,20070711,450.75,461.00,445.25,401.97,2733200,0
PFC.L,20070710,460.00,460.00,451.00,397.35,657300,0
PFC.L,20070709,451.25,459.75,451.25,403.95,730400,0
PFC.L,20070706,460.00,463.50,452.25,400.65,2432400,0
PFC.L,20070705,472.00,477.25,460.00,406.15,2719500,0
PFC.L,20070704,453.75,477.50,451.50,418.26,2202300,0
PFC.L,20070703,459.75,460.00,451.75,402.85,1489700,0
PFC.L,20070702,443.00,457.00,443.00,401.53,1320700,0
PFC.L,20070629,453.00,453.00,443.00,395.37,2144300,0
PFC.L,20070628,447.50,447.50,444.25,392.73,1760000,0
PFC.L,20070627,439.00,448.50,439.00,388.32,2180900,0
PFC.L,20070626,443.25,450.50,439.00,389.64,2342000,0
PFC.L,20070625,459.00,460.50,446.25,394.05,2371300,0
PFC.L,20070622,443.25,461.00,442.25,402.85,4067300,0
PFC.L,20070621,440.00,447.50,428.75,387.22,5716100,0
PFC.L,20070620,452.75,452.75,442.50,389.64,1335900,0
PFC.L,20070619,453.00,458.75,446.50,393.39,665800,0
PFC.L,20070618,456.00,463.75,453.00,401.31,739000,0
PFC.L,20070615,458.00,461.75,449.25,403.51,2976100,0
PFC.L,20070614,460.50,460.50,447.75,398.01,1760900,0
PFC.L,20070613,447.00,457.00,447.00,398.01,1805900,0
PFC.L,20070612,457.50,465.00,451.25,399.33,986900,0
PFC.L,20070611,464.75,465.00,454.00,403.73,1303000,0
PFC.L,20070608,465.50,475.25,448.00,407.26,2047700,0
PFC.L,20070607,476.50,486.00,468.50,412.54,1087900,0
PFC.L,20070606,490.00,490.00,475.50,421.12,839800,0
PFC.L,20070605,495.00,495.00,483.50,430.59,1148600,0
PFC.L,20070604,492.50,497.75,491.75,435.21,1151400,0
PFC.L,20070601,476.75,476.75,476.75,419.80,000,0
PFC.L,20070531,481.75,483.25,476.25,419.80,668300,0
PFC.L,20070530,472.00,480.00,470.00,418.04,611800,0
PFC.L,20070529,478.00,490.00,472.50,422.00,2608100,0
PFC.L,20070528,473.25,473.25,473.25,416.72,000,0
PFC.L,20070525,474.00,478.00,466.25,416.72,961300,0
PFC.L,20070524,467.00,480.00,467.00,419.80,1804900,0
PFC.L,20070523,462.00,474.00,457.50,415.84,1032500,0
PFC.L,20070522,456.00,466.50,456.00,404.83,589500,0
PFC.L,20070521,461.75,465.50,458.00,405.27,1009400,0
PFC.L,20070518,448.25,462.00,448.25,406.59,798600,0
PFC.L,20070517,452.50,457.25,435.25,397.79,1331800,0
PFC.L,20070516,451.25,460.00,451.25,401.31,627000,0
PFC.L,20070515,453.25,463.75,451.25,403.29,833500,0
PFC.L,20070514,459.00,459.00,449.75,400.65,709400,0
PFC.L,20070511,450.00,459.75,449.00,401.97,1091000,0
PFC.L,20070510,448.75,458.00,445.00,402.41,1230700,0
PFC.L,20070509,459.75,459.75,447.75,397.35,1232800,0
PFC.L,20070508,453.00,459.50,450.25,399.33,976900,0
PFC.L,20070507,458.25,458.25,458.25,403.51,000,0
PFC.L,20070504,454.00,462.75,451.50,403.51,534500,0
PFC.L,20070503,461.75,463.00,450.50,403.29,1762300,0
PFC.L,20070502,446.00,464.25,440.25,407.92,1341500,0
PFC.L,20070501,446.00,449.50,440.00,394.49,859900,0
PFC.L,20070430,449.75,454.75,445.25,392.07,1348700,0
PFC.L,20070427,459.25,459.25,446.25,396.25,2949600,0
PFC.L,20070426,470.00,470.00,454.00,405.49,3019400,0
PFC.L,20070425,467.00,475.00,466.25,411.88,2400200,0
PFC.L,20070424,460.00,475.00,456.00,416.06,3419200,0
PFC.L,20070423,453.25,461.50,452.00,405.05,1985300,0
PFC.L,20070420,450.00,458.75,445.50,400.65,1910000,0
PFC.L,20070419,440.00,448.75,440.00,391.85,1337400,0
PFC.L,20070418,445.00,452.75,440.25,393.39,1486900,0
PFC.L,20070417,445.00,448.00,434.75,387.94,1920600,0
PFC.L,20070416,443.50,443.50,437.50,381.87,3523900,0
PFC.L,20070413,432.00,442.00,432.00,379.70,973300,0
PFC.L,20070412,433.00,438.00,431.25,377.53,1064000,0
PFC.L,20070411,442.00,442.00,435.00,379.70,1339900,0
PFC.L,20070410,461.25,461.25,436.25,379.92,1819200,0
PFC.L,20070409,456.00,456.00,456.00,395.76,000,0
PFC.L,20070406,456.00,456.00,456.00,395.76,000,0
PFC.L,20070405,461.00,464.75,455.00,395.76,1703400,0
PFC.L,20070404,449.00,461.00,448.00,399.66,2306200,0
PFC.L,20070403,443.50,449.75,434.75,388.38,631500,0
PFC.L,20070402,443.50,447.25,435.75,386.21,1153200,0
PFC.L,20070330,436.75,446.50,433.50,382.09,3155200,0
PFC.L,20070329,425.25,436.50,425.25,378.18,1789000,0
PFC.L,20070328,418.00,428.00,418.00,370.37,2887100,0
PFC.L,20070327,425.00,425.00,416.25,366.25,1808400,0
PFC.L,20070326,426.00,428.00,420.50,367.12,855900,0
PFC.L,20070323,420.00,429.75,417.75,367.77,1078800,0
PFC.L,20070322,417.75,420.00,410.00,364.08,1757000,0
PFC.L,20070321,415.00,416.50,410.00,360.17,4243200,0
PFC.L,20070320,417.00,419.50,413.50,360.17,3040500,0
PFC.L,20070319,406.00,419.00,406.00,360.17,2974700,0
PFC.L,20070316,404.00,404.00,395.00,349.11,2370200,0
PFC.L,20070315,402.00,403.75,395.00,348.02,1094200,0
PFC.L,20070314,390.00,401.75,390.00,344.12,2483500,0
PFC.L,20070313,394.00,401.75,393.75,347.15,1515500,0
PFC.L,20070312,398.00,398.00,388.00,340.86,1437700,0
PFC.L,20070309,388.50,397.75,388.00,344.55,400800,0
PFC.L,20070308,395.75,397.75,388.00,339.56,1673700,0
PFC.L,20070307,389.50,395.00,385.00,341.95,1674400,0
PFC.L,20070306,376.75,389.75,365.00,332.62,1374300,0
PFC.L,20070305,368.00,378.00,361.50,321.99,2648500,0
PFC.L,20070302,380.75,383.75,374.00,328.71,1550600,0
PFC.L,20070301,385.00,397.50,375.00,331.53,2194400,0
PFC.L,20070228,372.00,395.25,370.00,335.00,2043700,0
PFC.L,20070227,403.00,403.25,384.00,334.57,1785800,0
PFC.L,20070226,413.00,414.00,404.00,354.53,636500,0
PFC.L,20070223,405.00,412.50,401.50,355.18,961500,0
PFC.L,20070222,401.00,408.75,401.00,349.76,850700,0
PFC.L,20070221,412.25,412.50,394.25,347.59,2419700,0
PFC.L,20070220,399.00,414.50,399.00,351.93,2356900,0
PFC.L,20070219,395.25,400.00,395.00,347.15,400100,0
PFC.L,20070216,398.50,401.00,395.25,345.42,680600,0
PFC.L,20070215,398.75,402.50,396.25,347.15,5732000,0
PFC.L,20070214,399.75,400.00,395.25,345.85,553000,0
PFC.L,20070213,396.75,399.50,391.25,343.90,450800,0
PFC.L,20070212,393.50,400.00,391.00,346.50,628700,0
PFC.L,20070209,397.25,399.00,393.50,346.29,564500,0
PFC.L,20070208,394.75,397.50,393.00,343.03,417700,0
PFC.L,20070207,393.00,399.00,393.00,344.55,3742700,0
PFC.L,20070206,400.00,400.00,390.50,342.81,1368300,0
PFC.L,20070205,385.00,399.75,385.00,345.42,484900,0
PFC.L,20070202,389.75,394.75,385.75,338.48,856300,0
PFC.L,20070201,390.50,394.75,383.50,337.61,1524300,0
PFC.L,20070131,388.75,397.25,383.00,332.62,4025000,0
PFC.L,20070130,384.50,392.00,382.00,336.52,2257900,0
PFC.L,20070129,386.75,388.25,378.25,328.93,821000,0
PFC.L,20070126,387.25,391.00,384.75,339.34,9485100,0
PFC.L,20070125,395.00,395.00,389.25,341.51,1753100,0
PFC.L,20070124,391.75,395.00,385.50,339.99,5263900,0
PFC.L,20070123,379.00,388.75,377.00,333.92,6282100,0
PFC.L,20070122,370.50,381.00,368.00,325.46,1467000,0
PFC.L,20070119,372.50,375.25,367.25,324.59,2440600,0
PFC.L,20070118,379.00,382.00,374.25,328.49,986600,0
PFC.L,20070117,370.00,375.00,369.25,323.29,1555300,0
PFC.L,20070116,385.25,385.25,370.00,321.12,640700,0
PFC.L,20070115,382.00,388.25,380.75,336.96,1491200,0
PFC.L,20070112,378.00,380.00,372.00,327.19,604600,0
PFC.L,20070111,376.00,381.00,368.00,329.80,813000,0
PFC.L,20070110,366.00,375.25,366.00,323.50,872200,0
PFC.L,20070109,380.00,380.00,367.75,320.90,1640700,0
PFC.L,20070108,380.00,383.75,374.75,325.24,1743000,0
PFC.L,20070105,383.00,383.00,374.50,327.63,5227200,0
PFC.L,20070104,394.00,394.50,380.00,331.10,3208500,0
PFC.L,20070103,400.75,406.00,395.25,343.90,2453200,0
PFC.L,20070102,402.50,405.75,397.00,346.94,378700,0
PFC.L,20070101,402.75,402.75,402.75,349.54,000,0
PFC.L,20061229,402.00,403.00,396.00,349.54,225300,0
PFC.L,20061228,399.75,400.00,395.00,344.55,355500,0
PFC.L,20061227,402.00,402.00,394.00,346.07,169800,0
PFC.L,20061226,398.75,398.75,398.75,346.07,000,0
PFC.L,20061225,398.75,398.75,398.75,346.07,000,0
PFC.L,20061222,393.00,398.75,388.00,346.07,395300,0
PFC.L,20061221,391.00,392.75,391.00,339.99,589900,0
PFC.L,20061220,400.00,400.00,392.50,342.38,848600,0
PFC.L,20061219,400.00,400.00,393.50,344.98,4037900,0
PFC.L,20061218,380.50,399.25,380.50,343.47,3811400,0
PFC.L,20061215,379.00,381.50,375.25,327.84,2404600,0
PFC.L,20061214,380.00,380.00,375.25,327.63,3973100,0
PFC.L,20061213,374.25,380.00,373.25,325.67,2460000,0
PFC.L,20061212,378.00,378.00,372.00,325.46,2651300,0
PFC.L,20061211,367.25,377.75,365.75,325.67,1477500,0
PFC.L,20061208,366.25,369.00,364.00,317.65,3579300,0
PFC.L,20061207,360.00,369.75,359.75,318.73,3206000,0
PFC.L,20061206,360.00,362.00,358.25,312.87,2428500,0
PFC.L,20061205,362.00,362.00,358.75,311.79,1945900,0
PFC.L,20061204,355.25,361.50,355.00,312.44,1625800,0
PFC.L,20061201,361.50,361.50,355.00,312.66,990500,0
PFC.L,20061130,362.00,367.00,357.00,311.57,2143700,0
PFC.L,20061129,355.00,359.50,350.25,312.00,1500200,0
PFC.L,20061128,350.00,356.50,348.25,302.68,1408500,0
PFC.L,20061127,360.50,364.00,350.50,305.28,1751300,0
PFC.L,20061124,365.50,366.75,358.25,314.61,434200,0
PFC.L,20061123,365.00,367.75,359.25,318.95,972000,0
PFC.L,20061122,365.75,371.00,360.00,313.96,732300,0
PFC.L,20061121,365.50,370.75,362.00,320.90,539700,0
PFC.L,20061120,357.75,365.75,355.75,315.04,968900,0
PFC.L,20061117,373.00,373.00,352.00,307.23,1169900,0
PFC.L,20061116,375.00,383.75,373.25,324.59,3455900,0
PFC.L,20061115,370.00,382.75,370.00,329.36,1981900,0
PFC.L,20061114,365.25,374.00,360.00,319.60,1958700,0
PFC.L,20061113,360.75,364.25,357.75,312.66,2692700,0
PFC.L,20061110,350.50,360.00,350.50,309.40,950500,0
PFC.L,20061109,344.00,355.00,342.50,305.71,1680100,0
PFC.L,20061108,340.50,344.00,335.50,297.03,541700,0
PFC.L,20061107,335.00,341.50,335.00,296.38,714800,0
PFC.L,20061106,340.00,344.00,336.50,293.35,474900,0
PFC.L,20061103,339.50,340.00,333.25,294.43,497200,0
PFC.L,20061102,332.00,339.00,332.00,292.04,224800,0
PFC.L,20061101,333.00,336.50,333.00,291.83,199300,0
PFC.L,20061031,333.00,340.50,332.00,292.48,1257200,0
PFC.L,20061030,333.00,333.00,327.25,285.10,1487300,0
PFC.L,20061027,345.00,345.00,326.50,288.35,1975000,0
PFC.L,20061026,346.25,348.00,341.50,299.20,261600,0
PFC.L,20061025,340.00,347.00,337.00,295.95,598500,0
PFC.L,20061024,342.50,348.75,337.50,295.95,826100,0
PFC.L,20061023,344.50,346.00,333.00,296.17,256000,0
PFC.L,20061020,333.50,342.50,331.25,294.43,1631700,0
PFC.L,20061019,338.00,339.75,332.25,289.87,2477900,0
PFC.L,20061018,326.00,357.00,326.00,296.82,3186200,0
PFC.L,20061017,331.75,331.75,319.00,282.06,611100,0
PFC.L,20061016,331.75,334.75,327.00,284.45,656600,0
PFC.L,20061013,331.00,335.00,326.25,287.92,1383700,0
PFC.L,20061012,325.00,328.75,322.25,282.93,916000,0
PFC.L,20061011,327.00,329.00,319.00,280.33,686800,0
PFC.L,20061010,321.25,333.00,321.25,285.53,683400,0
PFC.L,20061009,320.00,328.00,316.00,283.15,13514200,0
PFC.L,20061006,330.00,333.75,320.00,282.06,1761400,0
PFC.L,20061005,317.00,327.00,315.00,283.80,1572800,0
PFC.L,20061004,313.00,314.75,308.00,271.87,2409400,0
PFC.L,20061003,313.00,313.00,307.00,270.13,2764200,0
PFC.L,20061002,312.50,312.50,305.25,268.61,606300,0
PFC.L,20060929,313.00,313.00,308.50,270.13,717200,0
PFC.L,20060928,302.75,311.50,302.25,269.48,921800,0
PFC.L,20060927,306.00,306.00,300.00,260.37,660800,0
PFC.L,20060926,310.00,310.00,302.25,261.54,667700,0
PFC.L,20060925,318.25,318.25,304.00,261.75,834500,0
PFC.L,20060922,312.75,317.50,312.00,269.93,685900,0
PFC.L,20060921,320.00,320.00,314.75,272.08,1112200,0
PFC.L,20060920,319.25,319.25,310.25,272.95,1387600,0
PFC.L,20060919,316.00,324.00,315.00,272.73,3836400,0
PFC.L,20060918,305.00,316.00,300.00,271.22,7788200,0
PFC.L,20060915,292.00,294.00,286.00,247.55,1307600,0
PFC.L,20060914,290.00,295.75,287.00,247.98,2413000,0
PFC.L,20060913,289.50,290.00,284.00,246.25,2719100,0
PFC.L,20060912,290.00,290.00,282.00,246.90,2884400,0
PFC.L,20060911,307.75,310.00,287.25,249.70,1406600,0
PFC.L,20060908,309.75,310.00,300.00,263.69,1289900,0
PFC.L,20060907,305.25,312.00,304.00,262.61,1662800,0
PFC.L,20060906,309.00,314.75,305.00,266.92,1222100,0
PFC.L,20060905,315.75,315.75,309.00,267.13,2345200,0
PFC.L,20060904,315.75,316.00,310.75,267.78,711300,0
PFC.L,20060901,314.50,318.25,312.50,270.79,666600,0
PFC.L,20060831,311.25,313.50,310.00,267.35,7518400,0
PFC.L,20060830,313.00,320.00,309.75,268.21,3956800,0
PFC.L,20060829,312.25,322.00,312.25,272.95,4089300,0
PFC.L,20060828,312.50,312.50,312.50,269.07,000,0
PFC.L,20060825,308.00,319.50,308.00,269.07,1106000,0
PFC.L,20060824,295.25,311.75,295.25,266.92,2021800,0
PFC.L,20060823,292.50,297.00,292.50,255.08,1298400,0
PFC.L,20060822,294.00,295.25,290.00,254.22,513700,0
PFC.L,20060821,290.25,294.75,287.25,250.77,1169100,0
PFC.L,20060818,294.75,294.75,288.00,250.99,1678100,0
PFC.L,20060817,288.00,294.00,288.00,252.28,612200,0
PFC.L,20060816,294.75,295.75,287.25,254.00,820900,0
PFC.L,20060815,290.00,294.75,287.00,249.91,1365900,0
PFC.L,20060814,297.75,297.75,288.00,251.64,855300,0
PFC.L,20060811,295.00,295.50,293.00,252.71,1788400,0
PFC.L,20060810,290.00,297.00,290.00,252.50,3642300,0
PFC.L,20060809,290.75,296.00,290.00,252.50,2175800,0
PFC.L,20060808,296.75,297.00,291.25,254.22,1309400,0
PFC.L,20060807,287.00,294.00,287.00,251.42,2790100,0
PFC.L,20060804,289.00,289.00,281.25,246.90,2516900,0
PFC.L,20060803,285.00,285.00,285.00,245.39,000,0
PFC.L,20060802,278.00,289.00,273.25,245.39,2313100,0
PFC.L,20060801,262.25,278.00,262.25,234.41,3602400,0
PFC.L,20060731,263.00,264.00,260.25,226.88,2203800,0
PFC.L,20060728,260.50,263.00,257.50,225.59,404200,0
PFC.L,20060727,263.50,265.00,261.25,225.59,1538300,0
PFC.L,20060726,264.50,264.50,257.00,223.44,1456600,0
PFC.L,20060725,260.25,266.00,260.25,225.59,487900,0
PFC.L,20060724,266.00,267.00,262.00,227.53,421800,0
PFC.L,20060721,268.00,272.00,259.00,227.74,510900,0
PFC.L,20060720,270.00,272.25,267.75,232.91,1276400,0
PFC.L,20060719,257.00,265.50,255.75,226.24,833200,0
PFC.L,20060718,263.00,265.00,249.75,219.13,1684200,0
PFC.L,20060717,265.50,265.50,260.00,226.45,571100,0
PFC.L,20060714,270.00,275.25,259.00,226.45,3663500,0
PFC.L,20060713,275.00,277.00,271.00,235.92,376100,0
PFC.L,20060712,280.25,281.50,275.00,240.23,1733100,0
PFC.L,20060711,281.00,284.75,275.00,238.94,807100,0
PFC.L,20060710,291.00,294.00,282.50,244.32,1678400,0
PFC.L,20060707,290.00,294.75,287.50,251.64,1441700,0
PFC.L,20060706,299.00,299.00,284.50,247.33,839300,0
PFC.L,20060705,288.25,298.50,288.25,255.08,1417000,0
PFC.L,20060704,293.00,297.50,286.50,250.77,1426500,0
PFC.L,20060703,282.00,295.00,278.00,250.13,10030000,0
PFC.L,20060630,278.00,280.00,257.00,224.51,2064100,0
PFC.L,20060629,264.75,273.00,264.00,230.76,1301900,0
PFC.L,20060628,259.00,262.75,256.00,223.87,962600,0
PFC.L,20060627,255.00,264.75,253.00,225.80,2204000,0
PFC.L,20060626,250.25,255.79,249.25,217.41,1571600,0
PFC.L,20060623,254.00,254.00,249.77,217.41,1372200,0
PFC.L,20060622,253.75,253.75,246.50,214.40,1932500,0
PFC.L,20060621,252.75,253.00,242.75,213.53,993100,0
PFC.L,20060620,250.25,251.00,247.00,216.12,7874300,0
PFC.L,20060619,255.00,255.00,250.00,218.70,994700,0
PFC.L,20060616,247.00,252.00,245.50,215.69,2125300,0
PFC.L,20060615,246.50,254.98,244.25,212.24,1884600,0
PFC.L,20060614,240.50,246.00,237.75,207.08,1206400,0
PFC.L,20060613,236.25,241.00,228.25,202.34,3351900,0
PFC.L,20060612,240.00,248.00,240.00,211.81,2049900,0
PFC.L,20060609,254.00,257.89,241.02,208.37,2059600,0
PFC.L,20060608,255.75,252.48,243.00,208.58,2284400,0
PFC.L,20060607,269.00,269.00,260.00,226.88,486700,0
PFC.L,20060606,272.00,278.87,258.77,225.59,1309300,0
PFC.L,20060605,282.00,285.50,275.00,238.50,1008400,0
PFC.L,20060602,287.00,288.50,280.50,242.81,2217200,0
PFC.L,20060601,278.50,287.00,282.02,245.61,3131500,0
PFC.L,20060531,275.50,283.10,272.52,243.24,2929700,0
PFC.L,20060530,290.50,294.57,281.00,241.95,2689300,0
PFC.L,20060529,297.25,297.25,297.25,255.94,000,0
PFC.L,20060526,280.00,298.00,280.00,255.94,2555600,0
PFC.L,20060525,275.00,278.00,270.00,236.78,3301600,0
PFC.L,20060524,280.00,286.98,276.25,238.94,2412900,0
PFC.L,20060523,269.00,287.00,265.75,243.24,3084200,0
PFC.L,20060522,293.00,292.48,256.99,223.65,2389100,0
PFC.L,20060519,282.00,294.75,284.23,251.20,4159800,0
PFC.L,20060518,297.50,299.00,279.50,242.81,2003800,0
PFC.L,20060517,307.25,311.75,294.75,253.79,1334000,0
PFC.L,20060516,304.00,305.00,291.27,263.04,3767800,0
PFC.L,20060515,318.25,318.27,291.02,259.60,5506200,0
PFC.L,20060512,325.00,325.00,319.25,277.04,1825100,0
PFC.L,20060511,328.00,333.25,328.00,282.85,1691900,0
PFC.L,20060510,334.75,334.75,327.25,283.28,1032200,0
PFC.L,20060509,333.25,336.00,330.00,286.94,1437300,0
PFC.L,20060508,341.50,341.50,333.00,286.94,378800,0
PFC.L,20060505,343.00,346.00,333.00,291.24,1695800,0
PFC.L,20060504,355.25,357.75,340.50,296.62,2251900,0
PFC.L,20060503,356.25,372.00,352.75,305.66,2125700,0
PFC.L,20060502,344.75,363.00,344.50,308.25,789900,0
PFC.L,20060501,343.50,343.50,343.50,295.76,000,0
PFC.L,20060428,346.00,347.25,337.00,295.76,1188800,0
PFC.L,20060427,354.50,358.50,347.00,299.64,2086200,0
PFC.L,20060426,355.00,357.75,352.00,305.23,510600,0
PFC.L,20060425,357.75,360.00,352.00,306.10,1854200,0
PFC.L,20060424,338.00,355.50,336.50,303.94,1258400,0
PFC.L,20060421,340.25,341.75,332.00,291.03,378100,0
PFC.L,20060420,334.50,341.00,333.25,292.75,1804800,0
PFC.L,20060419,327.50,339.00,326.50,290.17,3412100,0
PFC.L,20060418,319.50,325.00,319.00,275.74,3463600,0
PFC.L,20060417,319.00,319.00,319.00,274.67,000,0
PFC.L,20060414,319.00,319.00,319.00,274.67,000,0
PFC.L,20060413,318.25,319.00,315.00,274.67,543500,0
PFC.L,20060412,315.00,322.00,315.00,275.31,723000,0
PFC.L,20060411,315.00,319.00,315.00,273.81,1616900,0
PFC.L,20060410,318.25,323.00,317.00,272.95,1981500,0
PFC.L,20060407,317.50,319.00,317.00,274.24,1919400,0
PFC.L,20060406,320.25,325.00,315.00,275.10,1557100,0
PFC.L,20060405,320.00,320.00,315.00,274.24,1755000,0
PFC.L,20060404,326.25,332.75,320.00,276.39,1081500,0
PFC.L,20060403,328.00,332.00,324.50,285.86,1070600,0
PFC.L,20060331,318.50,325.00,315.75,277.47,628500,0
PFC.L,20060330,317.50,320.25,316.50,275.74,928300,0
PFC.L,20060329,314.00,317.50,313.00,271.22,987500,0
PFC.L,20060328,312.25,313.75,310.00,269.07,1001800,0
PFC.L,20060327,312.25,315.00,312.25,270.36,934400,0
PFC.L,20060324,312.50,316.00,312.00,271.22,2409400,0
PFC.L,20060323,312.50,313.00,310.25,268.64,1715200,0
PFC.L,20060322,312.00,314.00,307.00,269.07,1932300,0
PFC.L,20060321,316.00,316.00,308.00,271.01,327100,0
PFC.L,20060320,320.50,320.50,310.00,271.22,981800,0
PFC.L,20060317,315.00,324.00,315.00,274.67,2127200,0
PFC.L,20060316,316.00,327.50,315.00,275.53,2037600,0
PFC.L,20060315,311.75,315.00,305.25,270.15,1595800,0
PFC.L,20060314,305.00,312.00,305.00,264.55,358100,0
PFC.L,20060313,298.25,308.75,295.00,263.47,1539600,0
PFC.L,20060310,291.00,301.00,291.00,255.51,605800,0
PFC.L,20060309,301.00,301.00,295.00,254.00,3133500,0
PFC.L,20060308,306.00,306.00,293.00,255.73,1244500,0
PFC.L,20060307,313.75,314.00,306.75,264.34,479400,0
PFC.L,20060306,314.75,317.00,312.00,271.01,683800,0
PFC.L,20060303,313.50,313.50,307.00,266.06,136000,0
PFC.L,20060302,306.00,313.00,303.25,267.56,1663200,0
PFC.L,20060301,297.00,307.00,297.00,261.11,2566800,0
PFC.L,20060228,307.00,307.00,295.00,255.73,2868800,0
PFC.L,20060227,311.00,311.75,301.50,259.60,1584600,0
PFC.L,20060224,310.25,317.00,310.00,268.43,821800,0
PFC.L,20060223,313.50,316.75,311.00,269.50,559500,0
PFC.L,20060222,314.25,320.00,308.00,266.27,644200,0
PFC.L,20060221,324.75,328.00,315.00,272.95,1013000,0
PFC.L,20060220,315.00,325.00,315.00,278.11,646400,0
PFC.L,20060217,307.50,314.75,305.25,270.36,449200,0
PFC.L,20060216,310.00,313.00,307.00,268.21,2494700,0
PFC.L,20060215,306.00,313.75,306.00,266.92,492100,0
PFC.L,20060214,317.00,317.00,307.00,266.06,568600,0
PFC.L,20060213,310.00,316.00,310.00,270.36,326200,0
PFC.L,20060210,310.75,315.00,309.75,269.93,2178200,0
PFC.L,20060209,310.00,314.00,307.00,269.50,1335400,0
PFC.L,20060208,307.00,308.00,300.00,264.77,2645600,0
PFC.L,20060207,310.00,314.00,310.00,269.07,486600,0
PFC.L,20060206,314.50,314.75,307.00,270.36,1780000,0
PFC.L,20060203,314.00,315.00,312.00,268.64,1842600,0
PFC.L,20060202,320.00,320.00,311.00,269.50,3758500,0
PFC.L,20060201,329.00,329.00,320.00,275.96,814100,0
PFC.L,20060131,325.00,334.00,325.00,281.56,5703900,0
PFC.L,20060130,313.00,325.00,307.25,278.97,1969500,0
PFC.L,20060127,308.00,312.25,308.00,268.86,4629500,0
PFC.L,20060126,309.75,310.00,304.00,263.47,1094800,0
PFC.L,20060125,305.00,309.75,302.00,263.26,1175300,0
PFC.L,20060124,302.00,308.00,301.00,259.17,2961300,0
PFC.L,20060123,300.00,307.00,300.00,261.75,3226800,0
PFC.L,20060120,306.75,310.00,301.00,260.68,2462300,0
PFC.L,20060119,298.00,305.00,297.00,255.73,4169600,0
PFC.L,20060118,300.00,305.00,295.00,259.17,3223600,0
PFC.L,20060117,307.00,315.00,305.00,263.47,3899900,0
PFC.L,20060116,308.00,316.00,308.00,270.36,3521600,0
PFC.L,20060113,306.50,312.00,303.00,264.34,3232000,0
PFC.L,20060112,290.75,310.00,290.00,265.63,13378800,0
PFC.L,20060111,277.00,280.00,272.00,241.09,3230900,0
PFC.L,20060110,277.00,279.00,268.00,237.64,996500,0
PFC.L,20060109,280.00,280.00,270.00,238.50,2326100,0
PFC.L,20060106,270.50,283.50,270.50,240.23,3078200,0
PFC.L,20060105,274.00,278.50,270.00,236.78,1517100,0
PFC.L,20060104,270.00,285.00,270.00,235.49,2504500,0
PFC.L,20060103,257.00,268.75,250.00,231.40,2039200,0
PFC.L,20060102,254.00,254.00,254.00,218.70,000,0
PFC.L,20051230,250.00,253.50,250.00,218.70,125500,0
PFC.L,20051229,253.00,257.00,250.00,216.33,1142200,0
PFC.L,20051228,243.00,258.25,243.00,218.27,1325700,0
PFC.L,20051227,249.50,249.50,249.50,214.83,000,0
PFC.L,20051226,249.50,249.50,249.50,214.83,000,0
PFC.L,20051223,247.75,249.00,245.00,214.83,132500,0
PFC.L,20051222,244.00,253.00,244.00,212.46,1775800,0
PFC.L,20051221,240.75,244.00,238.00,210.09,2378800,0
PFC.L,20051220,240.00,245.00,237.00,207.29,2134400,0
PFC.L,20051219,236.00,240.00,236.00,205.79,1255500,0
PFC.L,20051216,237.25,243.75,234.00,204.92,6128200,0
PFC.L,20051215,240.00,242.00,232.00,206.65,2383800,0
PFC.L,20051214,245.00,245.25,240.00,207.94,2778800,0
PFC.L,20051213,250.00,250.00,245.00,210.95,1139900,0
PFC.L,20051212,251.00,251.00,244.00,212.24,1279400,0
PFC.L,20051209,244.00,253.00,244.00,212.24,2825600,0
PFC.L,20051208,240.00,245.00,240.00,210.52,1735500,0
PFC.L,20051207,240.00,243.00,238.00,207.51,3645100,0
PFC.L,20051206,231.00,241.00,231.00,204.71,1025400,0
PFC.L,20051205,232.00,235.00,230.00,202.13,761600,0
PFC.L,20051202,226.50,232.00,226.00,198.04,1724700,0
PFC.L,20051201,227.00,229.50,225.25,195.45,1696300,0
PFC.L,20051130,232.00,234.50,227.00,197.18,660100,0
PFC.L,20051129,230.00,234.00,230.00,198.90,340900,0
PFC.L,20051128,234.75,234.75,230.25,199.11,592300,0
PFC.L,20051125,233.25,235.00,233.00,202.34,991400,0
PFC.L,20051124,235.00,235.00,232.00,201.27,702600,0
PFC.L,20051123,226.50,235.00,226.50,200.62,2981500,0
PFC.L,20051122,220.00,228.00,220.00,195.45,1346100,0
PFC.L,20051121,221.00,223.00,219.00,190.93,1440700,0
PFC.L,20051118,226.00,226.00,223.00,192.44,3030000,0
PFC.L,20051117,220.00,224.75,215.00,192.01,1112700,0
PFC.L,20051116,227.75,227.75,222.00,192.01,410900,0
PFC.L,20051115,225.00,229.00,224.00,193.73,929800,0
PFC.L,20051114,223.00,228.00,222.00,194.16,151400,0
PFC.L,20051111,221.75,227.00,221.75,192.01,566700,0
PFC.L,20051110,224.00,230.00,222.00,191.36,491600,0
PFC.L,20051109,225.75,227.00,220.00,191.15,624800,0
PFC.L,20051108,227.50,230.75,225.00,193.73,992200,0
PFC.L,20051107,218.00,235.00,216.00,195.45,3071800,0
PFC.L,20051104,218.00,221.00,213.00,185.98,1043700,0
PFC.L,20051103,214.00,218.00,214.00,187.70,807300,0
PFC.L,20051102,215.00,215.00,209.00,179.95,1708500,0
PFC.L,20051101,215.50,218.00,215.00,185.55,1606900,0
PFC.L,20051031,215.00,221.25,215.00,186.63,3659200,0
PFC.L,20051028,214.50,215.00,212.50,184.26,2900700,0
PFC.L,20051027,213.50,215.00,211.00,185.12,3565700,0
PFC.L,20051026,208.00,218.00,206.00,185.55,5086400,0
PFC.L,20051025,207.00,208.00,205.00,176.51,4503600,0
PFC.L,20051024,200.00,206.00,200.00,176.51,743000,0
PFC.L,20051021,211.50,211.50,202.00,173.93,1601500,0
PFC.L,20051020,200.00,214.75,200.00,178.88,3241000,0
PFC.L,20051019,205.00,205.00,193.00,172.21,6749100,0
PFC.L,20051018,215.00,217.00,205.00,176.51,3724300,0
PFC.L,20051017,210.00,217.00,210.00,181.03,2301900,0
PFC.L,20051014,216.50,216.50,207.00,179.09,2518400,0
PFC.L,20051013,228.00,230.00,212.50,185.12,7671100,0
PFC.L,20051012,228.50,232.00,226.50,196.96,3733700,0
PFC.L,20051011,225.00,227.50,222.00,195.88,7071800,0
PFC.L,20051010,232.50,233.00,224.00,193.30,969000,0
PFC.L,20051007,220.00,237.75,220.00,199.33,8347400,0
PFC.L,20051006,230.00,237.00,218.00,196.31,18403900,0
PFC.L,20051005,244.50,244.50,234.50,202.34,16143700,0
PFC.L,20051004,245.00,245.00,230.00,209.88,71083900,0
