PNN.L,20120824,739.00,742.50,735.78,739.00,715300,0
PNN.L,20120823,742.00,742.00,737.00,739.00,1150700,0
PNN.L,20120822,739.00,742.50,736.05,736.50,659600,0
PNN.L,20120821,743.00,747.00,738.00,740.00,1056800,0
PNN.L,20120820,746.50,749.51,738.50,741.50,1761600,0
PNN.L,20120817,735.50,753.00,733.78,747.00,2178300,0
PNN.L,20120816,766.00,766.00,746.50,749.50,1491600,0
PNN.L,20120815,764.50,768.00,756.00,764.00,1007500,0
PNN.L,20120814,737.00,775.47,736.30,766.50,3008400,0
PNN.L,20120810,736.00,739.41,729.50,734.50,1177600,0
PNN.L,20120809,734.00,736.50,725.00,735.00,1264000,0
PNN.L,20120808,739.50,744.00,729.50,730.00,1571300,0
PNN.L,20120807,757.00,762.50,751.50,735.20,1228700,0
PNN.L,20120806,766.00,766.50,755.50,738.61,811800,0
PNN.L,20120803,754.50,769.00,751.50,749.35,833100,0
PNN.L,20120802,763.00,765.00,751.00,735.69,874600,0
PNN.L,20120801,772.50,772.50,761.00,744.96,1118400,0
PNN.L,20120731,772.50,774.56,766.00,749.35,1090800,0
PNN.L,20120727,760.00,760.88,747.94,741.54,1653300,0
PNN.L,20120726,765.00,768.50,748.50,736.18,2846800,0
PNN.L,20120725,768.00,770.00,761.00,744.96,1131000,0
PNN.L,20120724,776.00,778.00,765.50,747.88,1023400,0
PNN.L,20120723,786.00,794.00,774.50,755.69,656500,0
PNN.L,20120720,793.00,794.00,786.05,771.30,1159800,0
PNN.L,20120719,794.00,797.00,788.00,776.67,714800,0
PNN.L,20120718,787.00,794.50,776.50,774.72,860700,0
PNN.L,20120717,789.00,789.00,778.00,763.01,704400,0
PNN.L,20120716,783.00,789.00,778.00,768.86,944200,0
PNN.L,20120713,777.50,781.89,772.50,762.52,1263800,0
PNN.L,20120712,773.50,773.50,773.50,755.69,976900,0
PNN.L,20120711,771.00,779.00,769.50,758.13,870100,0
PNN.L,20120710,768.00,775.50,762.50,756.67,844100,0
PNN.L,20120709,769.50,772.00,763.50,749.35,741900,0
PNN.L,20120706,765.00,773.54,757.88,751.30,1488100,0
PNN.L,20120705,761.00,761.78,750.00,740.57,1189600,0
PNN.L,20120704,763.00,766.84,756.50,742.52,818300,0
PNN.L,20120703,765.00,771.00,758.00,742.52,1323100,0
PNN.L,20120702,760.50,768.50,755.50,749.84,1143200,0
PNN.L,20120629,781.00,781.00,759.00,743.49,3005100,0
PNN.L,20120628,769.00,777.00,761.50,758.13,8389600,0
PNN.L,20120627,764.00,773.00,761.00,749.84,1598800,0
PNN.L,20120626,749.50,765.00,749.50,742.03,1796000,0
PNN.L,20120625,754.00,759.00,747.50,730.81,839300,0
PNN.L,20120622,753.00,763.00,751.30,739.10,833600,0
PNN.L,20120621,759.50,763.50,755.50,737.64,1230900,0
PNN.L,20120620,746.00,766.50,742.50,740.08,1175900,0
PNN.L,20120619,738.00,749.50,732.50,726.91,1120500,0
PNN.L,20120618,742.00,742.00,730.00,716.17,578600,0
PNN.L,20120615,751.50,752.00,733.56,716.17,2098200,0
PNN.L,20120614,741.50,750.50,739.62,730.81,952900,0
PNN.L,20120613,739.50,744.00,736.00,723.00,930000,0
PNN.L,20120612,737.00,742.00,731.00,718.61,583900,0
PNN.L,20120611,749.00,751.00,735.00,718.61,543500,0
PNN.L,20120608,727.00,744.50,726.00,725.93,889200,0
PNN.L,20120607,739.00,739.50,727.00,714.22,805600,0
PNN.L,20120606,738.00,741.50,728.00,720.56,765400,0
PNN.L,20120601,732.00,737.00,728.50,717.15,636300,0
PNN.L,20120531,733.00,737.00,730.50,714.71,839000,0
PNN.L,20120530,729.50,733.00,719.50,711.30,1008800,0
PNN.L,20120529,730.00,735.00,725.00,710.32,2082000,0
PNN.L,20120528,738.00,738.00,723.50,711.30,845100,0
PNN.L,20120525,739.50,739.50,723.50,710.32,1296900,0
PNN.L,20120524,721.00,726.50,711.50,704.47,724000,0
PNN.L,20120523,714.50,719.50,710.98,697.64,620200,0
PNN.L,20120522,721.00,722.00,711.00,699.59,1229100,0
PNN.L,20120521,718.00,721.00,714.50,700.56,791200,0
PNN.L,20120518,711.50,722.00,711.50,700.56,690400,0
PNN.L,20120517,718.50,719.68,711.00,700.07,878900,0
PNN.L,20120516,725.50,730.00,716.00,698.61,1057500,0
PNN.L,20120514,743.50,744.00,735.00,724.95,717500,0
PNN.L,20120511,730.50,746.08,729.50,727.88,1028000,0
PNN.L,20120510,732.00,736.50,720.50,714.71,700500,0
PNN.L,20120509,738.50,739.00,723.50,711.78,934000,0
PNN.L,20120508,742.00,743.50,732.00,717.15,884100,0
PNN.L,20120504,741.50,743.50,731.50,721.54,640500,0
PNN.L,20120503,737.50,743.00,735.00,723.98,654100,0
PNN.L,20120502,749.50,749.50,731.00,718.61,968500,0
PNN.L,20120501,735.00,743.00,730.37,723.98,512600,0
PNN.L,20120430,738.00,739.00,729.00,718.12,884500,0
PNN.L,20120427,734.00,736.50,728.00,716.66,909100,0
PNN.L,20120426,738.50,740.00,724.50,716.17,948900,0
PNN.L,20120425,744.50,746.50,734.00,718.61,676200,0
PNN.L,20120424,745.00,747.50,738.50,724.95,1165800,0
PNN.L,20120423,748.50,752.00,738.50,723.49,848200,0
PNN.L,20120420,734.50,752.00,734.50,732.76,1001700,0
PNN.L,20120419,735.50,742.00,735.50,717.64,827200,0
PNN.L,20120418,730.00,736.68,726.00,718.61,1034700,0
PNN.L,20120417,724.50,733.50,720.00,712.76,1063500,0
PNN.L,20120416,714.50,732.00,714.50,705.44,924200,0
PNN.L,20120413,718.50,723.00,713.00,700.56,983400,0
PNN.L,20120412,707.50,722.50,703.50,691.22,950500,0
PNN.L,20120411,702.50,711.00,699.00,692.27,1274100,0
PNN.L,20120410,696.00,712.50,696.00,687.88,996400,0
PNN.L,20120405,704.00,706.94,694.50,684.46,601400,0
PNN.L,20120404,715.00,718.50,701.00,687.39,949100,0
PNN.L,20120403,721.00,726.00,717.00,700.07,850200,0
PNN.L,20120402,713.00,719.07,708.50,701.54,971500,0
PNN.L,20120330,708.00,718.50,705.50,694.22,900900,0
PNN.L,20120329,711.00,720.50,704.89,690.81,768100,0
PNN.L,20120328,706.50,720.00,706.50,694.71,1194300,0
PNN.L,20120327,721.00,723.50,708.50,692.27,840000,0
PNN.L,20120326,711.00,722.00,711.00,704.47,885300,0
PNN.L,20120323,715.50,720.00,706.50,693.73,993200,0
PNN.L,20120322,713.50,717.26,708.00,698.61,673700,0
PNN.L,20120321,708.50,713.57,704.50,696.17,863800,0
PNN.L,20120320,701.00,712.81,701.00,690.32,1131400,0
PNN.L,20120319,728.00,730.00,717.50,701.05,637300,0
PNN.L,20120316,725.50,731.00,724.69,710.32,1319900,0
PNN.L,20120315,735.00,735.50,725.50,708.86,663900,0
PNN.L,20120314,732.50,740.00,731.00,716.66,960600,0
PNN.L,20120313,729.50,735.50,726.00,713.25,797500,0
PNN.L,20120312,725.50,730.00,722.50,709.83,1524600,0
PNN.L,20120309,725.50,737.18,722.00,709.83,1299700,0
PNN.L,20120308,724.50,730.00,720.50,707.88,806800,0
PNN.L,20120307,721.00,724.50,717.50,705.44,523900,0
PNN.L,20120306,725.00,731.50,716.00,703.98,830900,0
PNN.L,20120305,730.50,731.00,721.36,707.39,751900,0
PNN.L,20120302,725.00,730.50,719.00,711.78,714800,0
PNN.L,20120301,715.50,724.00,711.00,704.95,709600,0
PNN.L,20120229,706.00,721.50,705.50,701.05,1333900,0
PNN.L,20120228,703.50,707.50,698.23,688.37,919800,0
PNN.L,20120227,700.50,706.38,696.50,684.46,512300,0
PNN.L,20120224,700.50,702.50,696.00,683.98,657700,0
PNN.L,20120223,699.00,705.50,694.50,680.07,718400,0
PNN.L,20120222,698.00,702.00,695.17,683.00,607500,0
PNN.L,20120221,700.50,703.00,693.00,682.51,669200,0
PNN.L,20120220,706.00,707.18,695.00,683.98,974900,0
PNN.L,20120217,700.00,708.50,688.50,688.85,993100,0
PNN.L,20120216,693.50,698.50,691.00,681.54,905100,0
PNN.L,20120215,698.00,702.00,685.00,679.10,1406900,0
PNN.L,20120214,676.50,700.00,674.50,680.56,1400000,0
PNN.L,20120213,687.50,691.79,684.00,669.83,689000,0
PNN.L,20120210,686.00,688.00,681.00,668.85,684200,0
PNN.L,20120209,686.00,691.50,682.00,669.34,1108300,0
PNN.L,20120208,695.50,698.00,683.00,670.32,931600,0
PNN.L,20120207,695.50,697.50,690.50,676.66,780100,0
PNN.L,20120206,697.00,703.50,693.50,677.15,1064500,0
PNN.L,20120203,691.00,700.00,691.00,682.02,1313800,0
PNN.L,20120202,703.00,708.27,689.00,674.71,705100,0
PNN.L,20120201,691.50,705.50,690.00,685.93,1009400,0
PNN.L,20120131,694.00,707.50,693.50,670.59,964600,0
PNN.L,20120130,691.00,697.39,687.00,669.14,910900,0
PNN.L,20120127,696.00,707.00,692.00,668.18,799600,0
PNN.L,20120126,692.00,701.00,691.00,673.95,714700,0
PNN.L,20120125,691.00,694.00,687.50,664.32,818700,0
PNN.L,20120124,683.50,695.80,683.00,665.29,891000,0
PNN.L,20120123,694.50,695.50,681.50,658.54,1015600,0
PNN.L,20120120,695.00,698.00,689.00,668.18,708000,0
PNN.L,20120119,701.50,703.56,687.50,667.21,924000,0
PNN.L,20120118,704.50,706.48,697.31,673.48,651000,0
PNN.L,20120117,710.00,711.50,699.50,677.82,1009700,0
PNN.L,20120116,698.50,709.00,698.50,679.75,644900,0
PNN.L,20120113,707.50,709.84,693.50,675.41,1209300,0
PNN.L,20120112,703.50,710.50,702.50,679.75,916200,0
PNN.L,20120111,710.00,712.50,700.50,677.34,520100,0
PNN.L,20120110,717.50,724.50,708.92,685.53,1126700,0
PNN.L,20120109,723.00,725.50,715.00,691.32,602600,0
PNN.L,20120106,719.50,726.00,717.50,694.69,524200,0
PNN.L,20120105,728.00,729.00,717.00,692.76,824700,0
PNN.L,20120104,729.50,733.00,725.00,700.00,808400,0
PNN.L,20120103,725.00,731.00,718.50,701.92,1494000,0
PNN.L,20111230,715.00,723.00,711.00,688.43,161200,0
PNN.L,20111229,714.00,719.50,707.50,691.80,571200,0
PNN.L,20111228,707.50,714.50,703.00,686.98,542300,0
PNN.L,20111223,699.50,705.50,699.00,678.30,189300,0
PNN.L,20111222,695.50,700.00,692.00,668.66,765900,0
PNN.L,20111221,701.50,701.50,688.50,667.70,821400,0
PNN.L,20111220,691.50,697.00,690.50,671.07,760400,0
PNN.L,20111219,693.00,699.00,691.50,668.18,727100,0
PNN.L,20111216,683.00,694.00,679.50,668.66,1763700,0
PNN.L,20111215,678.00,684.50,675.50,658.05,765800,0
PNN.L,20111214,675.00,679.50,673.00,651.79,965900,0
PNN.L,20111213,675.00,683.00,675.00,651.79,950700,0
PNN.L,20111212,675.00,689.00,675.00,652.27,826500,0
PNN.L,20111209,677.00,691.00,676.62,659.02,906200,0
PNN.L,20111208,681.50,690.50,675.00,657.57,1325600,0
PNN.L,20111207,685.00,687.50,675.50,653.72,830600,0
PNN.L,20111206,689.00,693.00,676.50,654.20,1521300,0
PNN.L,20111205,692.50,703.50,692.50,670.11,616300,0
PNN.L,20111202,713.50,720.00,686.50,666.25,934200,0
PNN.L,20111201,716.50,722.50,711.50,686.02,903800,0
PNN.L,20111130,697.50,718.50,687.00,691.80,1107800,0
PNN.L,20111129,697.00,700.35,692.50,672.52,776300,0
PNN.L,20111128,690.00,700.00,688.68,673.48,1006000,0
PNN.L,20111125,680.00,687.50,665.50,661.43,1512100,0
PNN.L,20111124,705.00,685.00,668.00,649.38,2021000,0
PNN.L,20111123,704.50,708.41,695.00,672.03,1045700,0
PNN.L,20111122,702.50,718.00,697.00,688.43,982400,0
PNN.L,20111121,712.00,712.00,695.50,672.52,627800,0
PNN.L,20111118,721.50,727.00,710.00,688.91,761300,0
PNN.L,20111117,711.00,718.96,708.51,692.76,929100,0
PNN.L,20111116,715.50,724.50,709.50,688.91,973300,0
PNN.L,20111115,711.00,726.50,710.50,691.32,1719400,0
PNN.L,20111114,722.50,719.53,711.68,686.50,847300,0
PNN.L,20111111,707.50,721.50,707.50,695.66,665900,0
PNN.L,20111110,701.50,714.00,701.00,683.12,517100,0
PNN.L,20111109,715.50,716.00,705.00,685.53,712800,0
PNN.L,20111108,714.00,718.50,710.00,685.53,884000,0
PNN.L,20111107,709.00,719.28,704.00,688.91,692500,0
PNN.L,20111104,718.00,720.50,707.00,685.53,728300,0
PNN.L,20111103,690.00,717.50,689.00,689.87,985100,0
PNN.L,20111102,692.50,701.00,684.00,673.96,849100,0
PNN.L,20111101,687.00,692.00,682.00,663.84,1004400,0
PNN.L,20111031,698.00,704.50,695.50,670.59,811400,0
PNN.L,20111028,704.00,707.00,698.50,675.89,852200,0
PNN.L,20111027,703.00,704.50,695.50,675.41,725600,0
PNN.L,20111026,696.00,699.00,690.00,670.59,451000,0
PNN.L,20111025,697.00,702.00,688.50,669.14,641400,0
PNN.L,20111024,699.50,702.00,692.00,673.96,736700,0
PNN.L,20111021,697.50,704.00,694.50,673.48,584200,0
PNN.L,20111020,695.00,705.50,695.00,672.03,1267300,0
PNN.L,20111019,687.50,702.07,685.00,676.86,1336200,0
PNN.L,20111018,681.00,690.00,681.00,660.46,766600,0
PNN.L,20111017,684.00,690.50,682.50,659.98,1068500,0
PNN.L,20111014,688.50,692.00,684.89,660.46,1147600,0
PNN.L,20111013,685.50,692.00,685.00,661.43,988400,0
PNN.L,20111012,700.00,703.00,690.00,665.77,1116100,0
PNN.L,20111011,695.00,699.00,688.50,666.25,475500,0
PNN.L,20111010,702.00,703.00,698.00,673.96,616500,0
PNN.L,20111007,697.50,701.50,695.50,675.41,508500,0
PNN.L,20111006,683.50,696.00,678.50,670.59,896100,0
PNN.L,20111005,688.50,689.00,677.00,656.61,1053100,0
PNN.L,20111004,681.50,684.00,670.50,654.68,1156200,0
PNN.L,20111003,665.00,689.50,665.00,662.39,919400,0
PNN.L,20110930,686.00,690.50,673.00,651.30,1496400,0
PNN.L,20110929,685.00,691.00,681.00,661.91,636400,0
PNN.L,20110928,685.00,690.50,685.00,660.46,494100,0
PNN.L,20110927,691.50,694.50,683.50,662.87,845300,0
PNN.L,20110926,656.50,686.00,656.50,659.02,967900,0
PNN.L,20110923,674.50,679.00,651.50,639.25,1952900,0
PNN.L,20110922,684.00,684.50,670.00,646.97,1418200,0
PNN.L,20110921,687.00,693.50,684.00,662.87,668400,0
PNN.L,20110920,683.00,691.50,683.00,663.36,733000,0
PNN.L,20110919,680.00,685.00,678.00,657.57,1354600,0
PNN.L,20110916,690.00,690.50,683.50,662.39,1546300,0
PNN.L,20110915,672.00,686.00,671.00,659.98,1378300,0
PNN.L,20110914,660.50,670.00,656.00,644.56,1168300,0
PNN.L,20110913,656.50,667.00,651.00,639.73,1303100,0
PNN.L,20110912,658.00,666.00,651.50,629.61,1516500,0
PNN.L,20110909,655.50,678.00,654.50,648.41,10001700,0
PNN.L,20110908,661.00,670.00,651.00,631.54,1760800,0
PNN.L,20110907,649.50,659.00,643.50,635.40,1149800,0
PNN.L,20110906,635.50,645.00,635.50,616.59,1203500,0
PNN.L,20110905,630.00,643.50,629.50,615.15,969700,0
PNN.L,20110902,643.00,650.00,640.50,619.00,1854800,0
PNN.L,20110901,648.50,651.50,643.00,623.34,2300200,0
PNN.L,20110831,642.00,653.50,639.50,623.83,1557400,0
PNN.L,20110830,652.00,665.00,636.50,619.00,932500,0
PNN.L,20110826,639.50,642.00,629.00,615.63,800500,0
PNN.L,20110825,643.00,646.50,633.00,617.56,1155400,0
PNN.L,20110824,643.50,644.65,627.50,618.04,1580400,0
PNN.L,20110823,644.50,648.00,635.00,617.56,1230700,0
PNN.L,20110822,621.50,644.50,621.50,618.04,69000,0
PNN.L,20110819,633.00,633.00,610.00,601.17,2513100,0
PNN.L,20110818,644.50,650.00,629.00,608.40,1983600,0
PNN.L,20110817,654.00,656.50,649.00,625.75,3184500,0
PNN.L,20110816,660.50,660.50,651.50,631.54,2826800,0
PNN.L,20110815,663.00,673.50,660.00,644.07,2531400,0
PNN.L,20110812,656.00,663.50,648.50,636.36,1604200,0
PNN.L,20110811,676.00,677.50,644.50,629.61,2010700,0
PNN.L,20110810,666.00,677.00,654.00,631.06,2216500,0
PNN.L,20110809,670.50,678.50,639.50,631.39,1148200,0
PNN.L,20110808,691.50,707.50,384.57,629.52,1221600,0
PNN.L,20110805,700.50,715.00,690.50,655.35,1420700,0
PNN.L,20110804,743.00,749.50,716.50,673.21,1523400,0
PNN.L,20110803,729.50,744.50,726.00,692.94,1076000,0
PNN.L,20110802,710.00,739.50,710.00,691.06,1195300,0
PNN.L,20110801,729.50,729.50,713.50,670.86,610300,0
PNN.L,20110729,717.00,730.00,714.50,680.72,844000,0
PNN.L,20110728,709.50,726.00,702.83,677.43,980200,0
PNN.L,20110727,722.50,732.00,720.50,681.19,1135500,0
PNN.L,20110726,718.00,737.00,716.41,681.19,1226900,0
PNN.L,20110725,706.00,712.50,704.00,668.04,822500,0
PNN.L,20110722,709.00,714.50,707.00,666.16,375200,0
PNN.L,20110721,705.50,711.00,701.00,660.52,553600,0
PNN.L,20110720,703.50,706.00,699.50,661.93,479700,0
PNN.L,20110719,699.50,700.00,693.00,656.29,609400,0
PNN.L,20110718,695.00,699.50,691.50,654.41,443900,0
PNN.L,20110715,695.00,701.00,687.50,656.29,558300,0
PNN.L,20110714,699.50,702.00,696.00,655.35,415800,0
PNN.L,20110713,700.50,704.00,696.00,660.05,969200,0
PNN.L,20110712,704.50,707.00,693.50,658.64,937100,0
PNN.L,20110711,710.50,720.76,706.00,666.63,797200,0
PNN.L,20110708,718.50,722.50,709.50,670.39,626400,0
PNN.L,20110707,717.00,719.50,712.00,671.80,847000,0
PNN.L,20110706,710.50,720.50,709.50,671.80,1779400,0
PNN.L,20110705,705.00,713.50,704.50,667.57,1783300,0
PNN.L,20110704,703.50,710.00,701.50,662.40,1474200,0
PNN.L,20110701,700.00,701.07,695.50,658.64,1102400,0
PNN.L,20110630,697.00,698.00,687.00,655.82,1156400,0
PNN.L,20110629,683.50,698.00,683.50,653.00,2058300,0
PNN.L,20110628,670.00,683.50,667.50,635.39,2096400,0
PNN.L,20110627,650.00,668.00,650.00,625.76,1204400,0
PNN.L,20110624,645.50,653.50,643.50,611.66,976800,0
PNN.L,20110623,646.00,649.50,639.00,600.86,1251500,0
PNN.L,20110622,648.50,653.00,646.00,609.31,900100,0
PNN.L,20110621,650.50,653.50,644.00,611.66,747300,0
PNN.L,20110620,650.00,652.00,645.50,609.78,486600,0
PNN.L,20110617,651.50,657.00,642.50,614.01,1456600,0
PNN.L,20110616,655.00,657.50,649.00,611.19,963200,0
PNN.L,20110615,665.00,668.00,658.50,618.71,470800,0
PNN.L,20110614,666.50,671.00,663.00,624.82,910600,0
PNN.L,20110613,663.00,668.50,660.29,625.76,593100,0
PNN.L,20110610,671.50,672.50,661.50,622.00,598800,0
PNN.L,20110609,655.00,671.50,655.00,630.92,907200,0
PNN.L,20110608,659.00,663.53,655.50,616.83,934800,0
PNN.L,20110607,654.00,664.00,654.00,622.00,542900,0
PNN.L,20110606,658.50,660.00,652.50,617.30,1125500,0
PNN.L,20110603,666.50,667.00,653.50,618.24,990700,0
PNN.L,20110602,663.00,670.50,663.00,624.82,650600,0
PNN.L,20110601,676.50,677.00,667.00,627.64,965800,0
PNN.L,20110531,674.50,681.00,669.00,634.21,947100,0
PNN.L,20110527,671.00,679.00,671.00,634.21,1180000,0
PNN.L,20110526,669.00,674.50,665.00,628.58,720000,0
PNN.L,20110525,663.00,674.50,659.26,629.98,1010000,0
PNN.L,20110524,670.50,670.50,659.00,622.94,1163000,0
PNN.L,20110523,664.00,669.50,656.00,616.36,871700,0
PNN.L,20110520,676.00,681.00,669.50,630.92,612500,0
PNN.L,20110519,672.00,677.00,668.66,634.21,604300,0
PNN.L,20110518,674.50,677.50,665.50,630.45,948900,0
PNN.L,20110517,666.50,676.00,666.05,630.92,662700,0
PNN.L,20110516,664.50,673.00,663.00,628.58,1155700,0
PNN.L,20110513,673.00,676.00,664.00,628.11,703100,0
PNN.L,20110512,669.50,678.36,668.50,629.52,1057700,0
PNN.L,20110511,664.00,675.00,660.50,633.27,1522800,0
PNN.L,20110510,651.00,663.00,651.00,622.00,734400,0
PNN.L,20110509,650.00,655.50,649.00,610.72,657800,0
PNN.L,20110506,653.50,655.50,642.00,615.42,646200,0
PNN.L,20110505,655.00,658.50,651.00,613.07,817500,0
PNN.L,20110504,657.00,668.50,652.50,615.42,1069300,0
PNN.L,20110503,662.00,670.00,656.50,619.65,849100,0
PNN.L,20110428,653.00,667.00,651.50,619.65,1068400,0
PNN.L,20110427,645.00,653.50,645.00,610.25,871500,0
PNN.L,20110426,635.00,647.50,634.50,608.37,781300,0
PNN.L,20110421,644.00,645.00,629.50,601.80,547600,0
PNN.L,20110420,630.00,640.50,628.00,601.80,587800,0
PNN.L,20110419,626.00,630.00,622.00,588.17,954700,0
PNN.L,20110418,639.50,639.50,622.50,586.29,644800,0
PNN.L,20110415,624.50,641.00,623.50,600.39,1299600,0
PNN.L,20110414,619.00,624.00,615.50,584.42,1215200,0
PNN.L,20110413,623.50,624.50,616.00,583.48,871000,0
PNN.L,20110412,624.00,628.00,620.00,582.54,628300,0
PNN.L,20110411,624.00,630.50,621.00,587.23,488600,0
PNN.L,20110408,626.50,629.50,623.00,588.64,418800,0
PNN.L,20110407,626.50,632.00,622.50,584.89,485500,0
PNN.L,20110406,631.00,631.00,625.00,589.11,484900,0
PNN.L,20110405,634.00,637.50,629.00,591.46,682300,0
PNN.L,20110404,633.00,641.00,629.50,598.04,545500,0
PNN.L,20110401,629.00,635.50,624.50,595.69,712700,0
PNN.L,20110331,629.00,635.50,624.50,587.23,1419300,0
PNN.L,20110330,628.00,630.00,621.00,591.93,964400,0
PNN.L,20110329,629.00,629.00,619.50,584.89,776800,0
PNN.L,20110328,628.00,631.00,624.00,588.17,584400,0
PNN.L,20110325,630.00,630.00,623.50,588.17,450100,0
PNN.L,20110324,618.50,628.00,617.50,588.64,1103300,0
PNN.L,20110323,617.00,623.50,614.00,584.42,1254900,0
PNN.L,20110322,623.00,626.00,617.50,583.01,1156900,0
PNN.L,20110321,628.00,630.00,618.00,587.23,980400,0
PNN.L,20110318,601.00,624.50,601.00,582.54,2861700,0
PNN.L,20110317,588.50,605.50,584.50,565.15,1969600,0
PNN.L,20110316,599.50,606.31,584.50,549.18,1002200,0
PNN.L,20110315,605.00,605.50,588.50,558.58,2077800,0
PNN.L,20110314,616.00,619.00,605.50,570.32,745500,0
PNN.L,20110311,615.00,621.50,610.00,577.84,1361300,0
PNN.L,20110310,621.50,627.50,615.00,580.19,1363500,0
PNN.L,20110309,623.50,632.50,621.00,585.36,789000,0
PNN.L,20110308,626.00,631.00,619.50,586.76,556200,0
PNN.L,20110307,626.00,630.50,622.50,589.11,759100,0
PNN.L,20110304,629.50,632.50,623.92,588.64,519100,0
PNN.L,20110303,626.50,632.50,625.50,592.40,826600,0
PNN.L,20110302,624.50,632.00,624.50,587.70,828600,0
PNN.L,20110301,634.00,635.00,625.50,588.17,654500,0
PNN.L,20110228,616.50,636.00,615.00,594.28,947300,0
PNN.L,20110225,612.00,620.50,608.50,581.60,1019300,0
PNN.L,20110224,613.00,622.00,608.00,575.02,871900,0
PNN.L,20110223,622.50,625.00,616.50,580.19,852100,0
PNN.L,20110222,623.00,623.00,615.00,583.48,383300,0
PNN.L,20110221,624.00,629.50,623.00,585.36,449100,0
PNN.L,20110218,624.50,629.00,621.00,589.58,774700,0
PNN.L,20110217,628.00,628.00,618.44,582.54,1289400,0
PNN.L,20110216,625.50,628.50,621.50,587.23,636900,0
PNN.L,20110215,630.50,630.50,620.00,586.29,614400,0
PNN.L,20110214,629.50,632.50,622.00,590.99,1040900,0
PNN.L,20110211,616.00,628.00,616.00,588.17,842800,0
PNN.L,20110210,625.00,625.00,615.00,581.13,987500,0
PNN.L,20110209,620.50,628.00,618.00,584.89,971200,0
PNN.L,20110208,628.00,628.00,616.50,584.89,750100,0
PNN.L,20110207,621.00,633.50,621.00,591.46,581600,0
PNN.L,20110204,621.00,633.00,621.00,583.95,821300,0
PNN.L,20110203,613.50,631.50,613.50,579.72,1347000,0
PNN.L,20110202,618.00,622.50,609.00,576.43,706400,0
PNN.L,20110201,607.50,620.00,603.00,579.72,851900,0
PNN.L,20110131,611.00,614.00,599.00,566.56,996300,0
PNN.L,20110128,620.00,621.50,609.50,574.08,656500,0
PNN.L,20110127,625.00,625.00,614.00,581.60,675100,0
PNN.L,20110126,623.00,626.00,617.00,587.23,1191800,0
PNN.L,20110125,621.50,627.00,612.50,581.60,479200,0
PNN.L,20110124,615.50,622.50,613.50,581.13,523200,0
PNN.L,20110121,627.00,629.50,612.50,576.90,962600,0
PNN.L,20110120,630.00,635.00,622.50,586.76,598900,0
PNN.L,20110119,646.00,650.00,629.50,591.93,800900,0
PNN.L,20110118,638.00,650.00,638.00,603.68,1140000,0
PNN.L,20110117,633.00,642.00,631.00,591.60,564800,0
PNN.L,20110114,644.00,651.00,632.50,587.89,807900,0
PNN.L,20110113,647.00,650.50,641.00,598.57,589700,0
PNN.L,20110112,645.50,651.50,644.00,600.43,663500,0
PNN.L,20110111,648.50,650.50,644.00,600.89,496200,0
PNN.L,20110110,650.00,650.50,644.50,600.43,1138200,0
PNN.L,20110107,635.50,657.00,635.50,603.68,1224200,0
PNN.L,20110106,641.00,643.50,633.00,590.67,545300,0
PNN.L,20110105,634.00,644.00,630.00,593.46,1075900,0
PNN.L,20110104,638.50,647.50,632.00,589.75,679300,0
PNN.L,20101231,643.50,644.50,636.50,594.39,113500,0
PNN.L,20101230,643.00,647.00,637.50,595.32,284000,0
PNN.L,20101229,640.00,647.00,637.50,597.64,403500,0
PNN.L,20101224,646.00,646.00,638.50,596.71,33300,0
PNN.L,20101223,647.50,648.50,640.50,599.03,310200,0
PNN.L,20101222,643.00,649.00,640.50,599.96,842300,0
PNN.L,20101221,643.00,646.50,633.50,595.32,485400,0
PNN.L,20101220,636.50,643.50,635.00,595.32,540100,0
PNN.L,20101217,637.50,642.00,630.50,588.82,1050100,0
PNN.L,20101216,640.00,642.50,633.00,593.93,786200,0
PNN.L,20101215,633.00,635.50,630.00,588.82,905300,0
PNN.L,20101214,633.00,634.50,628.50,588.82,559100,0
PNN.L,20101213,632.00,633.50,626.00,585.57,715300,0
PNN.L,20101210,626.00,631.00,624.50,585.10,705700,0
PNN.L,20101209,638.00,638.00,621.50,580.46,1086300,0
PNN.L,20101208,631.00,637.00,630.50,588.35,644900,0
PNN.L,20101207,634.50,638.00,630.50,588.35,650700,0
PNN.L,20101206,635.50,636.50,629.50,588.35,727400,0
PNN.L,20101203,634.00,637.00,625.00,587.89,936600,0
PNN.L,20101202,625.50,634.00,621.00,588.82,1122800,0
PNN.L,20101201,633.00,633.00,619.00,579.99,1092200,0
PNN.L,20101130,633.00,637.00,619.50,583.24,1064300,0
PNN.L,20101129,636.00,643.00,629.50,586.50,796400,0
PNN.L,20101126,628.00,640.00,627.00,593.46,782500,0
PNN.L,20101125,624.50,638.00,624.00,588.35,1057200,0
PNN.L,20101124,623.50,630.00,622.00,580.46,658500,0
PNN.L,20101123,627.50,629.50,623.50,579.53,1758200,0
PNN.L,20101122,632.50,632.50,625.00,583.24,751600,0
PNN.L,20101119,626.50,629.50,623.00,583.24,780300,0
PNN.L,20101118,631.50,633.50,623.50,582.78,447400,0
PNN.L,20101117,627.00,633.00,622.00,586.03,486000,0
PNN.L,20101116,633.00,637.50,628.50,584.17,443100,0
PNN.L,20101115,629.50,640.50,625.50,591.14,392100,0
PNN.L,20101112,619.50,639.00,617.00,586.50,871800,0
PNN.L,20101111,630.50,634.50,624.00,580.92,778900,0
PNN.L,20101110,627.00,640.00,622.00,583.24,506600,0
PNN.L,20101109,626.00,635.00,625.50,586.03,507600,0
PNN.L,20101108,637.50,643.00,624.50,584.17,650800,0
PNN.L,20101105,633.00,644.00,631.50,593.46,813700,0
PNN.L,20101104,626.50,634.50,621.00,589.28,573100,0
PNN.L,20101103,629.50,629.50,616.50,576.74,784700,0
PNN.L,20101102,624.50,629.50,624.50,581.85,650900,0
PNN.L,20101101,627.50,631.00,622.00,582.78,515100,0
PNN.L,20101029,617.50,629.00,617.50,578.60,526200,0
PNN.L,20101028,620.50,628.00,615.00,574.42,788900,0
PNN.L,20101027,619.00,629.50,614.50,572.56,691000,0
PNN.L,20101026,621.50,625.50,612.50,576.28,696700,0
PNN.L,20101025,628.50,628.50,622.00,579.99,637000,0
PNN.L,20101022,626.50,626.50,619.00,580.92,474600,0
PNN.L,20101021,603.00,633.50,600.00,581.39,1911400,0
PNN.L,20101020,599.00,601.50,593.50,555.38,562800,0
PNN.L,20101019,595.50,599.50,593.00,554.92,837900,0
PNN.L,20101018,591.00,596.00,590.50,552.13,725800,0
PNN.L,20101015,600.50,603.50,589.00,551.20,806700,0
PNN.L,20101014,598.00,606.50,597.00,557.24,1322600,0
PNN.L,20101013,600.00,605.00,596.50,557.24,1341800,0
PNN.L,20101012,598.00,601.00,589.50,556.78,1209600,0
PNN.L,20101011,587.00,592.50,577.50,545.17,697300,0
PNN.L,20101008,584.00,587.50,578.00,541.45,790700,0
PNN.L,20101007,582.50,590.00,579.00,541.92,1646300,0
PNN.L,20101006,582.00,582.50,572.50,539.13,795500,0
PNN.L,20101005,582.00,583.50,575.50,540.06,1098000,0
PNN.L,20101004,577.50,584.00,574.00,538.67,601500,0
PNN.L,20101001,584.00,585.00,574.00,538.20,741900,0
PNN.L,20100930,588.00,594.00,578.00,540.06,1371200,0
PNN.L,20100929,589.50,592.50,581.00,546.56,733300,0
PNN.L,20100928,581.00,587.00,577.50,544.70,668400,0
PNN.L,20100927,583.50,585.50,580.00,539.59,922700,0
PNN.L,20100924,586.00,589.00,574.50,542.84,1490700,0
PNN.L,20100923,586.50,593.50,581.50,543.31,1296500,0
PNN.L,20100922,590.50,592.50,581.00,544.24,652700,0
PNN.L,20100921,598.00,598.00,585.50,545.63,735500,0
PNN.L,20100920,595.00,597.50,587.50,554.92,852700,0
PNN.L,20100917,605.50,609.50,590.00,547.95,1809600,0
PNN.L,20100916,605.00,611.00,599.50,558.63,552400,0
PNN.L,20100915,612.50,616.50,603.50,562.35,869800,0
PNN.L,20100914,610.00,610.50,603.50,564.67,613100,0
PNN.L,20100913,613.00,613.00,603.00,566.53,683900,0
PNN.L,20100910,603.00,610.00,600.50,563.74,554100,0
PNN.L,20100909,605.00,611.00,603.00,565.13,523200,0
PNN.L,20100908,594.00,606.00,591.00,561.42,805900,0
PNN.L,20100907,591.50,598.00,591.50,554.45,685100,0
PNN.L,20100906,589.50,597.50,589.50,551.20,756300,0
PNN.L,20100903,591.50,592.00,585.00,548.42,786000,0
PNN.L,20100902,584.50,589.50,580.00,547.49,1130400,0
PNN.L,20100901,573.50,585.00,573.00,542.84,1051600,0
PNN.L,20100831,567.00,575.00,567.00,532.16,719300,0
PNN.L,20100827,570.50,574.00,566.00,533.09,653500,0
PNN.L,20100826,569.50,576.00,562.50,529.38,794000,0
PNN.L,20100825,560.00,569.50,559.00,524.73,743000,0
PNN.L,20100824,561.50,564.50,558.50,520.09,690200,0
PNN.L,20100823,562.50,567.00,559.00,525.20,509200,0
PNN.L,20100820,563.50,573.00,554.50,521.02,543000,0
PNN.L,20100819,561.50,578.50,557.50,525.66,1852800,0
PNN.L,20100818,586.50,590.00,582.00,544.70,608100,0
PNN.L,20100817,589.50,595.50,580.00,547.49,601900,0
PNN.L,20100816,592.00,593.50,583.00,545.63,491800,0
PNN.L,20100813,588.00,595.00,584.00,549.81,902900,0
PNN.L,20100812,576.00,593.00,576.00,547.95,1204000,0
PNN.L,20100811,591.50,591.50,578.00,537.74,834500,0
PNN.L,20100810,605.50,613.00,604.00,548.32,984600,0
PNN.L,20100809,602.00,611.00,600.50,551.04,586600,0
PNN.L,20100806,604.00,606.00,597.00,543.35,592100,0
PNN.L,20100805,597.50,607.50,597.50,543.35,952200,0
PNN.L,20100804,598.00,601.50,594.00,541.99,464300,0
PNN.L,20100803,597.00,603.00,585.00,542.90,657700,0
PNN.L,20100802,594.50,600.00,590.00,542.90,733700,0
PNN.L,20100730,580.00,597.00,578.50,533.85,1543000,0
PNN.L,20100729,569.00,580.00,568.50,522.54,691500,0
PNN.L,20100728,577.00,579.50,570.50,522.54,657500,0
PNN.L,20100727,576.00,579.00,572.50,519.82,658900,0
PNN.L,20100726,579.00,579.50,567.50,518.01,947300,0
PNN.L,20100723,576.50,583.00,570.50,521.18,1106400,0
PNN.L,20100722,579.50,587.00,575.50,523.44,1091800,0
PNN.L,20100721,581.00,586.50,577.00,524.80,486500,0
PNN.L,20100720,581.50,587.50,574.50,523.44,751000,0
PNN.L,20100719,571.50,581.00,571.50,522.08,1238900,0
PNN.L,20100716,581.50,583.00,573.00,518.47,839800,0
PNN.L,20100715,570.00,583.00,570.00,525.70,918700,0
PNN.L,20100714,577.50,578.00,567.50,517.11,1330100,0
PNN.L,20100713,575.00,584.00,575.00,527.06,704400,0
PNN.L,20100712,576.50,577.50,569.50,521.18,443900,0
PNN.L,20100709,576.50,579.00,570.50,521.18,837500,0
PNN.L,20100708,569.50,582.00,567.00,518.47,843800,0
PNN.L,20100707,559.50,572.50,555.00,517.11,343700,0
PNN.L,20100706,557.00,563.00,554.00,508.06,601100,0
PNN.L,20100705,559.50,564.50,555.00,503.99,393800,0
PNN.L,20100702,547.00,559.00,542.50,503.99,768800,0
PNN.L,20100701,548.50,553.00,544.00,494.03,840500,0
PNN.L,20100630,545.00,559.00,545.00,500.37,1230800,0
PNN.L,20100629,552.00,556.00,544.00,493.58,818500,0
PNN.L,20100628,554.50,557.50,554.00,502.63,460800,0
PNN.L,20100625,551.50,558.50,551.50,501.73,567600,0
PNN.L,20100624,550.50,556.00,545.00,500.37,1198200,0
PNN.L,20100623,548.50,554.50,547.50,495.39,516300,0
PNN.L,20100622,554.00,559.00,548.00,498.56,995600,0
PNN.L,20100621,562.50,562.50,552.50,501.73,913700,0
PNN.L,20100618,555.00,560.00,552.00,500.82,2408900,0
PNN.L,20100617,562.50,566.00,554.00,503.08,1337100,0
PNN.L,20100616,560.00,567.00,558.50,506.70,906300,0
PNN.L,20100615,547.50,560.50,547.00,505.35,1221300,0
PNN.L,20100614,547.00,560.00,545.50,497.65,2080800,0
PNN.L,20100611,538.50,545.50,537.50,487.70,558700,0
PNN.L,20100610,530.50,544.00,528.00,488.15,557700,0
PNN.L,20100609,528.00,532.00,523.50,480.01,853500,0
PNN.L,20100608,536.00,536.00,523.00,476.84,864800,0
PNN.L,20100607,529.00,534.00,525.50,481.37,649000,0
PNN.L,20100604,546.00,546.00,531.00,482.72,702600,0
PNN.L,20100603,546.00,549.00,537.50,491.77,1181100,0
PNN.L,20100602,530.00,541.00,526.00,487.25,814600,0
PNN.L,20100601,524.50,533.00,519.00,481.37,1033600,0
PNN.L,20100528,517.50,529.50,515.00,475.03,1044700,0
PNN.L,20100527,508.00,515.00,504.00,465.08,1533500,0
PNN.L,20100526,509.50,509.50,495.70,455.13,1559900,0
PNN.L,20100525,482.90,511.50,482.00,451.96,2902500,0
PNN.L,20100524,488.50,494.10,484.20,442.91,993400,0
PNN.L,20100521,495.70,498.60,481.50,436.94,1809500,0
PNN.L,20100520,503.00,503.00,489.60,446.17,1797700,0
PNN.L,20100519,505.00,512.50,499.90,455.13,876000,0
PNN.L,20100518,501.00,515.50,496.10,462.82,867700,0
PNN.L,20100517,498.00,502.50,493.20,449.97,626900,0
PNN.L,20100514,505.50,509.00,495.30,450.24,641200,0
PNN.L,20100513,510.50,513.00,502.00,460.10,677400,0
PNN.L,20100512,497.80,513.00,492.10,461.01,655300,0
PNN.L,20100511,497.10,504.00,493.60,450.69,1165200,0
PNN.L,20100510,503.50,509.50,491.30,457.84,1036700,0
PNN.L,20100507,505.00,505.00,479.50,443.36,1691100,0
PNN.L,20100506,514.00,524.00,507.00,460.10,976200,0
PNN.L,20100505,522.50,525.00,517.50,470.06,793600,0
PNN.L,20100504,522.50,529.00,519.50,473.68,1097100,0
PNN.L,20100430,522.00,523.50,517.00,470.51,575600,0
PNN.L,20100429,518.00,522.00,513.50,469.60,1111100,0
PNN.L,20100428,524.00,530.00,517.50,469.15,724300,0
PNN.L,20100427,527.50,534.00,527.00,476.84,542200,0
PNN.L,20100426,536.50,538.50,528.50,479.56,835500,0
PNN.L,20100423,531.00,539.00,530.00,484.99,548700,0
PNN.L,20100422,536.50,541.00,530.00,482.27,442300,0
PNN.L,20100421,539.00,540.50,534.50,484.08,390800,0
PNN.L,20100420,540.00,544.00,537.50,488.15,1494100,0
PNN.L,20100419,537.00,543.00,536.50,485.89,510500,0
PNN.L,20100416,536.00,542.00,532.00,489.06,950600,0
PNN.L,20100415,529.50,536.50,527.00,484.53,681600,0
PNN.L,20100414,537.50,539.50,527.50,477.30,917800,0
PNN.L,20100413,536.50,544.50,535.00,485.44,772300,0
PNN.L,20100412,539.00,543.00,538.00,488.15,421700,0
PNN.L,20100409,535.50,539.50,531.50,487.70,506700,0
PNN.L,20100408,532.00,533.50,527.50,481.82,540000,0
PNN.L,20100407,530.50,537.00,529.50,480.91,645600,0
PNN.L,20100406,529.50,532.50,524.00,479.11,663300,0
PNN.L,20100401,525.50,527.00,522.00,476.84,428900,0
PNN.L,20100331,525.50,531.00,518.00,472.77,665900,0
PNN.L,20100330,522.50,530.00,522.50,476.84,552600,0
PNN.L,20100329,514.00,524.00,514.00,472.77,621800,0
PNN.L,20100326,518.00,521.00,512.00,465.53,634000,0
PNN.L,20100325,510.50,525.00,510.50,470.06,850600,0
PNN.L,20100324,526.00,526.00,510.00,462.82,1273400,0
PNN.L,20100323,520.00,529.50,519.00,475.94,1256600,0
PNN.L,20100322,522.00,524.50,516.00,470.96,476900,0
PNN.L,20100319,527.00,530.00,521.50,473.22,1384500,0
PNN.L,20100318,527.00,529.00,524.50,476.39,656500,0
PNN.L,20100317,526.00,529.50,523.00,476.84,853100,0
PNN.L,20100316,523.50,528.50,521.50,475.94,704100,0
PNN.L,20100315,526.00,529.50,521.00,473.22,459600,0
PNN.L,20100312,524.00,530.00,522.00,476.84,677200,0
PNN.L,20100311,520.00,526.00,520.00,474.13,542400,0
PNN.L,20100310,527.50,527.50,520.00,470.51,642600,0
PNN.L,20100309,526.50,529.50,523.50,475.49,435500,0
PNN.L,20100308,529.50,530.50,525.50,476.84,566100,0
PNN.L,20100305,529.50,530.50,521.00,477.75,610900,0
PNN.L,20100304,525.50,532.00,525.00,478.65,837900,0
PNN.L,20100303,524.50,531.50,524.50,477.75,1153300,0
PNN.L,20100302,523.00,528.00,518.50,476.84,822700,0
PNN.L,20100301,529.00,530.00,518.50,472.77,854900,0
PNN.L,20100226,517.00,525.00,515.00,474.58,1310900,0
PNN.L,20100225,521.00,528.50,511.00,466.44,1046000,0
PNN.L,20100224,525.00,525.50,521.00,473.68,838300,0
PNN.L,20100223,530.00,532.00,522.00,473.22,1120900,0
PNN.L,20100222,527.50,534.00,524.50,475.94,1344800,0
PNN.L,20100219,522.00,529.00,522.00,478.20,1197700,0
PNN.L,20100218,528.50,532.50,521.50,476.39,1317600,0
PNN.L,20100217,522.00,529.50,519.00,477.30,1320400,0
PNN.L,20100216,519.00,519.50,510.00,465.99,1726200,0
PNN.L,20100215,519.00,519.00,513.50,465.99,697500,0
PNN.L,20100212,515.50,520.00,513.50,466.44,825300,0
PNN.L,20100211,519.00,519.50,510.50,465.08,1085600,0
PNN.L,20100210,513.50,522.00,511.00,465.99,941700,0
PNN.L,20100209,511.00,513.50,505.50,462.82,720700,0
PNN.L,20100208,517.00,519.50,507.50,464.63,1900000,0
PNN.L,20100205,517.00,520.00,510.00,463.27,1356800,0
PNN.L,20100204,525.00,525.50,516.00,469.15,1391600,0
PNN.L,20100203,530.00,531.00,523.50,475.49,912500,0
PNN.L,20100202,540.00,540.00,528.50,479.11,1683100,0
PNN.L,20100201,522.00,544.50,522.00,488.61,2432100,0
PNN.L,20100129,521.00,523.00,514.00,465.53,1350600,0
PNN.L,20100128,525.50,529.50,519.00,469.60,1200600,0
PNN.L,20100127,524.00,524.50,520.00,470.51,1031000,0
PNN.L,20100126,530.50,532.00,522.50,476.84,980100,0
PNN.L,20100125,535.50,541.50,531.50,480.91,1597500,0
PNN.L,20100122,538.50,546.00,536.50,488.15,1602600,0
PNN.L,20100121,544.50,546.00,524.00,489.06,2271000,0
PNN.L,20100120,543.50,548.50,540.00,491.32,1312300,0
PNN.L,20100119,540.00,558.00,539.00,490.91,1681600,0
PNN.L,20100118,535.50,543.50,533.50,482.43,928500,0
PNN.L,20100115,537.00,542.50,530.00,475.28,855800,0
PNN.L,20100114,535.50,542.00,535.00,479.75,566800,0
PNN.L,20100113,538.00,545.00,533.00,479.75,979700,0
PNN.L,20100112,542.00,543.00,531.00,482.43,678500,0
PNN.L,20100111,536.00,542.50,515.50,482.87,1322600,0
PNN.L,20100108,539.00,540.00,531.00,482.43,809000,0
PNN.L,20100107,536.00,539.00,531.00,479.75,1214700,0
PNN.L,20100106,538.00,540.00,532.00,481.09,818700,0
PNN.L,20100105,539.50,543.00,533.50,480.64,1161100,0
PNN.L,20100104,540.00,544.00,536.50,482.87,801900,0
PNN.L,20091231,543.50,545.00,533.50,480.19,175600,0
PNN.L,20091230,545.00,545.00,537.50,483.32,509000,0
PNN.L,20091229,533.50,540.00,532.00,480.64,345400,0
PNN.L,20091224,526.00,535.00,526.00,477.96,56800,0
PNN.L,20091223,531.00,533.50,522.50,474.83,422100,0
PNN.L,20091222,529.00,534.00,526.50,471.26,504100,0
PNN.L,20091221,521.00,529.50,518.50,471.71,692800,0
PNN.L,20091218,521.50,528.50,518.50,466.35,1386300,0
PNN.L,20091217,521.00,527.50,516.00,465.90,1145300,0
PNN.L,20091216,524.50,527.00,515.50,467.69,909500,0
PNN.L,20091215,512.00,523.50,510.50,467.24,1096900,0
PNN.L,20091214,506.00,512.50,505.00,454.73,1151300,0
PNN.L,20091211,499.40,506.00,499.40,450.71,1855700,0
PNN.L,20091210,498.10,501.50,493.10,447.58,1754600,0
PNN.L,20091209,503.00,506.50,484.40,445.44,2752300,0
PNN.L,20091208,520.00,523.50,506.00,452.05,2007700,0
PNN.L,20091207,520.00,528.00,518.00,463.22,1401000,0
PNN.L,20091204,518.00,528.50,515.50,465.45,909400,0
PNN.L,20091203,520.50,525.00,513.50,461.88,1214800,0
PNN.L,20091202,511.50,523.50,509.00,464.11,1833500,0
PNN.L,20091201,497.90,512.50,496.70,456.07,1452900,0
PNN.L,20091130,500.50,505.00,493.90,444.37,1514600,0
PNN.L,20091127,489.50,502.00,488.00,448.03,2121900,0
PNN.L,20091126,487.30,504.00,487.30,439.63,2079200,0
PNN.L,20091125,490.20,490.20,484.00,434.99,1256300,0
PNN.L,20091124,479.90,491.00,479.10,435.70,956900,0
PNN.L,20091123,490.00,490.00,476.80,429.18,2135500,0
PNN.L,20091120,485.90,491.70,479.70,435.79,1375700,0
PNN.L,20091119,484.00,507.00,472.90,434.00,2908600,0
PNN.L,20091118,472.20,480.20,468.70,429.00,1283600,0
PNN.L,20091117,464.20,477.30,462.90,423.46,1153900,0
PNN.L,20091116,470.00,470.00,458.90,413.64,1318700,0
PNN.L,20091113,464.00,468.70,459.40,418.73,1005500,0
PNN.L,20091112,455.30,465.50,449.90,413.81,1194700,0
PNN.L,20091111,459.20,463.00,452.00,405.33,914900,0
PNN.L,20091110,450.80,456.80,450.80,408.01,846600,0
PNN.L,20091109,446.90,452.90,444.40,402.74,752000,0
PNN.L,20091106,452.00,454.90,441.00,397.64,883200,0
PNN.L,20091105,449.90,454.40,445.20,403.18,564900,0
PNN.L,20091104,450.00,451.50,445.40,401.57,914900,0
PNN.L,20091103,445.10,449.00,440.40,400.50,999100,0
PNN.L,20091102,455.50,455.50,445.60,399.43,878600,0
PNN.L,20091030,460.20,461.30,454.00,405.68,739700,0
PNN.L,20091029,454.10,460.50,449.00,409.08,1588200,0
PNN.L,20091028,453.10,456.90,450.50,405.51,1227800,0
PNN.L,20091027,456.30,459.80,451.00,407.65,716000,0
PNN.L,20091026,459.00,459.50,453.70,407.83,685300,0
PNN.L,20091023,460.70,461.80,456.30,407.83,560200,0
PNN.L,20091022,455.80,462.20,455.80,410.96,1196200,0
PNN.L,20091021,456.50,461.80,453.60,410.15,897500,0
PNN.L,20091020,457.10,459.90,454.00,406.22,1548500,0
PNN.L,20091019,457.90,461.50,451.60,407.65,822800,0
PNN.L,20091016,460.80,460.90,455.00,407.83,849900,0
PNN.L,20091015,463.90,463.90,454.70,409.08,1061300,0
PNN.L,20091014,467.30,469.50,458.90,411.76,1025700,0
PNN.L,20091013,463.10,471.00,459.00,413.37,1362500,0
PNN.L,20091012,480.10,480.10,471.30,421.05,1245400,0
PNN.L,20091009,484.20,484.20,475.80,427.93,911800,0
PNN.L,20091008,484.70,486.00,477.50,430.97,971700,0
PNN.L,20091007,484.00,489.20,475.20,428.11,1468000,0
PNN.L,20091006,474.70,475.40,467.70,423.73,1132000,0
PNN.L,20091005,469.00,472.40,467.30,420.69,539900,0
PNN.L,20091002,470.80,473.50,466.70,419.71,1510200,0
PNN.L,20091001,474.70,482.40,471.50,422.93,1603600,0
PNN.L,20090930,473.70,478.80,468.00,424.89,1703700,0
PNN.L,20090929,475.00,475.50,470.80,423.02,833400,0
PNN.L,20090928,465.30,473.50,462.70,422.93,1298700,0
PNN.L,20090925,468.00,473.40,465.90,418.55,990200,0
PNN.L,20090924,473.30,477.80,465.50,417.92,1691200,0
PNN.L,20090923,480.80,483.80,475.20,425.70,2350300,0
PNN.L,20090922,484.00,484.80,471.50,430.16,1496600,0
PNN.L,20090921,485.00,485.00,475.20,429.81,2159900,0
PNN.L,20090918,501.00,507.00,476.50,425.70,11894100,0
PNN.L,20090917,489.00,504.00,488.00,450.26,1901300,0
PNN.L,20090916,486.90,488.90,482.60,434.72,1202700,0
PNN.L,20090915,481.00,486.30,478.70,432.40,1701200,0
PNN.L,20090914,481.00,482.80,476.50,430.79,925500,0
PNN.L,20090911,482.40,487.10,480.30,430.34,1093200,0
PNN.L,20090910,471.20,488.80,471.20,429.36,2237400,0
PNN.L,20090909,462.90,473.20,460.20,421.32,1331100,0
PNN.L,20090908,466.00,467.90,462.50,414.08,1652000,0
PNN.L,20090907,463.40,469.80,460.00,417.39,897200,0
PNN.L,20090904,457.70,465.90,457.70,412.65,1085600,0
PNN.L,20090903,459.70,462.80,457.80,410.87,1300200,0
PNN.L,20090902,459.00,463.50,451.60,412.30,1759400,0
PNN.L,20090901,458.80,464.80,452.60,409.62,1110000,0
PNN.L,20090831,461.00,461.00,461.00,411.85,000,0
PNN.L,20090828,467.10,470.10,458.30,411.85,940100,0
PNN.L,20090827,461.60,470.20,461.60,417.83,867300,0
PNN.L,20090826,464.00,468.40,459.50,412.56,1233100,0
PNN.L,20090825,462.50,467.70,461.50,414.80,1037200,0
PNN.L,20090824,463.00,466.00,460.50,414.35,532700,0
PNN.L,20090821,449.50,460.00,447.10,409.97,190500,0
PNN.L,20090820,443.90,450.70,443.90,401.49,267800,0
PNN.L,20090819,440.00,443.80,436.00,396.48,238400,0
PNN.L,20090818,441.50,442.50,435.70,392.73,203900,0
PNN.L,20090817,444.90,446.90,434.40,390.32,250600,0
PNN.L,20090814,445.50,450.70,445.50,398.89,296700,0
PNN.L,20090813,450.90,452.50,442.40,399.25,354600,0
PNN.L,20090812,450.40,455.40,446.50,404.34,346600,0
PNN.L,20090811,466.00,469.30,458.80,400.99,428900,0
PNN.L,20090810,453.40,465.70,451.90,401.51,277500,0
PNN.L,20090807,446.50,454.90,446.50,391.47,829100,0
PNN.L,20090806,462.60,462.60,447.70,388.53,360000,0
PNN.L,20090805,463.00,467.00,459.30,400.04,299000,0
PNN.L,20090804,460.90,463.60,456.80,399.35,252200,0
PNN.L,20090803,455.50,461.00,452.00,397.88,350400,0
PNN.L,20090731,453.50,463.50,451.00,395.28,651000,0
PNN.L,20090730,468.50,475.25,443.75,391.67,1262400,0
PNN.L,20090729,464.25,474.00,463.25,405.24,219300,0
PNN.L,20090728,458.25,470.00,457.50,400.91,283400,0
PNN.L,20090727,467.25,468.25,454.25,397.66,385000,0
PNN.L,20090724,481.25,493.00,463.25,403.72,877900,0
PNN.L,20090723,501.50,501.50,485.75,424.72,1114800,0
PNN.L,20090722,496.75,511.50,494.75,439.44,304000,0
PNN.L,20090721,493.50,507.00,493.50,430.13,198300,0
PNN.L,20090720,484.25,495.50,484.00,428.62,154800,0
PNN.L,20090717,485.75,490.75,474.00,418.01,214500,0
PNN.L,20090716,480.25,491.00,477.75,420.82,181500,0
PNN.L,20090715,469.00,479.25,469.00,414.98,282100,0
PNN.L,20090714,470.75,474.25,465.00,405.89,169700,0
PNN.L,20090713,458.50,471.75,457.25,408.48,261000,0
PNN.L,20090710,455.00,462.25,455.00,398.53,202000,0
PNN.L,20090709,460.75,461.75,455.25,396.15,159600,0
PNN.L,20090708,463.25,467.00,459.00,397.44,183400,0
PNN.L,20090707,474.00,475.00,462.75,400.91,359200,0
PNN.L,20090706,470.00,474.00,468.00,408.70,271800,0
PNN.L,20090703,476.00,478.00,470.50,408.70,146400,0
PNN.L,20090702,485.00,485.00,474.25,412.81,283900,0
PNN.L,20090701,484.25,490.00,483.25,421.26,234900,0
PNN.L,20090630,489.25,495.50,482.25,418.01,449600,0
PNN.L,20090629,479.75,488.00,479.75,419.96,1474000,0
PNN.L,20090626,480.25,487.00,478.00,417.36,856500,0
PNN.L,20090625,482.50,483.75,474.00,413.90,856200,0
PNN.L,20090624,477.75,483.00,472.25,416.71,863500,0
PNN.L,20090623,474.25,479.50,473.75,411.51,570700,0
PNN.L,20090622,478.50,482.25,473.75,410.02,1140000,0
PNN.L,20090619,472.75,488.75,467.75,412.60,3135400,0
PNN.L,20090618,474.00,478.00,470.75,409.78,484600,0
PNN.L,20090617,487.00,487.00,470.75,411.30,345900,0
PNN.L,20090616,479.25,487.25,476.50,421.26,300900,0
PNN.L,20090615,484.00,490.00,481.25,420.82,228400,0
PNN.L,20090612,484.25,491.00,479.75,421.26,153300,0
PNN.L,20090611,480.00,490.00,476.75,421.69,211600,0
PNN.L,20090610,485.25,492.25,481.50,417.79,126800,0
PNN.L,20090609,483.50,489.00,477.25,418.66,377400,0
PNN.L,20090608,476.75,483.75,468.00,415.41,189900,0
PNN.L,20090605,477.75,485.50,475.25,412.81,261100,0
PNN.L,20090604,481.00,486.25,473.50,413.68,388800,0
PNN.L,20090603,481.25,490.00,481.00,416.93,312400,0
PNN.L,20090602,486.00,488.50,473.00,416.71,223700,0
PNN.L,20090601,474.00,486.00,473.25,416.49,93200,0
PNN.L,20090529,476.75,479.50,465.75,406.97,264300,0
PNN.L,20090528,481.50,482.00,472.50,412.16,177800,0
PNN.L,20090527,478.75,490.75,477.50,419.09,158700,0
PNN.L,20090526,465.00,482.25,462.25,415.84,158400,0
PNN.L,20090525,481.75,481.75,481.75,417.14,000,0
PNN.L,20090522,481.75,490.25,475.00,417.14,135200,0
PNN.L,20090521,489.50,490.00,470.75,414.76,181700,0
PNN.L,20090520,494.00,501.50,482.75,425.37,102000,0
PNN.L,20090519,483.50,496.50,480.75,426.24,231200,0
PNN.L,20090518,472.00,485.75,466.25,416.06,229300,0
PNN.L,20090515,488.25,491.25,473.75,410.22,830100,0
PNN.L,20090514,494.50,497.25,485.75,423.20,248200,0
PNN.L,20090513,492.50,507.00,489.75,430.56,408300,0
PNN.L,20090512,484.25,497.00,482.25,426.02,89400,0
PNN.L,20090511,491.75,491.75,481.00,419.74,183300,0
PNN.L,20090508,488.00,492.75,483.25,424.07,284100,0
PNN.L,20090507,470.25,502.00,468.00,422.77,571800,0
PNN.L,20090506,463.25,470.25,462.25,405.24,167600,0
PNN.L,20090505,469.25,481.50,460.25,401.12,325100,0
PNN.L,20090504,464.50,464.50,464.50,402.21,000,0
PNN.L,20090501,454.50,465.75,443.75,402.21,214700,0
PNN.L,20090430,452.00,452.50,443.25,385.11,412300,0
PNN.L,20090429,429.75,449.50,428.00,389.22,316300,0
PNN.L,20090428,426.75,432.25,425.00,370.60,179300,0
PNN.L,20090427,421.25,437.75,420.25,375.15,168400,0
PNN.L,20090424,414.75,423.00,409.50,365.84,465000,0
PNN.L,20090423,413.00,418.50,411.25,357.40,466600,0
PNN.L,20090422,421.75,422.25,411.50,359.13,327000,0
PNN.L,20090421,416.25,423.75,411.75,363.46,150000,0
PNN.L,20090420,425.50,427.00,416.25,361.94,248400,0
PNN.L,20090417,420.75,428.00,415.50,369.74,2362900,0
PNN.L,20090416,420.00,422.25,411.50,365.62,1655900,0
PNN.L,20090415,421.50,422.00,414.50,361.73,1199200,0
PNN.L,20090414,429.50,431.50,417.50,364.32,1506700,0
PNN.L,20090413,431.25,431.25,431.25,373.42,000,0
PNN.L,20090410,431.25,431.25,431.25,373.42,000,0
PNN.L,20090409,431.25,436.00,428.00,373.42,2896900,0
PNN.L,20090408,418.00,428.00,414.00,368.22,2352100,0
PNN.L,20090407,424.00,430.25,411.00,362.59,1593400,0
PNN.L,20090406,416.50,431.75,416.50,365.41,1361600,0
PNN.L,20090403,406.75,413.75,402.75,357.40,2772400,0
PNN.L,20090402,417.00,418.50,401.00,349.82,2703400,0
PNN.L,20090401,409.00,423.75,409.00,356.96,2580600,0
PNN.L,20090331,395.00,406.25,393.75,350.69,2025000,0
PNN.L,20090330,406.00,406.00,390.25,337.91,1490500,0
PNN.L,20090327,410.25,414.75,404.00,350.90,2211900,0
PNN.L,20090326,421.25,421.50,405.50,353.93,2834200,0
PNN.L,20090325,418.75,425.75,416.00,364.54,1385700,0
PNN.L,20090324,411.50,425.00,410.00,360.64,1958900,0
PNN.L,20090323,414.25,417.75,401.00,353.28,2034100,0
PNN.L,20090320,396.25,414.00,395.00,356.53,2990500,0
PNN.L,20090319,415.00,420.75,395.00,344.19,2589300,0
PNN.L,20090318,422.50,427.25,406.75,357.40,1512300,0
PNN.L,20090317,405.50,422.00,404.00,363.89,2394100,0
PNN.L,20090316,395.50,409.25,391.50,353.72,2124100,0
PNN.L,20090313,391.00,401.75,388.00,338.56,3473200,0
PNN.L,20090312,380.75,388.75,379.75,336.40,1572100,0
PNN.L,20090311,391.25,391.25,378.25,330.77,1322300,0
PNN.L,20090310,379.25,391.00,372.75,337.05,3028300,0
PNN.L,20090309,392.75,392.75,372.00,329.69,2342600,0
PNN.L,20090306,395.50,404.00,387.00,337.26,2496800,0
PNN.L,20090305,390.00,404.25,382.00,345.06,4184800,0
PNN.L,20090304,394.25,395.75,379.00,339.65,3823700,0
PNN.L,20090303,413.75,418.00,391.75,339.86,2147800,0
PNN.L,20090302,428.50,434.50,412.00,356.75,1284900,0
PNN.L,20090227,431.50,436.25,421.00,374.93,1316600,0
PNN.L,20090226,435.50,444.75,427.25,377.10,1868200,0
PNN.L,20090225,431.25,435.25,418.75,375.80,2336600,0
PNN.L,20090224,435.00,441.75,423.25,370.60,1481900,0
PNN.L,20090223,446.25,449.75,435.50,378.18,1165500,0
PNN.L,20090220,443.25,448.75,435.50,380.99,2248000,0
PNN.L,20090219,451.75,456.25,445.25,391.17,1337700,0
PNN.L,20090218,451.25,455.75,443.75,390.73,2188700,0
PNN.L,20090217,442.50,453.75,437.75,388.79,3080000,0
PNN.L,20090216,447.75,451.75,433.75,385.97,2149400,0
PNN.L,20090213,442.00,455.75,437.75,388.35,2517700,0
PNN.L,20090212,437.50,442.50,426.50,376.66,2731900,0
PNN.L,20090211,448.25,455.00,435.50,380.99,2865800,0
PNN.L,20090210,463.00,463.00,448.75,390.95,1448000,0
PNN.L,20090209,451.50,468.00,448.25,403.29,1658600,0
PNN.L,20090206,459.00,462.25,441.25,390.30,1954900,0
PNN.L,20090205,449.75,462.75,447.75,397.66,1882900,0
PNN.L,20090204,455.00,461.50,450.50,395.50,2256200,0
PNN.L,20090203,453.00,456.25,440.25,391.82,2690200,0
PNN.L,20090202,448.25,459.50,441.00,391.17,2207700,0
PNN.L,20090130,455.00,465.25,447.75,390.52,2402100,0
PNN.L,20090129,466.25,472.00,451.50,392.90,2079800,0
PNN.L,20090128,471.00,479.25,467.00,406.97,1839100,0
PNN.L,20090127,478.75,478.75,455.50,403.72,3079400,0
PNN.L,20090126,473.75,487.75,463.50,416.93,1327700,0
PNN.L,20090123,474.25,489.50,472.00,411.51,1133900,0
PNN.L,20090122,494.75,494.75,476.25,414.33,1469200,0
PNN.L,20090121,491.00,493.00,476.75,419.09,3209700,0
PNN.L,20090120,493.50,508.50,491.75,431.43,1955000,0
PNN.L,20090119,494.75,507.00,488.25,429.05,1694300,0
PNN.L,20090116,496.00,504.00,489.00,423.85,1017300,0
PNN.L,20090115,492.75,503.00,483.75,422.99,1575800,0
PNN.L,20090114,505.00,507.00,485.75,427.10,2064400,0
PNN.L,20090113,514.50,519.00,495.50,434.24,2250100,0
PNN.L,20090112,519.00,527.50,514.00,448.53,1230400,0
PNN.L,20090109,530.00,530.00,513.00,448.53,2010800,0
PNN.L,20090108,529.50,548.50,526.00,458.92,11717000,0
PNN.L,20090107,565.00,566.50,519.00,467.58,3797400,0
PNN.L,20090106,545.00,558.00,527.50,477.54,2538600,0
PNN.L,20090105,516.50,540.00,516.50,465.85,761600,0
PNN.L,20090102,499.75,516.50,499.75,447.23,1593800,0
PNN.L,20090101,497.75,497.75,497.75,431.00,000,0
PNN.L,20081231,507.50,510.50,497.75,431.00,358400,0
PNN.L,20081230,492.50,496.00,482.00,428.18,480900,0
PNN.L,20081229,477.75,485.50,469.00,419.09,426100,0
PNN.L,20081226,467.75,467.75,467.75,405.02,000,0
PNN.L,20081225,467.75,467.75,467.75,405.02,000,0
PNN.L,20081224,483.00,483.00,467.75,405.02,98100,0
PNN.L,20081223,470.75,483.75,459.75,409.78,635000,0
PNN.L,20081222,475.25,475.25,462.00,403.07,686900,0
PNN.L,20081219,482.50,493.50,462.50,407.83,2116300,0
PNN.L,20081218,467.00,489.75,460.25,417.14,1431500,0
PNN.L,20081217,470.50,471.50,455.75,405.02,1118700,0
PNN.L,20081216,450.75,469.50,450.75,406.54,1122800,0
PNN.L,20081215,459.25,459.50,443.50,392.25,842400,0
PNN.L,20081212,438.25,459.00,438.00,394.20,1007200,0
PNN.L,20081211,439.75,454.25,438.75,392.25,1505800,0
PNN.L,20081210,447.25,452.50,438.50,385.75,1990600,0
PNN.L,20081209,446.00,456.25,436.00,384.02,1596900,0
PNN.L,20081208,451.25,460.25,440.00,393.11,1432400,0
PNN.L,20081205,427.75,434.75,420.00,368.87,1275200,0
PNN.L,20081204,446.25,453.75,431.00,373.85,2157100,0
PNN.L,20081203,440.75,452.75,432.25,389.65,881900,0
PNN.L,20081202,420.75,449.25,419.50,389.00,2041300,0
PNN.L,20081201,450.25,458.75,424.00,369.95,1500800,0
PNN.L,20081128,455.00,467.00,445.75,393.11,1575400,0
PNN.L,20081127,450.25,467.25,446.00,397.66,1861900,0
PNN.L,20081126,478.50,494.00,437.00,386.84,2262300,0
PNN.L,20081125,480.00,498.75,473.00,416.93,1782600,0
PNN.L,20081124,451.50,487.75,442.00,418.44,2497800,0
PNN.L,20081121,478.25,483.00,441.00,385.32,2328900,0
PNN.L,20081120,506.00,515.00,473.50,415.63,2237100,0
PNN.L,20081119,517.00,524.50,510.00,442.04,900800,0
PNN.L,20081118,518.50,523.50,503.50,450.70,1409500,0
PNN.L,20081117,521.50,531.00,507.00,445.93,1325600,0
PNN.L,20081114,523.00,531.00,505.50,455.89,1835200,0
PNN.L,20081113,516.50,520.50,505.50,445.07,1889700,0
PNN.L,20081112,574.00,574.00,489.00,450.26,3459300,0
PNN.L,20081111,566.50,578.50,560.00,493.99,1468900,0
PNN.L,20081110,556.00,585.00,556.00,494.86,1509400,0
PNN.L,20081107,556.50,560.50,545.00,474.94,1641100,0
PNN.L,20081106,566.50,574.50,539.00,477.97,1723100,0
PNN.L,20081105,574.00,577.50,561.00,494.86,1541500,0
PNN.L,20081104,547.50,570.00,547.50,492.69,1637600,0
PNN.L,20081103,539.50,552.00,535.00,476.24,1027200,0
PNN.L,20081031,512.50,540.50,509.00,464.12,1640200,0
PNN.L,20081030,501.50,524.50,493.00,448.10,1120500,0
PNN.L,20081029,503.50,508.00,489.00,430.78,1212800,0
PNN.L,20081028,499.25,502.50,476.25,426.24,1416200,0
PNN.L,20081027,469.00,499.25,461.75,424.94,1786300,0
PNN.L,20081024,498.00,498.00,470.25,415.41,2194500,0
PNN.L,20081023,511.00,513.00,485.75,437.28,1810100,0
PNN.L,20081022,522.50,534.00,476.00,438.57,1564800,0
PNN.L,20081021,546.50,546.50,524.50,456.32,2084500,0
PNN.L,20081020,543.00,543.00,527.50,469.31,2125900,0
PNN.L,20081017,519.50,540.00,510.50,466.28,1847400,0
PNN.L,20081016,508.00,536.50,494.75,445.50,1238300,0
PNN.L,20081015,544.00,549.00,517.00,448.96,2284600,0
PNN.L,20081014,522.50,566.00,522.00,471.48,932400,0
PNN.L,20081013,483.50,521.50,478.00,448.96,2107800,0
PNN.L,20081010,484.00,516.50,444.00,415.63,2461100,0
PNN.L,20081009,532.00,545.50,479.00,425.15,2809100,0
PNN.L,20081008,537.00,562.00,528.00,458.92,1805500,0
PNN.L,20081007,563.50,571.00,547.50,481.44,931500,0
PNN.L,20081006,572.00,579.00,556.00,484.90,1706600,0
PNN.L,20081003,593.50,597.00,577.00,502.65,1591000,0
PNN.L,20081002,603.00,615.00,595.50,516.50,1438000,0
PNN.L,20081001,588.00,604.00,584.00,521.70,1617900,0
PNN.L,20080930,574.50,591.00,573.00,506.11,3203400,0
PNN.L,20080929,586.50,598.50,578.00,503.95,2050600,0
PNN.L,20080926,589.00,598.00,587.00,510.88,1325000,0
PNN.L,20080925,595.00,606.50,589.00,510.01,3375700,0
PNN.L,20080924,611.50,611.50,588.00,513.47,1355300,0
PNN.L,20080923,599.00,611.50,594.50,519.97,1835200,0
PNN.L,20080922,612.00,623.00,600.00,527.76,1624500,0
PNN.L,20080919,662.50,689.00,614.00,535.12,4802400,0
PNN.L,20080918,597.50,626.50,590.00,531.22,4575400,0
PNN.L,20080917,596.00,611.50,590.50,517.37,3509000,0
PNN.L,20080916,593.00,614.00,586.50,513.04,3234400,0
PNN.L,20080915,600.00,615.00,589.00,523.86,1941900,0
PNN.L,20080912,604.50,604.50,592.00,522.13,1938600,0
PNN.L,20080911,590.00,599.00,582.00,515.21,2107500,0
PNN.L,20080910,599.00,600.50,582.00,510.44,2167700,0
PNN.L,20080909,601.00,609.00,595.50,516.50,1954500,0
PNN.L,20080908,608.00,610.00,600.00,523.86,531800,0
PNN.L,20080905,600.50,606.50,590.00,513.04,2066500,0
PNN.L,20080904,605.00,614.00,598.50,518.67,871200,0
PNN.L,20080903,622.00,622.00,607.00,526.03,1456600,0
PNN.L,20080902,623.00,624.50,615.50,536.42,2527200,0
PNN.L,20080901,606.50,622.50,606.50,537.29,1478000,0
PNN.L,20080829,636.50,637.00,608.00,530.79,2904600,0
PNN.L,20080828,630.00,641.50,625.00,548.11,1311900,0
PNN.L,20080827,632.50,640.00,624.50,544.65,1497600,0
PNN.L,20080826,620.00,633.00,607.00,545.51,1857000,0
PNN.L,20080825,634.50,634.50,634.50,549.41,000,0
PNN.L,20080822,629.00,634.50,622.00,549.41,941700,0
PNN.L,20080821,623.00,627.00,615.00,540.32,931400,0
PNN.L,20080820,626.00,630.00,615.00,539.02,1186400,0
PNN.L,20080819,618.50,631.50,615.00,542.48,2388900,0
PNN.L,20080818,631.50,635.00,616.00,535.99,1852900,0
PNN.L,20080815,628.50,637.50,620.50,551.57,1973800,0
PNN.L,20080814,627.50,633.50,621.50,538.58,1144600,0
PNN.L,20080813,624.50,638.50,620.00,543.78,2048200,0
PNN.L,20080812,639.50,647.50,627.50,544.65,1839800,0
PNN.L,20080811,631.00,645.50,625.50,556.77,1359300,0
PNN.L,20080808,620.50,638.00,619.00,547.68,1074800,0
PNN.L,20080807,624.00,635.00,614.50,541.62,2168900,0
PNN.L,20080806,643.00,646.00,625.50,549.84,1500500,0
PNN.L,20080805,652.00,658.00,638.00,559.80,2150600,0
PNN.L,20080804,623.00,649.00,623.00,558.50,1104600,0
PNN.L,20080801,630.00,646.00,630.00,553.74,1107900,0
PNN.L,20080731,650.00,651.00,631.00,554.60,1408600,0
PNN.L,20080730,638.50,651.50,636.50,562.83,1306700,0
PNN.L,20080729,632.00,644.50,629.00,554.17,614700,0
PNN.L,20080728,642.00,646.00,637.00,552.87,1224400,0
PNN.L,20080725,651.00,655.00,644.00,561.53,1098200,0
PNN.L,20080724,649.00,657.00,637.50,566.73,2114800,0
PNN.L,20080723,654.50,665.00,649.50,568.02,2404700,0
PNN.L,20080722,635.00,661.50,628.50,570.19,2956100,0
PNN.L,20080721,605.50,632.00,599.50,546.38,1800300,0
PNN.L,20080718,611.00,615.00,598.00,527.76,3260300,0
PNN.L,20080717,634.00,637.50,610.00,532.52,2384700,0
PNN.L,20080716,619.50,628.50,617.00,543.35,1339200,0
PNN.L,20080715,610.00,622.00,607.50,530.79,2009600,0
PNN.L,20080714,611.50,623.00,610.50,535.99,1575600,0
PNN.L,20080711,620.50,626.00,608.50,526.89,1684400,0
PNN.L,20080710,630.00,640.00,618.00,536.85,2073000,0
PNN.L,20080709,651.50,652.00,637.00,552.01,1912100,0
PNN.L,20080708,629.50,652.50,628.00,560.66,2347300,0
PNN.L,20080707,627.00,640.00,626.00,552.87,1905000,0
PNN.L,20080704,635.50,635.50,621.50,540.75,734200,0
PNN.L,20080703,621.00,639.00,620.00,544.65,2786700,0
PNN.L,20080702,639.00,640.50,623.00,539.45,2714900,0
PNN.L,20080701,633.50,654.00,630.50,554.17,2266500,0
PNN.L,20080630,630.50,640.00,627.00,552.44,1003300,0
PNN.L,20080627,620.00,634.00,620.00,544.21,1829000,0
PNN.L,20080626,628.00,629.00,620.00,536.85,1231200,0
PNN.L,20080625,626.00,634.50,624.00,545.51,1370300,0
PNN.L,20080624,627.50,630.00,613.00,542.48,2480800,0
PNN.L,20080623,630.00,630.00,618.00,541.62,1426900,0
PNN.L,20080620,638.50,646.50,628.00,543.78,3065800,0
PNN.L,20080619,631.50,644.50,623.00,551.14,2905400,0
PNN.L,20080618,623.00,629.50,619.50,539.88,2273100,0
PNN.L,20080617,618.00,633.50,618.00,541.18,1371300,0
PNN.L,20080616,631.50,635.50,614.50,535.99,1285600,0
PNN.L,20080613,623.50,635.50,614.50,548.54,1836600,0
PNN.L,20080612,637.00,640.00,615.00,540.32,3263000,0
PNN.L,20080611,656.00,658.00,637.50,552.44,2440800,0
PNN.L,20080610,640.00,665.00,640.00,569.32,4808700,0
PNN.L,20080609,630.50,647.50,630.50,554.17,3004000,0
PNN.L,20080606,646.50,651.00,627.50,547.68,3647200,0
PNN.L,20080605,650.50,664.00,646.50,559.80,3341500,0
PNN.L,20080604,652.00,652.00,640.00,561.53,2248500,0
PNN.L,20080603,645.50,655.00,645.50,563.26,2171900,0
PNN.L,20080602,645.00,653.00,636.00,563.26,1477500,0
PNN.L,20080530,648.50,653.00,644.50,561.53,1525100,0
PNN.L,20080529,642.50,651.00,640.50,559.80,1464000,0
PNN.L,20080528,643.50,648.00,640.00,554.60,1963000,0
PNN.L,20080527,634.50,641.00,631.00,552.87,1039700,0
PNN.L,20080526,633.00,633.00,633.00,548.11,000,0
PNN.L,20080523,640.50,643.00,632.50,548.11,926800,0
PNN.L,20080522,633.00,646.00,633.00,555.47,996800,0
PNN.L,20080521,635.50,641.00,631.50,549.84,1196000,0
PNN.L,20080520,650.50,652.50,630.00,549.41,1645200,0
PNN.L,20080519,636.50,651.50,633.50,563.26,1071000,0
PNN.L,20080516,634.00,646.00,633.00,549.84,1061200,0
PNN.L,20080515,631.50,639.50,630.50,547.68,1046300,0
PNN.L,20080514,629.50,633.50,622.50,548.11,1234900,0
PNN.L,20080513,635.50,637.50,625.00,545.51,1345100,0
PNN.L,20080512,631.00,641.00,631.00,550.27,1091600,0
PNN.L,20080509,634.50,634.50,628.00,547.68,860500,0
PNN.L,20080508,634.00,637.50,629.50,547.68,1289100,0
PNN.L,20080507,631.50,637.50,631.50,550.71,906800,0
PNN.L,20080506,635.00,635.50,622.50,547.24,1239100,0
PNN.L,20080505,633.50,633.50,633.50,548.54,000,0
PNN.L,20080502,643.00,643.00,631.50,548.54,861600,0
PNN.L,20080501,640.00,640.00,633.50,551.57,670000,0
PNN.L,20080430,634.00,639.00,626.00,549.84,800500,0
PNN.L,20080429,635.50,641.00,629.50,551.57,1116700,0
PNN.L,20080428,645.00,653.50,635.00,552.87,1336700,0
PNN.L,20080425,634.00,651.50,628.50,560.66,3273800,0
PNN.L,20080424,608.00,632.00,608.00,547.24,2835000,0
PNN.L,20080423,613.50,619.50,606.00,531.22,1567400,0
PNN.L,20080422,599.00,625.50,599.00,533.39,1768900,0
PNN.L,20080421,607.00,610.00,599.50,523.86,1793500,0
PNN.L,20080418,620.00,623.50,604.00,523.43,1847200,0
PNN.L,20080417,617.00,622.50,611.00,533.39,2090600,0
PNN.L,20080416,627.00,633.50,613.00,534.25,1263500,0
PNN.L,20080415,623.50,625.00,615.50,538.58,1016100,0
PNN.L,20080414,615.00,627.00,615.00,534.25,1119300,0
PNN.L,20080411,624.50,632.00,615.50,537.72,1238600,0
PNN.L,20080410,619.00,628.50,616.00,539.88,1628700,0
PNN.L,20080409,629.50,634.50,615.00,532.52,2539800,0
PNN.L,20080408,624.50,630.00,617.50,543.78,1677200,0
PNN.L,20080407,633.00,639.50,624.50,545.51,1245200,0
PNN.L,20080404,639.00,639.00,626.00,547.68,1263200,0
PNN.L,20080403,640.50,644.00,623.50,551.14,1620200,0
PNN.L,20080402,662.00,664.00,638.00,554.60,1937400,0
PNN.L,20080401,649.50,663.00,646.00,574.09,1910200,0
PNN.L,20080331,638.00,654.00,633.00,560.66,1679500,0
PNN.L,20080328,642.50,648.00,637.00,558.93,1206600,0
PNN.L,20080327,627.50,642.50,627.50,555.47,1280300,0
PNN.L,20080326,625.50,641.50,625.00,545.51,1740500,0
PNN.L,20080325,654.00,664.50,626.50,545.51,4099300,0
PNN.L,20080324,642.00,642.00,642.00,555.90,000,0
PNN.L,20080321,642.00,642.00,642.00,555.90,000,0
PNN.L,20080320,632.00,655.00,627.50,555.90,5483300,0
PNN.L,20080319,635.50,642.50,625.50,548.98,2488000,0
PNN.L,20080318,628.00,635.00,623.00,548.11,2076400,0
PNN.L,20080317,629.00,629.00,629.00,544.65,000,0
PNN.L,20080314,634.00,640.00,626.50,544.65,1357400,0
PNN.L,20080313,625.50,640.00,624.50,551.57,1489600,0
PNN.L,20080312,647.00,647.00,630.50,553.30,1836900,0
PNN.L,20080311,633.00,645.50,626.50,549.41,1846100,0
PNN.L,20080310,635.00,639.50,627.00,544.21,1466900,0
PNN.L,20080307,625.50,651.50,623.00,555.47,2788400,0
PNN.L,20080306,635.50,644.00,620.00,544.65,2451600,0
PNN.L,20080305,634.50,638.00,626.50,546.81,5071800,0
PNN.L,20080304,637.50,642.50,621.50,542.91,1752900,0
PNN.L,20080303,629.00,643.50,629.00,552.44,2423200,0
PNN.L,20080229,641.00,648.00,639.50,556.34,1590900,0
PNN.L,20080228,647.50,652.50,641.50,558.93,1518500,0
PNN.L,20080227,647.50,650.00,640.00,558.93,1834300,0
PNN.L,20080226,650.50,653.50,639.00,555.47,1409500,0
PNN.L,20080225,651.00,657.00,638.50,558.07,1397000,0
PNN.L,20080222,635.00,645.50,628.00,555.04,1484000,0
PNN.L,20080221,663.00,663.00,640.00,556.34,1434800,0
PNN.L,20080220,643.00,656.50,635.00,568.02,2129100,0
PNN.L,20080219,650.00,660.00,643.00,564.99,1365300,0
PNN.L,20080218,649.00,662.00,649.00,568.46,988800,0
PNN.L,20080215,662.00,662.00,640.00,561.53,1344800,0
PNN.L,20080214,663.50,664.00,654.00,571.06,1508200,0
PNN.L,20080213,643.50,658.50,643.50,567.16,2431700,0
PNN.L,20080212,661.50,664.00,635.50,564.13,3616900,0
PNN.L,20080211,650.00,666.50,650.00,575.38,1494600,0
PNN.L,20080208,667.00,676.00,655.00,570.62,1776400,0
PNN.L,20080207,665.00,671.50,656.50,574.95,1815700,0
PNN.L,20080206,648.00,671.50,648.00,579.28,1612600,0
PNN.L,20080205,657.00,673.50,653.50,567.16,1663400,0
PNN.L,20080204,666.50,675.00,657.50,574.52,1171500,0
PNN.L,20080201,663.00,669.50,649.00,575.38,1765000,0
PNN.L,20080131,654.50,664.00,643.00,569.76,2047100,0
PNN.L,20080130,652.50,661.00,648.00,570.62,1498500,0
PNN.L,20080129,643.00,662.50,636.00,570.19,2078000,0
PNN.L,20080128,625.00,649.00,622.00,555.04,3190400,0
PNN.L,20080125,622.00,643.50,613.00,554.17,3352300,0
PNN.L,20080124,640.00,645.00,604.50,533.82,4776400,0
PNN.L,20080123,642.00,645.50,609.50,537.29,3307500,0
PNN.L,20080122,640.00,678.00,622.00,557.63,4814300,0
PNN.L,20080121,660.50,675.00,650.50,569.32,3591900,0
PNN.L,20080118,656.00,686.00,653.00,582.74,3436300,0
PNN.L,20080117,652.50,670.00,644.00,573.22,3013200,0
PNN.L,20080116,636.50,660.00,633.00,561.96,2575600,0
PNN.L,20080115,655.00,657.00,641.50,556.34,2607200,0
PNN.L,20080114,634.50,661.00,629.00,565.86,2156400,0
PNN.L,20080111,654.00,654.00,634.00,553.74,1716600,0
PNN.L,20080110,661.50,672.50,651.00,565.86,2020000,0
PNN.L,20080109,654.00,665.00,651.00,573.22,2154400,0
PNN.L,20080108,700.00,702.00,655.50,573.65,3387400,0
PNN.L,20080107,676.50,705.00,676.50,601.36,1647900,0
PNN.L,20080104,696.00,703.50,678.50,590.10,1539600,0
PNN.L,20080103,681.50,696.50,680.00,598.76,1222600,0
PNN.L,20080102,664.00,691.00,664.00,590.10,989700,0
PNN.L,20080101,674.50,674.50,674.50,584.04,000,0
PNN.L,20071231,672.50,678.00,669.00,584.04,264400,0
PNN.L,20071228,685.50,697.50,661.50,586.64,1147400,0
PNN.L,20071227,676.00,688.50,661.50,594.43,779100,0
PNN.L,20071226,668.50,668.50,668.50,578.85,000,0
PNN.L,20071225,668.50,668.50,668.50,578.85,000,0
PNN.L,20071224,679.50,687.00,668.50,578.85,244800,0
PNN.L,20071221,679.50,688.00,671.50,584.04,2318800,0
PNN.L,20071220,664.00,672.00,656.00,577.55,1044700,0
PNN.L,20071219,663.00,666.50,650.00,571.92,1652500,0
PNN.L,20071218,646.00,665.50,644.50,570.62,2416000,0
PNN.L,20071217,643.00,655.00,639.50,563.70,1486300,0
PNN.L,20071214,652.00,660.50,640.50,565.86,953500,0
PNN.L,20071213,649.50,657.50,642.50,557.20,923100,0
PNN.L,20071212,648.00,669.50,648.00,570.62,1254800,0
PNN.L,20071211,661.50,663.00,653.00,568.46,950400,0
PNN.L,20071210,664.50,669.00,658.00,573.65,965000,0
PNN.L,20071207,664.50,670.50,658.50,574.52,1563000,0
PNN.L,20071206,676.50,676.50,656.00,575.38,1345000,0
PNN.L,20071205,665.00,673.00,655.00,580.58,1363300,0
PNN.L,20071204,658.50,667.00,647.50,568.89,2258600,0
PNN.L,20071203,671.50,679.50,660.50,572.35,1605900,0
PNN.L,20071130,675.00,700.00,662.50,584.48,2086100,0
PNN.L,20071129,674.00,674.00,652.00,581.01,1904700,0
PNN.L,20071128,645.50,670.50,641.50,577.55,1949800,0
PNN.L,20071127,647.50,654.00,633.00,557.63,2465700,0
PNN.L,20071126,670.00,670.00,647.50,561.53,2315600,0
PNN.L,20071123,637.50,678.00,632.00,573.65,5629400,0
PNN.L,20071122,604.00,663.50,594.00,547.24,5262300,0
PNN.L,20071121,591.50,603.00,586.50,517.80,1985100,0
PNN.L,20071120,609.00,613.50,596.50,519.53,2259700,0
PNN.L,20071119,609.50,615.50,601.50,522.13,2561200,0
PNN.L,20071116,586.50,610.00,585.00,524.30,2305100,0
PNN.L,20071115,595.00,596.00,584.50,511.74,1742100,0
PNN.L,20071114,600.00,600.00,587.00,512.61,2230900,0
PNN.L,20071113,590.50,598.50,588.50,510.44,1251600,0
PNN.L,20071112,590.00,599.50,586.00,516.07,1857900,0
PNN.L,20071109,596.50,597.50,586.00,512.17,1603300,0
PNN.L,20071108,593.00,596.00,585.00,511.31,2005600,0
PNN.L,20071107,605.50,605.50,590.00,515.21,1715900,0
PNN.L,20071106,620.00,620.00,598.50,519.53,2071700,0
PNN.L,20071105,612.00,617.50,607.50,530.79,786900,0
PNN.L,20071102,606.00,620.50,605.50,535.12,1729500,0
PNN.L,20071101,633.50,633.50,611.00,532.52,1587900,0
PNN.L,20071031,632.00,634.50,620.00,542.91,4016300,0
PNN.L,20071030,632.00,642.50,629.00,545.94,2666200,0
PNN.L,20071029,640.50,640.50,634.00,551.14,1120500,0
PNN.L,20071026,626.00,634.00,620.50,545.51,1687500,0
PNN.L,20071025,611.50,631.50,610.00,542.91,4133200,0
PNN.L,20071024,608.00,618.00,608.00,527.33,1738200,0
PNN.L,20071023,609.50,617.00,605.50,528.19,4171800,0
PNN.L,20071022,592.50,610.00,591.50,523.86,3708000,0
PNN.L,20071019,626.50,629.00,601.50,525.16,4051900,0
PNN.L,20071018,638.50,641.00,627.50,545.08,1727400,0
PNN.L,20071017,625.50,644.50,625.50,550.71,2481900,0
PNN.L,20071016,627.00,632.50,624.00,541.62,1871000,0
PNN.L,20071015,649.00,649.00,632.00,548.11,2352700,0
PNN.L,20071012,648.00,655.00,642.00,559.80,4122200,0
PNN.L,20071011,636.50,652.00,635.00,563.26,3534400,0
PNN.L,20071010,639.00,648.50,630.00,549.84,1948900,0
PNN.L,20071009,625.00,645.00,625.00,549.41,7358100,0
PNN.L,20071008,626.00,635.00,617.00,537.29,1995700,0
PNN.L,20071005,611.00,628.00,611.00,543.35,3983700,0
PNN.L,20071004,608.00,618.50,607.00,532.96,2137300,0
PNN.L,20071003,611.00,614.50,603.00,529.93,1726300,0
PNN.L,20071002,606.00,612.50,600.00,525.16,3211300,0
PNN.L,20071001,606.50,629.00,593.00,517.80,4171200,0
PNN.L,20070928,600.00,607.50,598.00,525.60,2389700,0
PNN.L,20070927,607.00,612.00,600.00,519.53,3066700,0
PNN.L,20070926,601.50,610.50,599.00,519.53,2804300,0
PNN.L,20070925,599.00,609.00,589.50,516.07,3318900,0
PNN.L,20070924,610.00,615.50,602.00,523.43,3512900,0
PNN.L,20070921,609.00,635.00,609.00,532.09,2294400,0
PNN.L,20070920,618.00,623.00,611.00,531.66,1730400,0
PNN.L,20070919,621.00,625.00,612.50,535.55,3614000,0
PNN.L,20070918,593.00,611.00,593.00,526.89,3587700,0
PNN.L,20070917,601.50,611.50,592.00,516.94,3669400,0
PNN.L,20070914,600.00,608.00,594.00,519.53,3068600,0
PNN.L,20070913,597.00,611.00,597.00,524.73,1911100,0
PNN.L,20070912,602.00,613.00,599.50,521.27,1237300,0
PNN.L,20070911,589.50,606.50,589.50,523.86,3047400,0
PNN.L,20070910,579.00,599.50,576.50,512.17,3107300,0
PNN.L,20070907,596.50,596.50,581.50,503.95,2140200,0
PNN.L,20070906,600.00,600.00,583.00,515.21,1946300,0
PNN.L,20070905,607.00,607.00,588.50,513.91,2053100,0
PNN.L,20070904,589.00,606.00,589.00,523.43,1570200,0
PNN.L,20070903,603.00,603.00,593.50,516.50,1798000,0
PNN.L,20070831,588.50,603.00,576.50,520.83,5055700,0
PNN.L,20070830,583.50,583.50,569.00,502.22,4150200,0
PNN.L,20070829,545.50,585.50,545.50,497.89,6770800,0
PNN.L,20070828,540.50,567.00,540.50,482.30,2354000,0
PNN.L,20070827,565.50,565.50,565.50,489.66,000,0
PNN.L,20070824,553.00,566.50,553.00,489.66,3640100,0
PNN.L,20070823,577.50,584.00,559.00,485.77,4380900,0
PNN.L,20070822,566.50,574.50,566.00,493.13,2495600,0
PNN.L,20070821,562.00,570.00,552.00,489.23,3308400,0
PNN.L,20070820,550.00,568.50,550.00,484.90,2512400,0
PNN.L,20070817,550.00,560.50,520.00,484.03,8175100,0
PNN.L,20070816,559.50,566.00,541.50,474.08,7402900,0
PNN.L,20070815,575.50,592.50,567.00,492.26,5819200,0
PNN.L,20070814,589.00,600.00,582.00,508.71,4010800,0
PNN.L,20070813,606.00,607.00,580.00,510.44,4506500,0
PNN.L,20070810,598.00,612.00,574.50,512.17,6388600,0
PNN.L,20070809,630.00,635.00,599.00,529.49,7005900,0
PNN.L,20070808,609.50,621.50,595.00,535.12,4563600,0
PNN.L,20070807,614.50,617.00,603.50,530.79,3570400,0
PNN.L,20070806,605.50,615.00,600.00,520.40,3499800,0
PNN.L,20070803,630.00,633.50,606.00,532.52,3647600,0
PNN.L,20070802,623.00,635.00,607.50,546.38,6967400,0
PNN.L,20070801,608.00,635.00,602.50,534.69,5637200,0
PNN.L,20070731,616.50,620.00,605.50,533.82,7417900,0
PNN.L,20070730,592.00,623.50,591.50,525.60,8064400,0
PNN.L,20070727,591.50,604.00,590.00,515.21,5144700,0
PNN.L,20070726,618.50,618.50,598.50,519.10,7764400,0
PNN.L,20070725,618.00,627.50,607.00,529.49,3850700,0
PNN.L,20070724,637.00,642.00,622.00,542.91,1749600,0
PNN.L,20070723,630.00,639.50,627.50,553.30,1452500,0
PNN.L,20070720,634.50,645.50,631.00,550.71,1693700,0
PNN.L,20070719,632.50,652.00,627.00,554.60,3463100,0
PNN.L,20070718,611.00,635.00,611.00,541.62,2838300,0
PNN.L,20070717,620.00,623.50,610.50,535.99,1388600,0
PNN.L,20070716,616.00,623.50,614.50,536.85,1284300,0
PNN.L,20070713,633.00,639.00,617.50,535.12,1809800,0
PNN.L,20070712,620.50,630.00,615.50,542.48,5233800,0
PNN.L,20070711,605.00,626.00,602.50,539.88,5842000,0
PNN.L,20070710,617.00,619.50,607.00,527.76,5352600,0
PNN.L,20070709,614.00,622.00,613.00,532.09,2699700,0
PNN.L,20070706,611.00,620.50,611.00,534.25,984200,0
PNN.L,20070705,618.00,628.00,612.50,533.39,3929100,0
PNN.L,20070704,608.50,617.50,608.50,529.06,1231200,0
PNN.L,20070703,612.00,615.50,608.00,531.22,3118900,0
PNN.L,20070702,606.50,615.50,602.00,527.76,3344200,0
PNN.L,20070629,620.00,620.00,602.00,533.39,2380200,0
PNN.L,20070628,610.50,621.50,610.50,533.39,2346500,0
PNN.L,20070627,610.00,616.50,607.50,530.79,1970300,0
PNN.L,20070626,620.00,631.00,610.50,535.12,3981100,0
PNN.L,20070625,610.00,612.50,604.00,527.76,3573300,0
PNN.L,20070622,611.50,616.00,606.50,530.79,2778400,0
PNN.L,20070621,615.00,620.00,605.50,526.46,7717600,0
PNN.L,20070620,632.00,649.00,615.00,536.85,5309500,0
PNN.L,20070619,639.00,642.00,628.00,548.54,3322900,0
PNN.L,20070618,641.00,652.00,631.50,550.27,3584500,0
PNN.L,20070615,635.00,655.50,635.00,558.07,2447400,0
PNN.L,20070614,635.50,638.00,628.00,550.71,3074300,0
PNN.L,20070613,630.00,630.50,611.00,541.18,7405300,0
PNN.L,20070612,635.00,648.00,625.00,543.35,4470300,0
PNN.L,20070611,626.00,640.50,622.00,552.01,4113000,0
PNN.L,20070608,620.00,630.00,616.50,538.58,4692000,0
PNN.L,20070607,638.00,642.00,616.00,542.48,5994700,0
PNN.L,20070606,658.00,658.00,631.50,549.84,3093500,0
PNN.L,20070605,671.00,671.00,640.00,568.46,3620000,0
PNN.L,20070604,660.00,673.00,660.00,575.82,4547900,0
PNN.L,20070601,676.00,676.00,676.00,585.34,000,0
PNN.L,20070531,690.00,695.00,653.50,585.34,4822000,0
PNN.L,20070530,670.00,702.50,670.00,592.70,5519900,0
PNN.L,20070529,705.00,714.00,692.50,605.26,5145700,0
PNN.L,20070528,699.00,699.00,699.00,605.26,000,0
PNN.L,20070525,663.00,705.00,661.00,605.26,5855800,0
PNN.L,20070524,680.50,690.50,658.00,574.09,5866100,0
PNN.L,20070523,651.50,735.00,651.50,598.33,11807300,0
PNN.L,20070522,631.50,658.50,623.00,568.89,7794800,0
PNN.L,20070521,620.00,642.00,620.00,545.94,3121800,0
PNN.L,20070518,616.00,626.00,614.00,537.72,2076200,0
PNN.L,20070517,620.00,626.50,613.50,535.12,2343400,0
PNN.L,20070516,609.00,626.50,608.00,532.09,1999500,0
PNN.L,20070515,589.00,624.00,589.00,532.09,1605100,0
PNN.L,20070514,617.00,618.00,607.50,535.12,1162100,0
PNN.L,20070511,597.50,610.50,597.50,526.46,1270200,0
PNN.L,20070510,610.50,610.50,601.00,524.73,1759100,0
PNN.L,20070509,611.50,616.50,605.00,527.33,866800,0
PNN.L,20070508,611.00,624.50,610.00,529.06,1234600,0
PNN.L,20070507,615.50,615.50,615.50,532.96,000,0
PNN.L,20070504,610.50,617.50,610.00,532.96,566500,0
PNN.L,20070503,611.50,614.00,603.50,529.49,1423700,0
PNN.L,20070502,608.00,619.50,594.50,529.49,2163200,0
PNN.L,20070501,598.00,607.50,585.50,521.27,1059000,0
PNN.L,20070430,597.00,614.00,597.00,522.57,1391000,0
PNN.L,20070427,589.50,605.00,589.50,521.70,1951300,0
PNN.L,20070426,609.00,609.00,597.50,524.30,1188800,0
PNN.L,20070425,604.00,607.50,599.00,520.83,1731200,0
PNN.L,20070424,601.00,606.50,594.50,519.10,1521500,0
PNN.L,20070423,604.50,607.50,598.00,524.73,1997500,0
PNN.L,20070420,611.00,612.00,604.00,523.43,1064100,0
PNN.L,20070419,596.50,606.50,595.00,524.30,1797400,0
PNN.L,20070418,615.00,616.00,603.00,524.30,2697100,0
PNN.L,20070417,616.00,616.00,608.00,531.66,2728100,0
PNN.L,20070416,613.00,617.00,608.50,532.09,2497800,0
PNN.L,20070413,608.00,614.00,604.00,529.93,2078500,0
PNN.L,20070412,610.00,611.50,602.00,527.76,1207200,0
PNN.L,20070411,612.00,623.00,611.00,532.09,2904100,0
PNN.L,20070410,616.00,619.50,609.50,532.52,1127500,0
PNN.L,20070409,611.00,611.00,611.00,529.06,000,0
PNN.L,20070406,611.00,611.00,611.00,529.06,000,0
PNN.L,20070405,617.00,623.00,605.00,529.06,2695600,0
PNN.L,20070404,613.00,622.50,601.00,537.72,4628900,0
PNN.L,20070403,594.00,608.00,589.00,526.46,3892100,0
PNN.L,20070402,584.00,594.00,579.00,513.04,2270900,0
PNN.L,20070330,584.50,589.00,579.00,506.11,2324000,0
PNN.L,20070329,574.00,585.00,574.00,502.65,1715000,0
PNN.L,20070328,573.00,583.50,573.00,503.95,1903500,0
PNN.L,20070327,583.00,583.00,568.50,500.49,1993500,0
PNN.L,20070326,583.50,583.50,573.00,497.89,2161800,0
PNN.L,20070323,572.00,588.50,572.00,503.95,5054800,0
PNN.L,20070322,579.00,581.50,576.50,501.35,4441400,0
PNN.L,20070321,571.00,578.50,568.50,494.42,2649100,0
PNN.L,20070320,564.00,572.00,560.00,492.69,3154200,0
PNN.L,20070319,579.00,579.00,560.50,488.80,4627500,0
PNN.L,20070316,549.00,572.50,543.00,481.44,4726700,0
PNN.L,20070315,546.00,548.50,540.00,473.64,3695700,0
PNN.L,20070314,531.25,543.50,528.00,465.42,3885000,0
PNN.L,20070313,540.00,547.00,540.00,469.31,2933700,0
PNN.L,20070312,547.75,548.00,539.25,469.31,1667700,0
PNN.L,20070309,545.25,547.00,537.00,469.96,2641200,0
PNN.L,20070308,547.00,547.00,539.25,471.04,2076300,0
PNN.L,20070307,542.25,543.50,535.75,468.45,3019200,0
PNN.L,20070306,540.00,540.00,528.00,462.39,2539300,0
PNN.L,20070305,524.25,536.00,524.25,461.09,2337100,0
PNN.L,20070302,541.25,544.75,529.50,469.96,2831300,0
PNN.L,20070301,539.50,544.00,522.75,463.04,3391000,0
PNN.L,20070228,533.00,544.00,516.25,465.42,3511100,0
PNN.L,20070227,554.00,557.75,542.50,472.34,2092400,0
PNN.L,20070226,563.00,567.50,558.25,483.82,1953600,0
PNN.L,20070223,561.75,563.50,552.75,483.38,1318000,0
PNN.L,20070222,564.50,565.75,559.25,484.47,2527100,0
PNN.L,20070221,555.00,561.75,546.25,485.12,5084300,0
PNN.L,20070220,567.00,569.00,552.50,480.79,4413100,0
PNN.L,20070219,578.00,578.00,563.50,493.34,2787800,0
PNN.L,20070216,576.00,578.00,570.00,498.54,2816000,0
PNN.L,20070215,575.25,577.00,571.50,498.10,1200600,0
PNN.L,20070214,573.50,576.00,570.75,496.16,1275400,0
PNN.L,20070213,577.00,578.00,567.25,493.56,1441900,0
PNN.L,20070212,568.25,576.00,568.25,495.72,1031100,0
PNN.L,20070209,580.75,580.75,573.50,497.67,1299000,0
PNN.L,20070208,576.25,579.50,571.50,497.45,1504900,0
PNN.L,20070207,579.00,582.00,576.50,500.49,1412600,0
PNN.L,20070206,580.50,582.00,578.00,501.35,2846500,0
PNN.L,20070205,576.25,585.00,574.50,501.35,1681500,0
PNN.L,20070202,580.00,583.00,577.00,502.22,3686300,0
PNN.L,20070201,580.00,580.00,573.00,498.75,4322300,0
PNN.L,20070131,563.25,575.75,563.25,491.39,3298400,0
PNN.L,20070130,566.25,568.25,564.00,490.09,1053800,0
PNN.L,20070129,567.00,575.00,565.00,490.31,2484500,0
PNN.L,20070126,565.75,566.00,559.00,487.50,2457800,0
PNN.L,20070125,574.00,574.00,565.25,491.39,1503100,0
PNN.L,20070124,551.00,575.00,551.00,493.56,2615700,0
PNN.L,20070123,555.00,580.75,555.00,492.91,2339900,0
PNN.L,20070122,578.50,581.25,572.25,501.57,5351100,0
PNN.L,20070119,575.25,578.00,563.00,497.02,2209800,0
PNN.L,20070118,569.25,584.00,569.25,496.37,2413200,0
PNN.L,20070117,577.00,578.00,568.25,497.02,1849000,0
PNN.L,20070116,580.00,580.50,570.50,497.89,1470000,0
PNN.L,20070115,572.75,581.50,572.75,500.49,1882600,0
PNN.L,20070112,568.00,574.75,562.50,496.16,706100,0
PNN.L,20070111,569.00,574.00,561.75,495.07,1296700,0
PNN.L,20070110,566.00,569.25,559.25,490.74,1068300,0
PNN.L,20070109,575.00,575.00,567.50,493.99,1188100,0
PNN.L,20070108,574.25,574.25,568.50,493.13,993200,0
PNN.L,20070105,579.00,580.00,567.00,492.26,1340600,0
PNN.L,20070104,586.00,586.00,575.00,501.35,2265000,0
PNN.L,20070103,582.50,584.75,578.75,503.08,1622500,0
PNN.L,20070102,590.00,590.00,579.00,504.38,1188500,0
PNN.L,20070101,571.00,571.00,571.00,494.42,000,0
PNN.L,20061229,574.00,575.00,567.00,494.42,230200,0
PNN.L,20061228,572.00,582.00,571.25,496.16,561100,0
PNN.L,20061227,550.00,573.50,550.00,496.59,961800,0
PNN.L,20061226,568.00,568.00,568.00,491.83,000,0
PNN.L,20061225,568.00,568.00,568.00,491.83,000,0
PNN.L,20061222,561.00,568.00,559.75,491.83,774200,0
PNN.L,20061221,553.00,564.25,553.00,485.77,3193600,0
PNN.L,20061220,566.50,566.50,545.00,481.87,1027000,0
PNN.L,20061219,564.00,566.00,554.75,483.60,1415400,0
PNN.L,20061218,561.25,582.00,560.00,487.50,1121400,0
PNN.L,20061215,560.00,577.25,560.00,489.66,2944700,0
PNN.L,20061214,546.00,563.00,546.00,487.06,1543800,0
PNN.L,20061213,546.50,551.50,546.00,472.99,2047200,0
PNN.L,20061212,555.75,555.75,545.00,473.43,2258700,0
PNN.L,20061211,558.00,564.00,555.00,481.44,897900,0
PNN.L,20061208,552.25,561.00,550.75,484.47,1924100,0
PNN.L,20061207,546.75,557.25,540.00,480.79,2300000,0
PNN.L,20061206,531.00,560.50,531.00,480.57,1046900,0
PNN.L,20061205,561.00,569.00,555.00,481.44,1535600,0
PNN.L,20061204,550.75,562.00,547.25,480.79,2173300,0
PNN.L,20061201,546.75,563.00,542.75,474.72,1834500,0
PNN.L,20061130,544.00,562.00,540.00,468.23,881500,0
PNN.L,20061129,518.00,547.75,518.00,471.04,1534200,0
PNN.L,20061128,534.00,548.00,530.75,465.63,2165700,0
PNN.L,20061127,545.00,555.25,536.50,465.85,1068700,0
PNN.L,20061124,541.50,554.25,536.50,477.11,1420700,0
PNN.L,20061123,554.50,558.00,540.00,472.34,1825700,0
PNN.L,20061122,563.00,564.00,553.25,481.44,2443800,0
PNN.L,20061121,559.00,560.00,554.00,483.17,5509700,0
PNN.L,20061120,553.00,557.00,551.00,480.79,1194300,0
PNN.L,20061117,559.00,564.00,556.00,485.33,1103000,0
PNN.L,20061116,555.00,563.50,553.25,484.90,2188200,0
PNN.L,20061115,561.25,563.25,558.00,483.82,1533200,0
PNN.L,20061114,565.00,567.00,554.50,480.57,2582200,0
PNN.L,20061113,551.50,562.75,551.00,486.63,1787500,0
PNN.L,20061110,542.50,550.00,542.50,475.59,2120200,0
PNN.L,20061109,545.00,549.50,541.00,475.81,1834900,0
PNN.L,20061108,528.25,542.50,528.25,467.58,2202000,0
PNN.L,20061107,530.75,535.00,530.50,461.95,1579400,0
PNN.L,20061106,525.50,534.50,525.50,459.79,738800,0
PNN.L,20061103,536.50,536.50,527.00,456.54,766300,0
PNN.L,20061102,525.00,534.00,522.00,460.87,2188200,0
PNN.L,20061101,524.00,533.00,519.75,456.32,3160000,0
PNN.L,20061031,524.25,527.75,515.50,448.53,2601500,0
PNN.L,20061030,520.25,528.75,520.25,456.54,1821100,0
PNN.L,20061027,529.00,530.00,520.00,453.94,1693700,0
PNN.L,20061026,531.00,531.00,522.00,453.29,897700,0
PNN.L,20061025,529.25,531.00,524.75,455.24,1334000,0
PNN.L,20061024,527.50,530.25,523.25,455.46,1958800,0
PNN.L,20061023,535.00,535.00,525.50,459.79,1218000,0
PNN.L,20061020,534.75,535.00,523.50,461.95,2580400,0
PNN.L,20061019,532.00,536.00,530.00,460.00,1195500,0
PNN.L,20061018,526.00,539.00,526.00,465.42,2192800,0
PNN.L,20061017,542.25,547.00,524.00,455.68,2347700,0
PNN.L,20061016,538.00,542.00,535.75,467.58,2117100,0
PNN.L,20061013,541.50,542.00,533.25,465.63,1625300,0
PNN.L,20061012,531.25,542.00,531.25,467.36,1980700,0
PNN.L,20061011,537.25,544.00,530.50,462.60,2402400,0
PNN.L,20061010,540.50,545.50,538.00,469.31,2638800,0
PNN.L,20061009,532.25,540.00,530.50,463.68,1525000,0
PNN.L,20061006,539.00,553.00,536.00,466.72,4448800,0
PNN.L,20061005,539.00,539.00,520.00,463.25,3949700,0
PNN.L,20061004,520.25,534.50,520.00,460.00,2799300,0
PNN.L,20061003,521.00,526.00,516.25,452.86,3672700,0
PNN.L,20061002,515.00,529.00,515.00,456.11,4616100,0
PNN.L,20060929,503.00,517.25,503.00,441.39,2786500,0
PNN.L,20060928,497.50,506.75,497.00,437.92,1555500,0
PNN.L,20060927,503.75,504.00,496.25,431.43,1936800,0
PNN.L,20060926,495.50,504.75,490.50,432.30,1105200,0
PNN.L,20060925,502.00,502.00,486.50,424.72,925700,0
PNN.L,20060922,493.75,496.50,490.00,428.40,1562000,0
PNN.L,20060921,499.00,499.00,493.25,431.65,602500,0
PNN.L,20060920,494.25,499.25,493.00,429.92,1036900,0
PNN.L,20060919,494.75,501.50,487.50,430.56,1736500,0
PNN.L,20060918,491.00,499.25,490.25,427.53,1407000,0
PNN.L,20060915,495.25,501.75,491.00,429.48,6414500,0
PNN.L,20060914,490.00,524.50,489.00,431.21,7891100,0
PNN.L,20060913,468.00,472.75,466.00,407.83,1040700,0
PNN.L,20060912,465.00,468.00,457.25,402.64,1473300,0
PNN.L,20060911,457.50,463.75,457.50,401.56,1061800,0
PNN.L,20060908,467.25,473.25,459.25,400.04,1251800,0
PNN.L,20060907,467.50,472.00,464.00,406.10,728200,0
PNN.L,20060906,476.00,478.50,469.50,408.70,994100,0
PNN.L,20060905,475.50,481.50,468.00,409.35,1444000,0
PNN.L,20060904,474.00,478.00,471.00,409.57,1221200,0
PNN.L,20060901,466.75,474.25,466.75,408.05,1248800,0
PNN.L,20060831,463.25,469.50,459.50,404.80,1087200,0
PNN.L,20060830,465.25,469.00,464.00,403.07,620400,0
PNN.L,20060829,456.00,469.00,456.00,404.15,2415000,0
PNN.L,20060828,459.00,459.00,459.00,397.44,000,0
PNN.L,20060825,462.50,464.75,456.00,397.44,922100,0
PNN.L,20060824,450.00,463.00,449.25,400.47,1875200,0
PNN.L,20060823,455.00,477.50,449.00,390.95,1613000,0
PNN.L,20060822,466.00,466.00,453.00,395.50,1862500,0
PNN.L,20060821,455.00,463.00,454.00,398.53,1750500,0
PNN.L,20060818,462.00,466.25,456.00,397.66,1542300,0
PNN.L,20060817,471.50,472.00,456.50,400.26,2573800,0
PNN.L,20060816,472.25,475.00,466.50,410.22,1419600,0
PNN.L,20060815,473.00,476.75,471.00,411.95,1350400,0
PNN.L,20060814,476.75,476.75,467.00,410.43,2325200,0
PNN.L,20060811,469.00,484.00,466.00,406.97,2615800,0
PNN.L,20060810,464.50,471.00,450.25,407.62,2034900,0
PNN.L,20060809,468.00,468.00,458.75,402.42,1762800,0
PNN.L,20060808,467.50,467.50,459.25,400.47,1998000,0
PNN.L,20060807,453.75,468.25,453.75,400.91,1421400,0
PNN.L,20060804,469.50,469.50,450.00,398.74,1742000,0
PNN.L,20060803,467.25,467.25,467.25,404.59,000,0
PNN.L,20060802,470.00,470.00,458.25,404.59,4126900,0
PNN.L,20060801,491.50,494.00,480.75,419.09,2251700,0
PNN.L,20060731,502.75,502.75,493.25,428.62,3793800,0
