RSL.L,20120824,223.60,224.21,220.40,215.55,2023700,0
RSL.L,20120823,224.60,226.40,223.10,217.29,2823400,0
RSL.L,20120822,223.90,224.30,221.86,216.62,2667000,0
RSL.L,20120821,222.40,227.32,221.80,217.20,3366800,0
RSL.L,20120820,226.30,228.00,221.50,214.48,3095000,0
RSL.L,20120817,227.20,229.10,224.91,218.65,10130100,0
RSL.L,20120816,230.90,230.90,226.30,220.20,5505400,0
RSL.L,20120815,225.00,239.40,225.00,219.13,11907400,0
RSL.L,20120814,217.90,220.00,216.80,213.03,2619500,0
RSL.L,20120813,218.40,220.03,214.90,209.93,2218200,0
RSL.L,20120810,217.60,219.45,216.50,210.81,2633100,0
RSL.L,20120809,214.00,217.93,213.60,210.13,2390700,0
RSL.L,20120808,212.10,213.50,211.00,206.54,3066500,0
RSL.L,20120807,211.90,213.87,210.80,206.16,3021300,0
RSL.L,20120806,207.20,212.50,206.40,205.29,3353300,0
RSL.L,20120803,202.00,207.90,200.20,200.83,3167900,0
RSL.L,20120802,207.80,209.90,201.20,194.83,3828400,0
RSL.L,20120801,205.70,209.00,204.90,200.83,3114200,0
RSL.L,20120731,210.10,211.60,206.00,199.48,3146200,0
RSL.L,20120727,207.30,209.58,203.90,201.61,2359800,0
RSL.L,20120726,205.90,207.60,203.44,199.96,2828800,0
RSL.L,20120725,204.80,207.87,204.50,198.51,2593600,0
RSL.L,20120724,209.00,209.82,204.40,198.51,2334100,0
RSL.L,20120723,212.20,213.69,208.00,202.77,3971200,0
RSL.L,20120720,227.00,227.00,205.30,208.67,13893600,0
RSL.L,20120719,225.20,229.00,223.90,220.68,3828700,0
RSL.L,20120718,220.10,223.90,219.40,216.71,4179600,0
RSL.L,20120717,218.30,220.10,217.10,212.94,3334400,0
RSL.L,20120716,211.50,219.54,211.50,211.39,4330300,0
RSL.L,20120713,212.00,213.10,209.20,205.67,2677600,0
RSL.L,20120712,209.20,212.50,208.66,203.64,4427400,0
RSL.L,20120711,205.80,209.31,205.14,202.28,2806100,0
RSL.L,20120710,203.30,207.02,203.10,200.35,2686600,0
RSL.L,20120709,204.20,205.06,200.27,196.76,2645000,0
RSL.L,20120706,204.20,204.60,202.80,197.35,2854800,0
RSL.L,20120705,203.90,205.40,201.50,197.15,4089400,0
RSL.L,20120704,200.30,204.20,199.00,196.57,2571500,0
RSL.L,20120703,198.30,200.63,197.70,193.67,2896000,0
RSL.L,20120702,196.70,198.30,195.44,191.73,2918800,0
RSL.L,20120629,195.80,198.20,194.70,189.70,3408700,0
RSL.L,20120628,192.30,193.20,190.20,185.24,3387300,0
RSL.L,20120627,194.70,196.00,189.80,184.27,3649200,0
RSL.L,20120626,196.10,196.30,192.80,187.57,2987900,0
RSL.L,20120625,199.20,199.70,195.50,190.08,2670800,0
RSL.L,20120622,201.10,202.00,199.00,193.67,2208700,0
RSL.L,20120621,203.70,205.90,201.60,196.28,3845100,0
RSL.L,20120620,202.00,205.10,200.43,197.44,4516500,0
RSL.L,20120619,197.10,201.30,195.70,194.34,3246900,0
RSL.L,20120618,200.20,201.80,194.70,189.79,3274800,0
RSL.L,20120615,197.40,198.01,195.70,190.76,7973700,0
RSL.L,20120614,195.40,197.30,192.60,190.86,2838200,0
RSL.L,20120613,200.60,204.60,194.59,191.34,6547100,0
RSL.L,20120612,195.30,196.60,193.00,189.11,3054700,0
RSL.L,20120611,202.30,203.40,194.10,188.34,3309800,0
RSL.L,20120608,195.50,199.40,194.40,192.12,2361600,0
RSL.L,20120607,195.60,198.90,194.00,189.89,4041100,0
RSL.L,20120606,192.40,196.30,191.80,187.57,3562800,0
RSL.L,20120601,194.20,196.07,190.40,186.31,3342500,0
RSL.L,20120531,196.50,198.17,191.70,186.79,5368900,0
RSL.L,20120530,198.70,199.23,194.60,190.28,3884200,0
RSL.L,20120529,200.50,202.30,198.40,193.67,2693000,0
RSL.L,20120528,204.10,204.10,198.50,193.18,2672400,0
RSL.L,20120525,203.90,206.46,200.20,195.99,2940700,0
RSL.L,20120524,201.80,205.60,197.90,198.02,4788300,0
RSL.L,20120523,204.30,204.99,199.40,193.47,5245200,0
RSL.L,20120522,202.00,207.10,201.60,199.86,4983800,0
RSL.L,20120521,195.30,203.09,194.10,194.25,5337500,0
RSL.L,20120518,196.40,200.40,195.10,190.08,3841500,0
RSL.L,20120517,203.20,204.90,195.90,192.79,3949300,0
RSL.L,20120516,202.20,206.40,200.90,195.28,4786900,0
RSL.L,20120514,212.40,213.80,211.10,204.90,3283100,0
RSL.L,20120511,212.70,214.30,210.40,206.93,22795900,0
RSL.L,20120510,212.60,215.30,212.20,205.96,3219100,0
RSL.L,20120509,215.00,217.40,208.60,205.19,4664100,0
RSL.L,20120508,220.00,223.70,212.90,207.42,5996700,0
RSL.L,20120504,221.40,223.50,219.40,212.74,5930300,0
RSL.L,20120503,223.70,225.30,222.60,215.65,5947800,0
RSL.L,20120502,225.70,225.89,223.50,216.81,6546200,0
RSL.L,20120501,223.80,226.29,223.30,217.58,4535800,0
RSL.L,20120430,226.60,226.60,223.70,216.71,4427900,0
RSL.L,20120427,222.70,227.83,222.70,219.42,4303800,0
RSL.L,20120426,225.00,225.86,223.60,216.81,4244300,0
RSL.L,20120425,222.00,225.60,221.00,217.87,4621500,0
RSL.L,20120424,222.70,223.80,219.70,213.61,6054100,0
RSL.L,20120423,223.10,224.50,219.00,214.00,4952900,0
RSL.L,20120420,225.00,226.30,222.20,217.10,5037800,0
RSL.L,20120419,226.20,229.00,224.60,217.87,6778200,0
RSL.L,20120418,229.00,229.52,225.00,217.87,6901100,0
RSL.L,20120417,238.00,243.00,237.00,218.44,4926500,0
RSL.L,20120416,241.10,243.16,237.70,217.61,3300900,0
RSL.L,20120413,248.00,249.30,242.40,221.54,4372400,0
RSL.L,20120412,250.30,251.80,245.00,227.12,4215800,0
RSL.L,20120411,246.40,251.00,246.10,229.04,2982500,0
RSL.L,20120410,250.00,251.40,247.70,226.39,2971900,0
RSL.L,20120405,252.60,255.40,245.70,230.32,4844900,0
RSL.L,20120404,255.80,258.00,252.50,231.23,5081400,0
RSL.L,20120403,262.60,264.10,258.60,236.71,4501400,0
RSL.L,20120402,261.30,264.80,259.00,240.83,4391200,0
RSL.L,20120330,260.60,265.60,259.70,238.82,6111000,0
RSL.L,20120329,263.00,264.60,260.20,240.37,4129300,0
RSL.L,20120328,266.90,270.30,261.50,240.55,5270300,0
RSL.L,20120327,267.10,270.25,253.30,245.12,8617100,0
RSL.L,20120326,282.00,282.30,273.10,251.25,2865700,0
RSL.L,20120323,280.30,282.50,276.60,255.45,1432700,0
RSL.L,20120322,276.60,280.40,273.90,254.99,2613100,0
RSL.L,20120321,280.20,283.27,276.70,252.98,2233900,0
RSL.L,20120320,282.00,283.76,279.80,256.55,2066100,0
RSL.L,20120319,282.00,285.40,279.34,257.04,2236500,0
RSL.L,20120316,285.10,286.30,278.69,259.56,8735100,0
RSL.L,20120315,283.70,284.90,279.40,259.56,2887900,0
RSL.L,20120314,270.50,287.10,268.80,258.83,6395800,0
RSL.L,20120313,266.70,269.90,266.26,245.95,1607000,0
RSL.L,20120312,268.00,268.40,263.60,242.20,1514000,0
RSL.L,20120309,264.50,268.80,261.90,244.76,2227600,0
RSL.L,20120308,262.10,265.40,260.83,240.64,1343000,0
RSL.L,20120307,260.40,263.00,260.05,238.36,2699500,0
RSL.L,20120306,266.30,266.30,260.40,239.09,3357000,0
RSL.L,20120305,268.20,270.90,265.30,243.94,1976600,0
RSL.L,20120302,271.80,271.90,267.40,246.49,2743800,0
RSL.L,20120301,268.40,271.30,265.00,247.23,2786500,0
RSL.L,20120229,265.80,269.10,263.40,245.85,7000600,0
RSL.L,20120228,265.60,267.40,263.40,243.11,3156800,0
RSL.L,20120227,264.20,266.90,260.28,242.20,2568200,0
RSL.L,20120224,263.60,266.50,262.90,242.20,2578200,0
RSL.L,20120223,260.60,264.30,260.10,240.46,2467200,0
RSL.L,20120222,261.20,262.55,259.90,238.82,5878000,0
RSL.L,20120221,265.00,266.10,260.80,238.36,6027400,0
RSL.L,20120220,263.20,268.10,261.70,242.20,1640200,0
RSL.L,20120217,264.10,266.10,261.00,239.18,2740100,0
RSL.L,20120216,264.90,265.60,259.00,240.46,2514700,0
RSL.L,20120215,269.70,270.90,264.40,242.29,2659700,0
RSL.L,20120214,270.10,273.60,268.00,245.85,1759500,0
RSL.L,20120213,272.70,273.20,269.80,247.68,2018500,0
RSL.L,20120210,274.50,275.50,268.60,246.59,2195200,0
RSL.L,20120209,275.00,277.30,272.60,251.06,1564800,0
RSL.L,20120208,276.00,276.60,272.00,250.42,2763000,0
RSL.L,20120207,280.20,282.40,274.70,251.61,2273500,0
RSL.L,20120206,281.20,281.20,276.50,254.90,1299500,0
RSL.L,20120203,278.10,281.40,271.90,256.46,1860300,0
RSL.L,20120202,276.20,279.10,269.10,253.71,2619500,0
RSL.L,20120201,274.50,277.50,273.60,251.25,2911000,0
RSL.L,20120131,274.00,275.00,270.45,249.60,4109700,0
RSL.L,20120130,273.10,273.70,268.80,248.69,1339300,0
RSL.L,20120127,275.20,276.50,272.20,250.61,2057800,0
RSL.L,20120126,272.80,279.40,272.80,251.89,1952900,0
RSL.L,20120125,271.80,274.40,268.60,248.87,1833200,0
RSL.L,20120124,269.00,271.50,267.90,247.23,1971900,0
RSL.L,20120123,272.20,274.30,269.40,247.13,2370700,0
RSL.L,20120120,270.80,272.30,268.10,247.50,3773500,0
RSL.L,20120119,271.20,277.65,270.20,247.59,4036300,0
RSL.L,20120118,267.90,272.90,267.40,246.59,2691600,0
RSL.L,20120117,269.40,281.30,265.60,242.75,3187600,0
RSL.L,20120116,261.20,263.30,259.16,239.46,1583700,0
RSL.L,20120113,261.80,267.60,259.30,240.01,2503300,0
RSL.L,20120112,257.10,263.10,256.80,237.35,1561500,0
RSL.L,20120111,255.20,257.37,253.10,233.88,1695300,0
RSL.L,20120110,246.50,255.80,246.50,232.60,2896200,0
RSL.L,20120109,251.60,251.60,243.30,224.10,1810400,0
RSL.L,20120106,255.90,255.90,247.60,228.76,2126200,0
RSL.L,20120105,259.50,261.50,252.70,232.69,2126300,0
RSL.L,20120104,259.70,263.70,258.90,237.72,1819100,0
RSL.L,20120103,255.90,259.40,251.91,237.08,2001100,0
RSL.L,20111230,250.90,253.50,249.30,229.77,619000,0
RSL.L,20111229,247.60,251.30,246.50,229.22,869000,0
RSL.L,20111228,247.70,249.50,244.00,225.38,1211200,0
RSL.L,20111223,251.30,251.30,245.80,226.94,298400,0
RSL.L,20111222,243.00,248.50,242.90,226.75,1902300,0
RSL.L,20111221,252.20,253.86,242.70,222.27,1866300,0
RSL.L,20111220,246.30,248.80,243.00,226.66,1519000,0
RSL.L,20111219,244.70,246.10,243.20,223.83,2035300,0
RSL.L,20111216,247.00,249.30,244.50,224.83,6868600,0
RSL.L,20111215,253.00,255.60,242.62,224.56,3551600,0
RSL.L,20111214,250.10,254.80,250.00,229.31,4967600,0
RSL.L,20111213,249.40,255.40,245.94,230.23,2653100,0
RSL.L,20111212,253.10,255.10,247.50,226.20,2393000,0
RSL.L,20111209,250.10,255.76,250.10,231.32,2596500,0
RSL.L,20111208,259.90,260.90,252.70,230.96,2795500,0
RSL.L,20111207,264.90,267.90,255.10,235.44,3796100,0
RSL.L,20111206,256.20,260.20,255.60,235.44,2419600,0
RSL.L,20111205,255.60,259.60,253.70,235.34,2453300,0
RSL.L,20111202,249.10,254.27,235.88,231.32,2874500,0
RSL.L,20111201,238.30,250.90,235.00,223.65,5054700,0
RSL.L,20111130,238.00,249.00,235.32,215.33,10062200,0
RSL.L,20111129,240.80,240.80,231.80,219.81,3583000,0
RSL.L,20111128,235.00,241.10,233.70,218.98,2302900,0
RSL.L,20111125,233.00,233.90,228.60,212.68,1245900,0
RSL.L,20111124,229.80,233.81,228.40,212.59,1718900,0
RSL.L,20111123,235.80,236.92,229.11,209.75,4262000,0
RSL.L,20111122,233.00,239.43,233.00,217.52,4960500,0
RSL.L,20111121,245.00,245.00,229.60,210.39,4772400,0
RSL.L,20111118,249.70,251.50,245.50,227.48,3537900,0
RSL.L,20111117,260.00,260.20,249.90,230.32,3858100,0
RSL.L,20111116,263.50,267.40,258.30,237.90,2921800,0
RSL.L,20111115,260.40,265.80,259.40,239.55,3043600,0
RSL.L,20111114,270.60,271.50,259.00,240.64,1749100,0
RSL.L,20111111,263.00,270.90,261.10,247.13,1009100,0
RSL.L,20111110,247.30,265.00,245.30,240.46,3105300,0
RSL.L,20111109,270.00,270.00,249.60,232.24,5111900,0
RSL.L,20111108,269.10,275.60,267.10,245.31,1933300,0
RSL.L,20111107,270.10,274.00,267.10,247.04,1528000,0
RSL.L,20111104,275.80,275.80,268.60,248.14,1665300,0
RSL.L,20111103,263.70,275.20,263.20,249.51,2101800,0
RSL.L,20111102,263.50,268.80,259.20,245.03,1693000,0
RSL.L,20111101,269.90,269.99,257.00,239.00,2874900,0
RSL.L,20111031,282.90,283.90,275.00,251.34,2386400,0
RSL.L,20111028,288.70,288.70,281.90,258.92,2511600,0
RSL.L,20111027,290.50,294.80,283.70,262.49,3451500,0
RSL.L,20111026,282.00,286.50,280.50,259.02,24764000,0
RSL.L,20111025,275.10,283.40,275.10,257.46,6201200,0
RSL.L,20111024,278.50,279.90,275.30,253.35,3291700,0
RSL.L,20111021,275.20,278.98,273.10,253.26,2501100,0
RSL.L,20111020,276.10,277.20,271.40,250.33,1998200,0
RSL.L,20111019,279.30,279.30,276.10,253.81,2111500,0
RSL.L,20111018,271.80,275.90,268.90,251.52,1799100,0
RSL.L,20111017,274.40,278.70,269.60,249.33,1895000,0
RSL.L,20111014,272.20,275.90,270.30,249.51,3141400,0
RSL.L,20111013,273.30,274.80,268.30,246.77,2629600,0
RSL.L,20111012,262.80,274.70,262.80,251.06,1832900,0
RSL.L,20111011,267.10,267.90,262.90,242.47,1206400,0
RSL.L,20111010,264.50,266.10,262.30,243.11,1188200,0
RSL.L,20111007,257.90,265.00,257.90,240.46,2001300,0
RSL.L,20111006,247.30,260.20,245.50,237.63,1987700,0
RSL.L,20111005,240.10,247.90,239.90,224.83,3258900,0
RSL.L,20111004,244.00,244.00,231.70,212.95,3418300,0
RSL.L,20111003,242.60,245.60,240.60,224.47,1657000,0
RSL.L,20110930,254.30,255.00,247.40,226.11,3384400,0
RSL.L,20110929,248.90,254.20,248.10,232.33,1546700,0
RSL.L,20110928,253.10,254.90,250.60,229.49,2729800,0
RSL.L,20110927,255.70,255.80,252.50,231.23,2772400,0
RSL.L,20110926,236.50,250.50,236.10,227.76,16364000,0
RSL.L,20110923,236.60,240.30,234.00,219.17,3185900,0
RSL.L,20110922,237.80,242.20,235.20,215.15,5083500,0
RSL.L,20110921,244.20,246.20,242.90,222.55,3815200,0
RSL.L,20110920,247.60,248.70,244.00,224.38,3144700,0
RSL.L,20110919,247.80,249.40,243.70,224.83,2192100,0
RSL.L,20110916,247.80,252.20,244.50,230.50,6964300,0
RSL.L,20110915,247.00,248.40,241.10,225.29,3157300,0
RSL.L,20110914,238.70,244.90,235.10,220.72,4041600,0
RSL.L,20110913,238.10,242.30,233.55,217.34,3729700,0
RSL.L,20110912,242.50,242.60,234.70,215.05,2562900,0
RSL.L,20110909,248.40,252.50,245.40,224.92,3113800,0
RSL.L,20110908,252.00,257.05,248.70,228.21,3474300,0
RSL.L,20110907,251.40,254.70,248.50,230.04,3801300,0
RSL.L,20110906,252.20,261.50,250.60,224.31,4567100,0
RSL.L,20110905,262.50,262.50,253.10,226.27,3755400,0
RSL.L,20110902,265.00,269.10,262.80,236.42,2173600,0
RSL.L,20110901,268.80,272.70,265.10,240.79,2001300,0
RSL.L,20110831,256.70,268.58,255.00,237.22,3929800,0
RSL.L,20110830,255.40,260.72,253.70,228.59,2676800,0
RSL.L,20110826,248.70,254.40,235.80,224.94,4903500,0
RSL.L,20110825,260.30,262.09,254.00,228.41,3392000,0
RSL.L,20110824,257.00,260.02,253.80,230.63,3448100,0
RSL.L,20110823,258.80,259.90,251.90,227.70,2815300,0
RSL.L,20110822,254.50,261.34,251.80,227.43,223800,0
RSL.L,20110819,259.10,260.40,251.00,227.79,5230600,0
RSL.L,20110818,274.00,277.80,257.50,237.31,8312100,0
RSL.L,20110817,262.60,275.00,262.60,241.85,4721300,0
RSL.L,20110816,265.10,270.60,260.10,238.56,4580100,0
RSL.L,20110815,258.40,268.20,256.40,238.47,2544100,0
RSL.L,20110812,253.90,259.70,249.30,231.26,2822000,0
RSL.L,20110811,258.40,258.54,241.00,224.94,5901000,0
RSL.L,20110810,254.10,260.50,242.00,219.15,7463900,0
RSL.L,20110809,237.00,250.60,229.00,223.15,7126200,0
RSL.L,20110808,246.70,254.00,237.30,217.92,5554900,0
RSL.L,20110805,253.90,258.00,245.90,222.73,8230500,0
RSL.L,20110804,270.80,274.00,257.80,230.19,6982700,0
RSL.L,20110803,271.40,277.40,265.50,238.38,4053200,0
RSL.L,20110802,270.60,274.30,269.70,243.28,3873000,0
RSL.L,20110801,277.60,280.86,270.40,244.30,4231300,0
RSL.L,20110729,278.10,278.50,271.60,245.95,3576700,0
RSL.L,20110728,278.00,281.03,276.80,250.23,2754400,0
RSL.L,20110727,279.40,283.00,277.90,248.80,2623500,0
RSL.L,20110726,284.00,284.00,277.63,250.67,2810300,0
RSL.L,20110725,287.10,287.10,280.90,251.03,3048800,0
RSL.L,20110722,287.00,289.40,285.10,256.99,2542800,0
RSL.L,20110721,279.30,286.50,276.80,254.50,4273000,0
RSL.L,20110720,277.40,279.30,273.60,248.44,3213700,0
RSL.L,20110719,268.30,276.70,266.30,245.06,3706700,0
RSL.L,20110718,276.10,276.50,264.10,235.98,5550500,0
RSL.L,20110715,278.20,281.90,276.70,246.93,2853000,0
RSL.L,20110714,283.50,283.80,280.10,250.67,3591000,0
RSL.L,20110713,281.50,283.20,280.10,250.59,3722800,0
RSL.L,20110712,278.70,282.00,273.20,247.06,6880700,0
RSL.L,20110711,292.20,292.50,280.40,253.48,6169300,0
RSL.L,20110708,293.10,296.50,290.00,260.45,4480000,0
RSL.L,20110707,300.00,301.00,291.70,262.63,5068800,0
RSL.L,20110706,299.00,300.40,296.40,266.17,3190300,0
RSL.L,20110705,291.50,298.90,291.50,265.17,4614500,0
RSL.L,20110704,294.00,294.00,291.90,260.78,2156600,0
RSL.L,20110701,294.90,295.00,292.10,261.59,4173400,0
RSL.L,20110630,295.00,295.70,288.30,259.86,9799400,0
RSL.L,20110629,294.40,295.70,291.70,261.68,4184900,0
RSL.L,20110628,287.00,294.20,280.60,256.72,5242800,0
RSL.L,20110627,288.00,290.40,285.30,256.19,4748500,0
RSL.L,20110624,297.00,298.30,287.60,256.19,3449200,0
RSL.L,20110623,298.00,300.22,294.04,262.25,5337700,0
RSL.L,20110622,302.60,303.10,299.00,266.25,2249200,0
RSL.L,20110621,300.50,302.68,298.50,269.10,2579000,0
RSL.L,20110620,302.40,304.30,299.00,266.97,2999900,0
RSL.L,20110617,298.50,304.80,298.50,270.71,4601200,0
RSL.L,20110616,303.70,304.80,298.70,267.14,6568800,0
RSL.L,20110615,309.90,310.60,304.00,271.42,4172800,0
RSL.L,20110614,315.00,315.80,309.70,275.78,5368000,0
RSL.L,20110613,317.10,318.00,312.20,278.72,3255800,0
RSL.L,20110610,315.50,319.40,312.83,281.04,4275100,0
RSL.L,20110609,304.10,318.70,304.00,281.48,7375300,0
RSL.L,20110608,307.00,307.80,304.00,270.71,5240300,0
RSL.L,20110607,308.00,312.60,305.90,273.87,7426000,0
RSL.L,20110606,306.60,306.60,299.80,267.06,1593800,0
RSL.L,20110603,300.00,305.50,300.00,270.62,2784400,0
RSL.L,20110602,302.50,305.20,299.10,266.34,3370100,0
RSL.L,20110601,313.00,313.00,304.10,271.78,2597200,0
RSL.L,20110531,312.80,314.00,308.30,277.47,3256400,0
RSL.L,20110527,309.00,311.40,306.30,276.49,1596500,0
RSL.L,20110526,305.90,308.90,303.00,271.33,2225300,0
RSL.L,20110525,309.40,309.40,303.60,272.49,3428500,0
RSL.L,20110524,305.50,311.30,304.60,275.52,4258000,0
RSL.L,20110523,305.00,305.60,300.50,270.80,3386800,0
RSL.L,20110520,310.40,313.00,307.70,274.09,4117600,0
RSL.L,20110519,302.00,314.20,302.00,275.16,6295500,0
RSL.L,20110518,298.20,303.30,296.70,267.59,3211200,0
RSL.L,20110517,297.50,301.60,296.20,264.21,2854800,0
RSL.L,20110516,296.40,298.80,293.50,264.92,2643800,0
RSL.L,20110513,298.50,301.65,297.90,265.81,2341300,0
RSL.L,20110512,294.40,297.60,294.40,264.47,3222100,0
RSL.L,20110511,298.80,298.80,296.00,264.83,3801600,0
RSL.L,20110510,298.00,298.60,296.20,263.85,3330700,0
RSL.L,20110509,295.00,298.50,293.60,264.83,4133300,0
RSL.L,20110506,295.50,298.20,292.10,264.47,7292100,0
RSL.L,20110505,300.20,302.20,295.40,264.25,3942000,0
RSL.L,20110504,306.00,308.00,299.70,267.23,2829300,0
RSL.L,20110503,305.20,307.90,299.50,271.24,4251900,0
RSL.L,20110428,305.80,306.60,302.50,269.55,3663300,0
RSL.L,20110427,295.00,306.60,294.00,271.60,5165400,0
RSL.L,20110426,288.70,295.90,288.70,261.80,2664300,0
RSL.L,20110421,295.60,297.20,288.10,258.15,2873000,0
RSL.L,20110420,284.00,293.60,284.00,260.91,5981100,0
RSL.L,20110419,296.00,297.20,288.70,249.18,4380600,0
RSL.L,20110418,308.00,308.00,294.00,251.14,6334300,0
RSL.L,20110415,306.60,310.00,295.19,263.67,4944500,0
RSL.L,20110414,303.30,310.70,301.40,262.48,3160200,0
RSL.L,20110413,305.60,309.00,302.40,258.56,3916600,0
RSL.L,20110412,311.30,313.00,304.40,260.01,3153300,0
RSL.L,20110411,303.80,312.90,303.80,265.63,3921100,0
RSL.L,20110408,305.20,307.60,304.30,260.09,3306500,0
RSL.L,20110407,308.60,309.60,303.60,259.50,6804400,0
RSL.L,20110406,305.20,308.50,297.80,261.63,4492100,0
RSL.L,20110405,297.00,305.40,297.00,258.90,4610100,0
RSL.L,20110404,295.70,297.45,293.20,250.89,3910700,0
RSL.L,20110401,297.00,298.64,294.40,253.10,6908800,0
RSL.L,20110331,294.00,298.00,292.70,252.17,4956100,0
RSL.L,20110330,290.10,293.40,288.10,249.87,2637200,0
RSL.L,20110329,290.00,292.40,285.06,245.79,4999800,0
RSL.L,20110328,283.00,289.90,283.00,247.05,3797000,0
RSL.L,20110325,290.10,290.70,279.20,240.15,7118700,0
RSL.L,20110324,282.70,295.50,282.40,246.54,5967300,0
RSL.L,20110323,281.50,285.00,279.20,242.20,2242900,0
RSL.L,20110322,277.50,284.10,276.10,239.71,2831300,0
RSL.L,20110321,273.90,279.70,272.90,237.68,2529900,0
RSL.L,20110318,272.20,275.60,268.90,231.71,10607000,0
RSL.L,20110317,272.00,273.40,268.60,231.88,2586600,0
RSL.L,20110316,276.70,280.20,270.00,230.26,4437300,0
RSL.L,20110315,274.20,277.20,271.60,235.12,2758500,0
RSL.L,20110314,282.10,282.20,277.30,237.68,3637500,0
RSL.L,20110311,285.90,286.30,282.50,242.20,2119000,0
RSL.L,20110310,294.00,294.00,284.00,245.26,2905700,0
RSL.L,20110309,288.00,295.00,285.30,251.23,3821800,0
RSL.L,20110308,290.70,291.30,284.60,245.60,4373700,0
RSL.L,20110307,291.70,294.10,286.88,247.39,2559500,0
RSL.L,20110304,281.00,292.00,281.00,247.31,5498300,0
RSL.L,20110303,281.40,284.00,277.90,239.72,5052100,0
RSL.L,20110302,280.70,284.00,277.20,237.76,4332100,0
RSL.L,20110301,289.80,292.00,281.80,241.34,624700,0
RSL.L,20110228,283.10,290.60,282.70,246.46,3445900,0
RSL.L,20110225,279.60,285.60,276.70,242.88,1593916900,0
RSL.L,20110224,282.80,295.40,272.60,237.34,2179067600,0
RSL.L,20110223,288.50,288.50,280.10,242.11,6537300,0
RSL.L,20110222,285.00,293.00,281.20,246.29,3603300,0
RSL.L,20110221,297.50,297.50,285.00,243.13,5653300,0
RSL.L,20110218,293.90,293.90,288.80,250.04,9668400,0
RSL.L,20110217,280.00,294.50,280.00,250.97,9564400,0
RSL.L,20110216,265.00,280.60,263.50,239.13,8353400,0
RSL.L,20110215,265.00,266.80,261.50,224.98,3018300,0
RSL.L,20110214,274.40,274.40,264.70,225.92,5220000,0
RSL.L,20110211,264.00,274.40,263.70,232.65,3682900,0
RSL.L,20110210,271.50,272.40,264.00,226.17,2902100,0
RSL.L,20110209,272.10,274.00,268.70,230.52,4398100,0
RSL.L,20110208,270.00,271.30,266.30,227.37,4544400,0
RSL.L,20110207,273.90,275.60,270.10,230.18,2661300,0
RSL.L,20110204,271.10,275.80,271.10,233.93,2978300,0
RSL.L,20110203,272.40,274.70,269.50,231.97,1723800,0
RSL.L,20110202,273.90,277.50,269.80,231.12,4827200,0
RSL.L,20110201,261.70,274.70,260.50,234.10,5654400,0
RSL.L,20110131,260.90,262.50,258.00,223.28,4243100,0
RSL.L,20110128,264.10,267.90,259.60,222.34,4739200,0
RSL.L,20110127,259.50,267.10,256.30,224.55,5592600,0
RSL.L,20110126,254.30,261.90,252.30,220.29,4151000,0
RSL.L,20110125,251.00,259.00,246.00,215.61,5805400,0
RSL.L,20110124,246.90,250.10,245.30,209.04,1507700,0
RSL.L,20110121,248.40,251.00,246.20,210.32,2265500,0
RSL.L,20110120,250.50,252.50,248.40,212.62,2945300,0
RSL.L,20110119,253.10,255.70,251.00,214.24,2520300,0
RSL.L,20110118,253.00,254.80,250.90,216.03,2110500,0
RSL.L,20110117,251.00,251.90,249.30,214.67,2088500,0
RSL.L,20110114,253.00,253.00,248.50,213.90,4209100,0
RSL.L,20110113,244.20,253.30,244.20,214.75,4711900,0
RSL.L,20110112,243.00,244.10,241.30,207.08,4354400,0
RSL.L,20110111,244.00,245.40,241.80,206.74,2245100,0
RSL.L,20110110,241.40,245.80,241.00,207.43,2570000,0
RSL.L,20110107,244.30,246.20,241.60,206.49,2162400,0
RSL.L,20110106,234.50,243.40,234.50,207.34,3920000,0
RSL.L,20110105,236.10,237.00,232.60,200.35,3270100,0
RSL.L,20110104,232.00,238.00,232.00,200.69,3501700,0
RSL.L,20101231,236.10,237.90,234.10,199.50,1049500,0
RSL.L,20101230,239.00,239.00,236.80,202.14,1142900,0
RSL.L,20101229,241.20,241.30,236.00,202.57,1347400,0
RSL.L,20101224,236.00,239.50,234.20,204.10,105400,0
RSL.L,20101223,235.40,237.40,234.10,200.10,704000,0
RSL.L,20101222,236.10,237.50,234.30,200.86,1189900,0
RSL.L,20101221,237.50,238.30,234.70,200.44,698600,0
RSL.L,20101220,231.00,235.80,231.00,200.27,1332500,0
RSL.L,20101217,237.70,237.80,230.00,198.48,4148100,0
RSL.L,20101216,235.90,238.80,233.40,200.69,2745400,0
RSL.L,20101215,234.50,235.50,230.60,198.90,4557900,0
RSL.L,20101214,235.10,237.30,234.60,200.27,4165000,0
RSL.L,20101213,236.00,237.60,234.90,201.03,2963500,0
RSL.L,20101210,238.20,238.90,234.60,200.78,1809800,0
RSL.L,20101209,232.20,236.20,230.20,200.35,5379000,0
RSL.L,20101208,227.00,231.30,226.00,197.11,7710800,0
RSL.L,20101207,215.70,226.40,215.50,192.94,9519100,0
RSL.L,20101206,211.90,216.70,210.50,183.22,5204300,0
RSL.L,20101203,214.80,214.80,210.80,180.41,4289200,0
RSL.L,20101202,218.00,218.50,210.50,182.20,5875000,0
RSL.L,20101201,212.40,218.60,208.90,183.65,8010100,0
RSL.L,20101130,218.50,220.00,211.30,180.07,6424000,0
RSL.L,20101129,222.80,223.50,217.80,187.14,6519300,0
RSL.L,20101126,227.50,228.60,223.80,191.83,2885000,0
RSL.L,20101125,224.50,228.70,223.80,194.39,1651200,0
RSL.L,20101124,227.20,227.20,224.00,191.83,4837900,0
RSL.L,20101123,231.10,231.10,226.80,193.28,3327000,0
RSL.L,20101122,238.20,239.00,230.80,196.69,4349100,0
RSL.L,20101119,240.50,240.50,235.40,201.97,3732600,0
RSL.L,20101118,241.20,241.90,239.00,204.95,4495100,0
RSL.L,20101117,241.50,242.70,239.50,204.53,4195400,0
RSL.L,20101116,249.60,250.00,241.90,206.66,2370900,0
RSL.L,20101115,246.30,251.10,246.30,212.71,4348900,0
RSL.L,20101112,243.50,247.50,241.10,210.24,2607800,0
RSL.L,20101111,248.90,248.90,243.50,208.36,3448600,0
RSL.L,20101110,247.70,249.90,244.80,210.07,3620000,0
RSL.L,20101109,246.60,249.30,245.50,212.20,4382300,0
RSL.L,20101108,253.60,254.20,246.70,211.18,3817500,0
RSL.L,20101105,254.30,255.40,251.60,215.27,7110300,0
RSL.L,20101104,258.00,260.00,254.00,217.40,3319600,0
RSL.L,20101103,259.00,259.10,256.50,219.19,2504300,0
RSL.L,20101102,258.30,261.00,256.00,219.95,1841700,0
RSL.L,20101101,262.90,264.60,258.80,221.57,2345900,0
RSL.L,20101029,263.00,265.20,261.90,223.19,2810600,0
RSL.L,20101028,259.60,262.80,258.80,223.11,3943300,0
RSL.L,20101027,260.00,261.20,257.30,221.49,4794700,0
RSL.L,20101026,260.10,264.30,257.40,221.40,4007500,0
RSL.L,20101025,255.90,280.50,255.00,222.68,7307600,0
RSL.L,20101022,252.20,259.50,252.00,221.06,3401600,0
RSL.L,20101021,250.30,252.50,248.50,214.84,3768900,0
RSL.L,20101020,254.00,255.20,250.00,214.33,2817700,0
RSL.L,20101019,259.90,259.90,254.20,216.63,3526900,0
RSL.L,20101018,255.70,258.60,254.30,219.87,3505000,0
RSL.L,20101015,253.90,255.10,250.50,216.29,4218500,0
RSL.L,20101014,253.30,253.70,250.90,214.33,3188600,0
RSL.L,20101013,250.00,254.30,248.50,214.67,3046900,0
RSL.L,20101012,248.70,249.80,244.90,211.52,4130800,0
RSL.L,20101011,249.70,249.80,246.90,211.52,1494000,0
RSL.L,20101008,247.60,249.20,246.20,210.66,3151300,0
RSL.L,20101007,246.30,249.60,246.00,212.45,2487000,0
RSL.L,20101006,244.50,248.40,244.10,210.07,5113800,0
RSL.L,20101005,243.70,244.90,240.30,207.94,5813900,0
RSL.L,20101004,245.00,245.70,242.20,207.08,4522700,0
RSL.L,20101001,246.00,246.00,242.60,208.19,3756700,0
RSL.L,20100930,245.60,249.50,243.60,208.79,12427800,0
RSL.L,20100929,244.20,248.50,240.60,210.83,8742000,0
RSL.L,20100928,235.90,245.00,232.90,208.11,9663200,0
RSL.L,20100927,234.10,236.50,232.90,201.03,4580600,0
RSL.L,20100924,229.90,234.20,228.30,198.82,6935800,0
RSL.L,20100923,235.60,235.60,226.90,195.75,5844100,0
RSL.L,20100922,239.90,240.10,229.20,199.41,9139100,0
RSL.L,20100921,244.60,244.60,236.90,202.91,6504200,0
RSL.L,20100920,248.20,249.00,241.30,207.26,8528900,0
RSL.L,20100917,254.00,255.20,243.90,210.66,64899900,0
RSL.L,20100916,254.90,256.20,253.20,216.80,8727800,0
RSL.L,20100915,250.50,254.40,246.10,215.61,14257600,0
RSL.L,20100914,251.50,252.60,249.00,212.71,6423000,0
RSL.L,20100913,250.50,252.10,247.70,214.67,8230500,0
RSL.L,20100910,250.00,250.80,246.10,213.73,5565100,0
RSL.L,20100909,248.40,250.60,247.80,213.14,9158800,0
RSL.L,20100908,247.00,248.90,241.70,210.49,6407600,0
RSL.L,20100907,254.00,254.00,250.60,209.51,3466500,0
RSL.L,20100906,254.00,255.00,249.00,211.17,1914000,0
RSL.L,20100903,251.40,254.10,250.00,210.42,5588000,0
RSL.L,20100902,253.00,253.20,249.70,210.59,5093500,0
RSL.L,20100901,254.00,254.80,248.70,209.17,5556300,0
RSL.L,20100831,253.40,257.00,244.50,211.09,7494200,0
RSL.L,20100827,249.00,251.90,243.20,210.01,2341500,0
RSL.L,20100826,250.00,250.00,245.10,206.75,2165900,0
RSL.L,20100825,244.00,251.50,244.00,205.59,3646800,0
RSL.L,20100824,245.00,247.90,244.40,204.84,2842500,0
RSL.L,20100823,246.60,249.10,245.70,205.92,3140000,0
RSL.L,20100820,245.00,250.00,242.80,205.25,2690500,0
RSL.L,20100819,251.80,252.00,245.30,204.84,3851700,0
RSL.L,20100818,254.00,256.00,250.00,209.34,2451300,0
RSL.L,20100817,249.00,256.10,249.00,212.01,9073300,0
RSL.L,20100816,248.50,249.80,245.00,205.09,2887700,0
RSL.L,20100813,249.00,249.20,238.90,205.09,2613000,0
RSL.L,20100812,249.50,249.50,245.10,206.52,3850600,0
RSL.L,20100811,251.00,253.50,247.40,207.42,6276600,0
RSL.L,20100810,254.60,257.70,250.00,208.67,5686400,0
RSL.L,20100809,256.60,262.90,253.10,213.84,3224900,0
RSL.L,20100806,251.00,264.80,250.00,213.42,17092200,0
RSL.L,20100805,250.00,257.10,249.10,211.67,9148100,0
RSL.L,20100804,252.90,252.90,248.30,208.50,8956800,0
RSL.L,20100803,244.90,249.10,242.10,207.09,9594200,0
RSL.L,20100802,239.00,246.60,239.00,203.00,12386000,0
RSL.L,20100730,242.40,245.10,233.90,195.69,13672100,0
RSL.L,20100729,240.00,246.50,233.00,202.75,19299900,0
RSL.L,20100728,237.00,241.10,230.80,200.92,23607600,0
RSL.L,20100727,223.00,235.50,222.50,189.80,20232800,0
RSL.L,20100726,235.00,235.00,220.10,190.10,13895100,0
RSL.L,20100723,237.80,237.80,232.30,195.25,7721000,0
RSL.L,20100722,247.00,247.00,235.00,197.75,8077700,0
RSL.L,20100721,253.80,253.80,229.00,205.09,11395800,0
RSL.L,20100720,68.15,68.20,64.35,1619.43,147100,0
RSL.L,20100719,68.05,69.30,67.60,1700.72,89500,0
RSL.L,20100716,70.55,71.30,68.35,1725.73,149600,0
RSL.L,20100715,70.35,71.70,69.85,1772.00,121500,0
RSL.L,20100714,72.00,72.00,69.60,1754.49,63300,0
RSL.L,20100713,70.00,71.15,69.00,1755.74,100800,0
RSL.L,20100712,70.00,70.60,69.00,1754.49,50900,0
RSL.L,20100709,69.75,70.00,68.65,1750.74,79800,0
RSL.L,20100708,70.00,70.75,68.90,1750.74,209900,0
RSL.L,20100707,70.00,70.00,68.15,1750.74,66700,0
RSL.L,20100706,69.00,69.00,67.40,1725.73,120800,0
RSL.L,20100705,65.25,68.95,65.25,1700.72,138800,0
RSL.L,20100702,67.00,67.90,65.00,1674.45,208300,0
RSL.L,20100701,62.00,66.80,62.00,1656.95,126700,0
RSL.L,20100630,61.25,68.40,60.35,1583.17,1037700,0
RSL.L,20100629,60.25,60.25,60.25,1506.88,000,0
RSL.L,20100628,60.25,60.25,60.25,1506.88,000,0
RSL.L,20100625,60.25,60.25,60.25,1506.88,000,0
RSL.L,20100624,60.25,60.25,60.25,1506.88,000,0
RSL.L,20100623,60.25,60.25,60.25,1506.88,000,0
RSL.L,20100622,60.25,60.25,60.25,1506.88,000,0
RSL.L,20100621,60.25,60.25,60.25,1506.88,000,0
RSL.L,20100618,60.25,60.25,60.25,1506.88,000,0
RSL.L,20100617,60.25,60.25,60.25,1506.88,000,0
RSL.L,20100616,60.25,60.25,60.25,1506.88,000,0
RSL.L,20100615,60.25,60.25,60.25,1506.88,000,0
RSL.L,20100614,60.25,60.35,60.25,1506.88,000,0
RSL.L,20100611,61.25,62.10,59.95,1508.13,85900,0
RSL.L,20100610,59.00,60.60,58.50,1513.14,161300,0
RSL.L,20100609,58.95,59.50,58.55,1480.62,297600,0
RSL.L,20100608,59.25,60.00,58.50,1475.62,182900,0
RSL.L,20100607,59.00,60.05,58.45,1484.37,786000,0
RSL.L,20100604,61.45,62.10,59.55,1500.63,176900,0
RSL.L,20100603,62.50,63.00,61.50,1550.65,82300,0
RSL.L,20100602,60.75,62.35,60.25,1556.91,49900,0
RSL.L,20100601,62.00,62.25,60.15,1546.90,189200,0
RSL.L,20100531,62.20,62.20,62.20,1555.65,000,0
RSL.L,20100528,62.35,64.00,62.15,1555.65,167500,0
RSL.L,20100527,62.25,63.20,61.85,1575.66,139400,0
RSL.L,20100526,62.00,63.40,61.35,1565.66,249900,0
RSL.L,20100525,61.00,62.00,60.30,1523.14,230200,0
RSL.L,20100524,62.00,63.30,61.15,1551.90,156200,0
RSL.L,20100521,62.95,62.95,59.30,1559.41,278400,0
RSL.L,20100520,64.50,64.85,61.80,1555.65,165900,0
RSL.L,20100519,64.10,64.65,62.70,1613.18,100100,0
RSL.L,20100518,65.05,66.85,64.50,1625.68,177800,0
RSL.L,20100517,67.00,67.35,65.15,1643.19,155500,0
RSL.L,20100514,69.10,69.65,67.05,1678.21,144200,0
RSL.L,20100513,70.00,70.00,68.55,1743.23,108500,0
RSL.L,20100512,67.70,70.15,67.70,1754.49,139300,0
RSL.L,20100511,67.20,68.35,66.00,1709.47,323400,0
RSL.L,20100510,68.30,69.80,67.00,1711.97,185200,0
RSL.L,20100507,68.95,70.70,62.80,1660.70,228600,0
RSL.L,20100506,70.90,71.20,70.00,1761.99,218700,0
RSL.L,20100505,72.25,72.45,70.40,1770.75,434300,0
RSL.L,20100504,73.50,73.70,71.65,1800.76,131200,0
RSL.L,20100503,72.80,72.80,72.80,1820.77,000,0
RSL.L,20100430,72.45,73.30,72.30,1820.77,107000,0
RSL.L,20100429,71.50,72.90,70.75,1805.76,311300,0
RSL.L,20100428,73.00,73.00,70.15,1784.50,328500,0
RSL.L,20100427,76.20,76.45,72.50,1813.26,227600,0
RSL.L,20100426,77.40,78.00,75.85,1905.80,185600,0
RSL.L,20100423,77.70,78.05,76.00,1927.06,305200,0
RSL.L,20100422,78.50,79.25,77.20,1943.32,231700,0
RSL.L,20100421,79.85,80.35,78.35,1974.58,151300,0
RSL.L,20100420,79.00,80.40,79.00,2009.60,163200,0
RSL.L,20100419,79.75,80.00,77.80,1979.58,90200,0
RSL.L,20100416,80.10,81.00,79.25,1999.59,110700,0
RSL.L,20100415,80.40,80.55,79.70,2004.59,85200,0
RSL.L,20100414,80.10,81.00,79.90,2010.85,147400,0
RSL.L,20100413,80.60,81.65,79.25,1999.59,129300,0
RSL.L,20100412,83.05,83.20,80.75,2025.85,169600,0
RSL.L,20100409,83.75,84.30,82.05,2069.62,178700,0
RSL.L,20100408,84.25,85.00,82.85,2083.38,185700,0
RSL.L,20100407,83.00,85.00,82.15,2104.64,217100,0
RSL.L,20100406,82.90,85.30,81.80,2129.88,141500,0
RSL.L,20100405,83.10,83.10,83.10,2076.16,000,0
RSL.L,20100402,82.05,83.10,81.90,2076.16,121100,0
RSL.L,20100401,82.15,82.95,80.85,2047.43,293400,0
RSL.L,20100331,79.00,82.60,78.70,2047.43,258100,0
RSL.L,20100330,77.95,78.70,77.95,1963.74,164100,0
RSL.L,20100329,78.80,79.15,77.60,1947.50,245100,0
RSL.L,20100326,78.35,78.95,78.05,1963.74,209600,0
RSL.L,20100325,77.50,78.95,75.80,1948.75,402900,0
RSL.L,20100324,74.05,78.00,74.05,1933.76,320900,0
RSL.L,20100323,74.00,75.90,73.50,1850.06,513900,0
RSL.L,20100322,73.35,75.00,73.20,1850.06,2848100,0
RSL.L,20100319,73.55,74.35,73.00,1832.57,418400,0
RSL.L,20100318,72.00,74.50,71.90,1847.56,344000,0
RSL.L,20100317,71.70,73.00,71.20,1787.60,208000,0
RSL.L,20100316,72.60,73.35,71.00,1788.85,206900,0
RSL.L,20100315,73.65,74.45,72.05,1810.09,218800,0
RSL.L,20100312,73.40,75.10,73.15,1838.82,333200,0
RSL.L,20100311,72.00,73.50,71.95,1836.32,495500,0
RSL.L,20100310,72.35,72.40,70.00,1797.59,448800,0
RSL.L,20100309,68.90,72.55,68.75,1802.59,411300,0
RSL.L,20100308,70.25,70.50,68.70,1717.64,212500,0
RSL.L,20100305,72.00,72.00,67.90,1750.12,330900,0
RSL.L,20100304,71.85,72.45,70.60,1771.36,233600,0
RSL.L,20100303,72.50,72.90,71.65,1805.09,116800,0
RSL.L,20100302,72.65,72.95,71.85,1803.84,98400,0
RSL.L,20100301,72.50,73.25,71.50,1805.09,167300,0
RSL.L,20100226,73.10,73.35,72.00,1798.84,127000,0
RSL.L,20100225,73.00,74.40,72.90,1836.32,72200,0
RSL.L,20100224,74.00,74.10,72.90,1830.07,107600,0
RSL.L,20100223,73.95,74.05,73.35,1845.06,119400,0
RSL.L,20100222,74.15,74.75,73.45,1845.06,271500,0
RSL.L,20100219,75.75,75.85,74.45,1862.55,110100,0
RSL.L,20100218,75.40,76.20,75.35,1886.29,140900,0
RSL.L,20100217,75.50,75.75,74.65,1873.79,155200,0
RSL.L,20100216,76.05,76.10,75.10,1878.79,41300,0
RSL.L,20100215,75.30,75.75,74.55,1886.29,179400,0
RSL.L,20100212,75.50,75.95,73.80,1878.79,266600,0
RSL.L,20100211,75.55,75.55,72.95,1848.81,254600,0
RSL.L,20100210,76.95,76.95,74.20,1873.79,207800,0
RSL.L,20100209,78.85,78.85,77.00,1923.76,159600,0
RSL.L,20100208,79.20,79.90,78.25,1962.49,195400,0
RSL.L,20100205,80.20,81.20,79.10,1998.71,128000,0
RSL.L,20100204,81.70,81.85,80.05,2003.71,89500,0
RSL.L,20100203,80.20,81.75,80.05,2038.69,92300,0
RSL.L,20100201,79.75,80.55,79.15,2003.71,69800,0
RSL.L,20100129,79.40,81.05,79.30,1996.22,192800,0
RSL.L,20100128,82.15,82.15,78.95,1973.73,230200,0
RSL.L,20100127,79.80,82.00,78.85,2037.44,193400,0
RSL.L,20100126,79.45,80.15,79.15,1989.97,78800,0
RSL.L,20100125,80.05,80.80,79.45,1996.22,161800,0
RSL.L,20100122,83.95,83.95,80.00,2006.21,257000,0
RSL.L,20100121,83.45,84.95,83.45,2086.16,176100,0
RSL.L,20100120,85.00,85.70,83.05,2089.91,130400,0
RSL.L,20100119,85.35,85.80,84.10,2134.88,101700,0
RSL.L,20100118,85.45,85.80,83.75,2143.62,59200,0
RSL.L,20100115,85.80,86.50,84.00,2104.90,210500,0
RSL.L,20100114,86.60,87.40,85.95,2157.36,60200,0
RSL.L,20100113,87.00,87.90,85.70,2169.85,139600,0
RSL.L,20100112,89.15,89.15,86.90,2173.60,255700,0
RSL.L,20100111,89.50,90.25,88.40,2217.32,87500,0
RSL.L,20100108,89.45,90.50,88.90,2242.31,143700,0
RSL.L,20100107,88.60,90.25,88.60,2236.06,212900,0
RSL.L,20100106,87.70,89.30,87.60,2229.82,218700,0
RSL.L,20100105,89.45,89.45,87.00,2198.59,171500,0
RSL.L,20100104,88.25,90.95,88.00,2212.33,90700,0
RSL.L,20091231,89.10,90.35,88.60,2233.56,17900,0
RSL.L,20091230,90.00,90.50,89.00,2226.07,30800,0
RSL.L,20091229,89.50,89.50,89.50,2236.06,000,0
RSL.L,20091228,89.50,89.50,89.50,2236.06,000,0
RSL.L,20091225,89.50,89.50,89.50,2236.06,000,0
RSL.L,20091224,89.50,90.00,88.45,2236.06,34700,0
RSL.L,20091223,88.60,90.00,88.35,2236.06,54900,0
RSL.L,20091222,87.00,88.95,86.80,2199.83,103000,0
RSL.L,20091221,84.80,87.35,84.75,2173.60,81100,0
RSL.L,20091218,83.20,85.65,82.50,2108.64,321600,0
RSL.L,20091217,81.55,83.20,81.15,2072.42,163200,0
RSL.L,20091216,78.60,83.20,78.60,2061.17,180100,0
RSL.L,20091215,79.20,79.40,78.05,1963.74,76500,0
RSL.L,20091214,79.35,80.00,78.60,1971.23,99100,0
RSL.L,20091211,79.85,81.50,78.70,1969.98,149300,0
RSL.L,20091210,78.75,79.25,77.45,1979.98,130800,0
RSL.L,20091209,80.25,81.00,78.00,1956.24,180000,0
RSL.L,20091208,81.75,82.50,80.15,2019.95,146000,0
RSL.L,20091207,82.60,83.60,81.70,2048.68,133200,0
RSL.L,20091204,82.65,82.65,79.70,2048.68,153400,0
RSL.L,20091203,83.90,84.50,81.75,2044.93,252400,0
RSL.L,20091202,84.95,84.95,82.25,2096.15,217000,0
RSL.L,20091201,83.80,85.70,83.50,2113.64,158800,0
RSL.L,20091130,84.05,84.50,82.25,2111.14,960700,0
RSL.L,20091127,82.45,85.00,81.85,2108.64,190900,0
RSL.L,20091126,87.50,87.55,81.00,2052.43,199400,0
RSL.L,20091125,89.60,89.60,85.00,2161.11,267200,0
RSL.L,20091124,90.00,90.00,87.75,2217.32,183600,0
RSL.L,20091123,88.55,90.70,88.00,2261.05,143100,0
RSL.L,20091120,91.00,91.00,87.35,2211.08,277000,0
RSL.L,20091119,90.00,90.75,87.90,2256.05,166600,0
RSL.L,20091118,89.00,89.70,86.65,2239.81,427900,0
RSL.L,20091117,92.00,92.45,88.50,2247.30,240800,0
RSL.L,20091116,93.00,93.50,90.05,2323.51,173600,0
RSL.L,20091113,96.00,96.00,92.50,2311.01,283900,0
RSL.L,20091112,97.00,99.15,94.00,2398.46,838100,0
RSL.L,20091111,97.00,97.50,94.40,2427.19,203700,0
RSL.L,20091110,97.00,97.65,95.55,2423.44,234100,0
RSL.L,20091109,96.50,97.50,95.45,2410.95,148000,0
RSL.L,20091106,94.50,96.50,94.50,2398.46,258500,0
RSL.L,20091105,98.00,98.00,94.50,2373.47,212900,0
RSL.L,20091104,96.25,99.00,96.00,2423.44,134200,0
RSL.L,20091103,98.00,98.25,94.25,2423.44,185600,0
RSL.L,20091102,93.00,98.00,92.75,2448.42,166300,0
RSL.L,20091030,92.75,96.75,90.00,2328.50,1157600,0
RSL.L,20091029,90.50,94.00,89.75,2348.49,275200,0
RSL.L,20091028,88.25,91.75,88.00,2273.54,114100,0
RSL.L,20091027,88.00,90.00,87.75,2211.08,155900,0
RSL.L,20091026,89.75,91.00,88.25,2217.32,107200,0
RSL.L,20091023,91.75,91.75,89.25,2242.31,46500,0
RSL.L,20091022,91.75,91.75,89.25,2286.03,39900,0
RSL.L,20091021,92.00,92.00,89.25,2292.28,99400,0
RSL.L,20091020,93.50,93.75,91.00,2298.52,74700,0
RSL.L,20091019,92.00,93.50,92.00,2311.01,71500,0
RSL.L,20091016,94.00,94.50,92.00,2298.52,17400,0
RSL.L,20091015,91.75,93.25,91.50,2329.75,33600,0
RSL.L,20091014,91.75,92.00,91.00,2286.03,42800,0
RSL.L,20091013,93.00,93.00,91.50,2292.28,15400,0
RSL.L,20091012,94.00,94.00,93.00,2336.00,21300,0
RSL.L,20091009,93.00,93.75,93.00,2323.51,37600,0
RSL.L,20091008,93.25,93.75,92.75,2336.00,6300,0
RSL.L,20091007,92.50,93.75,92.00,2311.01,20700,0
RSL.L,20091006,93.00,93.75,93.00,2323.51,4100,0
RSL.L,20091005,94.25,94.25,93.00,2342.24,4700,0
RSL.L,20091002,93.75,95.25,93.50,2354.74,87100,0
RSL.L,20091001,92.50,94.75,92.50,2336.00,42600,0
RSL.L,20090930,94.25,94.75,92.25,2317.26,67300,0
RSL.L,20090929,94.25,95.00,93.75,2373.47,42100,0
RSL.L,20090928,94.25,94.75,94.00,2354.74,20800,0
RSL.L,20090925,94.00,95.00,94.00,2354.74,50500,0
RSL.L,20090924,94.50,94.75,93.75,2354.74,28600,0
RSL.L,20090923,94.00,95.00,94.00,2373.47,18700,0
RSL.L,20090922,94.25,94.75,94.00,2354.74,29800,0
RSL.L,20090921,94.50,94.50,94.00,2354.74,19500,0
RSL.L,20090918,94.75,95.25,94.00,2379.72,22800,0
RSL.L,20090917,95.00,95.00,94.00,2360.98,37200,0
RSL.L,20090916,94.00,94.50,94.00,2360.98,7000,0
RSL.L,20090915,93.00,94.25,93.00,2354.74,17300,0
RSL.L,20090914,93.00,93.25,92.25,2323.51,8100,0
RSL.L,20090911,93.25,93.50,92.50,2317.26,30600,0
RSL.L,20090910,93.75,94.75,93.25,2333.53,20200,0
RSL.L,20090909,93.75,94.50,93.75,2351.97,43000,0
RSL.L,20090908,93.50,94.75,93.50,2367.23,47400,0
RSL.L,20090907,92.00,92.75,90.50,2317.26,17000,0
RSL.L,20090904,91.75,92.25,90.50,2298.52,9900,0
RSL.L,20090903,95.00,95.00,91.75,2292.28,16300,0
RSL.L,20090902,94.75,95.00,92.00,2311.01,13000,0
RSL.L,20090901,95.00,95.50,93.00,2373.47,17700,0
RSL.L,20090831,95.00,95.00,95.00,2373.47,000,0
RSL.L,20090828,94.00,95.50,93.50,2373.47,37200,0
RSL.L,20090827,96.00,96.00,92.75,2342.24,28600,0
RSL.L,20090826,92.75,95.75,92.75,2348.49,15300,0
RSL.L,20090825,93.00,95.25,92.75,2379.72,9100,0
RSL.L,20090824,90.50,93.25,90.00,2329.75,12400,0
RSL.L,20090821,87.00,92.50,86.25,2254.80,700,0
RSL.L,20090820,87.00,88.25,84.75,2173.60,1500,0
RSL.L,20090819,84.00,85.75,84.00,2111.14,107500,0
RSL.L,20090818,83.50,87.00,83.50,2173.60,35900,0
RSL.L,20090817,84.00,85.00,83.00,2098.65,45400,0
RSL.L,20090814,85.50,85.75,84.00,2111.14,250500,0
RSL.L,20090813,85.75,86.50,83.00,2123.63,11700,0
RSL.L,20090812,81.75,86.00,81.50,2148.62,137900,0
RSL.L,20090811,87.00,88.50,80.00,2085.40,53700,0
RSL.L,20090810,88.00,89.00,87.00,2223.57,100,0
RSL.L,20090807,90.00,90.00,88.25,2204.83,000,0
RSL.L,20090806,90.00,90.00,88.25,2248.55,3700,0
RSL.L,20090805,89.00,89.50,88.00,2204.83,600,0
RSL.L,20090804,89.50,90.00,89.00,2248.55,300,0
RSL.L,20090803,89.75,90.00,89.00,2223.57,000,0
RSL.L,20090731,89.75,90.00,89.75,2248.55,3700,0
RSL.L,20090730,88.50,90.00,88.00,2198.59,900,0
RSL.L,20090729,90.00,90.50,89.00,2261.05,9400,0
RSL.L,20090728,90.50,90.75,90.00,2261.05,100,0
RSL.L,20090727,89.25,91.75,87.25,2292.28,500,0
RSL.L,20090724,90.00,91.00,90.00,2273.54,000,0
RSL.L,20090723,88.75,90.00,88.75,2236.06,300,0
RSL.L,20090722,88.25,91.00,88.25,2273.54,200,0
RSL.L,20090721,90.25,91.50,88.00,2198.59,2900,0
RSL.L,20090720,92.00,92.00,90.25,2254.80,200,0
RSL.L,20090717,89.25,92.25,88.00,2304.77,2600,0
RSL.L,20090716,87.00,88.75,87.00,2211.08,1800,0
RSL.L,20090715,90.25,90.50,87.50,2186.09,700,0
RSL.L,20090714,89.00,90.50,88.00,2254.80,2000,0
RSL.L,20090713,90.00,90.00,87.75,2192.34,900,0
RSL.L,20090710,88.50,92.00,88.25,2261.05,11300,0
RSL.L,20090709,88.00,89.75,88.00,2211.08,300,0
RSL.L,20090708,90.50,91.00,88.00,2198.59,900,0
RSL.L,20090707,91.50,92.00,91.00,2273.54,200,0
RSL.L,20090706,91.50,92.00,90.00,2248.55,200,0
RSL.L,20090703,91.75,92.25,91.00,2298.52,600,0
RSL.L,20090702,91.00,91.50,90.50,2261.05,000,0
RSL.L,20090701,91.00,91.00,90.00,2248.55,2800,0
RSL.L,20090630,91.50,91.75,89.00,2223.57,3200,0
RSL.L,20090629,92.75,92.75,89.00,2254.80,200,0
RSL.L,20090626,92.50,92.75,92.00,2317.26,400,0
RSL.L,20090625,92.50,92.50,91.50,2311.01,800,0
RSL.L,20090624,92.50,92.50,92.00,2298.52,10000,0
RSL.L,20090623,91.00,92.75,89.75,2298.52,300,0
RSL.L,20090622,93.50,93.50,89.50,2279.78,21500,0
RSL.L,20090619,92.50,94.50,92.50,2342.24,1000,0
RSL.L,20090618,93.50,93.50,92.50,2317.26,11600,0
RSL.L,20090617,91.50,93.00,91.50,2311.01,14600,0
RSL.L,20090616,90.25,92.50,90.25,2311.01,000,0
RSL.L,20090615,92.25,92.50,90.25,2311.01,2500,0
RSL.L,20090612,92.50,92.50,91.50,2286.03,58400,0
RSL.L,20090611,94.50,94.50,93.75,2342.24,1000,0
RSL.L,20090610,94.75,94.75,94.25,2360.98,900,0
RSL.L,20090609,94.25,95.25,94.25,2360.98,200,0
RSL.L,20090608,97.00,97.00,94.50,2398.46,100,0
RSL.L,20090605,98.00,98.00,95.00,2373.47,2100,0
RSL.L,20090604,95.50,99.50,95.50,2435.93,300,0
RSL.L,20090603,97.00,98.00,95.75,2423.44,1200,0
RSL.L,20090602,98.75,98.75,97.00,2435.93,1300,0
RSL.L,20090601,100.00,100.00,97.50,2473.41,300,0
RSL.L,20090529,97.00,101.50,96.00,2535.87,31100,0
RSL.L,20090528,96.00,98.00,94.00,2373.47,300,0
RSL.L,20090527,98.75,98.75,97.50,2448.42,14800,0
RSL.L,20090526,102.00,102.00,98.75,2473.41,000,0
RSL.L,20090525,99.50,99.50,99.50,2485.90,000,0
RSL.L,20090522,99.00,99.75,98.75,2485.90,4100,0
RSL.L,20090521,98.50,99.75,98.50,2492.15,4900,0
RSL.L,20090520,99.00,100.00,99.00,2498.39,300,0
RSL.L,20090519,99.00,102.00,99.00,2535.87,000,0
RSL.L,20090518,98.00,98.75,98.00,2448.42,900,0
RSL.L,20090515,98.75,98.75,98.00,2467.16,500,0
RSL.L,20090514,99.00,99.00,97.00,2448.42,4400,0
RSL.L,20090513,98.50,99.25,96.25,2404.70,300,0
RSL.L,20090512,101.00,101.00,98.00,2448.42,12300,0
RSL.L,20090511,98.25,100.75,98.25,2460.92,2900,0
RSL.L,20090508,101.00,101.00,95.00,2454.67,900,0
RSL.L,20090507,95.50,96.25,95.00,2373.47,20800,0
RSL.L,20090506,95.00,96.25,95.00,2398.46,1800,0
RSL.L,20090505,95.25,96.25,95.00,2398.46,12700,0
RSL.L,20090504,95.50,95.50,95.50,2385.97,000,0
RSL.L,20090501,95.25,95.50,95.25,2385.97,000,0
RSL.L,20090430,97.75,97.75,95.50,2385.97,200,0
RSL.L,20090429,95.00,95.25,95.00,2379.72,000,0
RSL.L,20090428,97.00,97.00,95.00,2373.47,600,0
RSL.L,20090427,98.00,98.00,97.00,2423.44,11200,0
RSL.L,20090424,98.00,100.00,98.00,2448.42,000,0
RSL.L,20090423,99.00,99.00,98.00,2448.42,400,0
RSL.L,20090422,99.50,99.50,98.00,2473.41,10600,0
RSL.L,20090421,100.00,100.00,98.25,2460.92,3000,0
RSL.L,20090420,101.00,101.00,99.00,2485.90,6300,0
RSL.L,20090417,98.00,100.00,98.00,2498.39,16600,0
RSL.L,20090416,100.25,100.25,98.00,2504.64,8400,0
RSL.L,20090415,96.25,100.25,96.25,2504.64,25000,0
RSL.L,20090414,96.00,98.75,96.00,2467.16,8100,0
RSL.L,20090413,98.00,98.00,98.00,2448.42,000,0
RSL.L,20090410,98.00,98.00,98.00,2448.42,000,0
RSL.L,20090409,100.00,100.00,96.25,2448.42,15400,0
RSL.L,20090408,109.00,109.00,99.00,2498.39,22400,0
RSL.L,20090407,100.00,112.00,100.00,2798.20,28600,0
RSL.L,20090406,105.00,105.00,100.25,2504.64,3000,0
RSL.L,20090403,104.00,105.00,101.00,2523.38,6700,0
RSL.L,20090402,101.00,105.00,100.00,2623.31,209200,0
RSL.L,20090401,102.00,102.75,100.00,2548.36,41300,0
RSL.L,20090331,99.75,102.00,99.00,2548.36,108000,0
RSL.L,20090330,97.00,99.50,95.25,2485.90,43100,0
RSL.L,20090327,93.00,98.50,93.00,2460.92,63600,0
RSL.L,20090326,94.75,94.75,94.00,2354.74,5300,0
RSL.L,20090325,96.00,96.00,93.00,2367.23,47600,0
RSL.L,20090324,95.00,97.75,95.00,2373.47,54400,0
RSL.L,20090323,97.00,97.00,95.00,2373.47,3800,0
RSL.L,20090320,95.00,97.00,95.00,2398.46,40100,0
RSL.L,20090319,95.00,95.00,95.00,2385.97,72600,0
RSL.L,20090318,97.50,97.50,95.00,2373.47,7300,0
RSL.L,20090317,98.00,100.00,97.00,2423.44,7300,0
RSL.L,20090316,93.75,99.75,93.75,2492.15,98800,0
RSL.L,20090313,91.00,93.75,91.00,2323.51,29000,0
RSL.L,20090312,93.75,93.75,90.00,2286.03,87200,0
RSL.L,20090311,92.50,93.75,91.75,2336.00,139700,0
RSL.L,20090310,92.00,93.00,88.25,2311.01,328700,0
RSL.L,20090309,102.50,102.50,92.00,2298.52,34500,0
RSL.L,20090306,108.00,108.00,103.50,2692.02,66600,0
RSL.L,20090305,108.00,108.25,107.50,2698.26,747300,0
RSL.L,20090304,108.00,108.00,108.00,2698.26,20700,0
RSL.L,20090303,106.25,108.00,106.25,2685.77,37300,0
RSL.L,20090302,106.00,107.00,106.00,2667.03,14100,0
RSL.L,20090227,105.00,108.00,105.00,2698.26,181900,0
RSL.L,20090226,108.00,108.00,106.00,2648.30,38500,0
RSL.L,20090225,107.00,107.00,107.00,2673.28,1000,0
RSL.L,20090224,108.50,109.25,107.75,2710.76,16500,0
RSL.L,20090223,108.50,110.00,108.50,2748.23,300,0
RSL.L,20090220,110.00,110.00,108.50,2735.74,5900,0
RSL.L,20090219,110.00,110.00,109.00,2723.25,2500,0
RSL.L,20090218,110.00,110.00,110.00,2748.23,122600,0
RSL.L,20090217,109.25,110.00,108.25,2704.51,63100,0
RSL.L,20090216,108.50,110.00,108.50,2741.99,14700,0
RSL.L,20090213,111.75,111.75,108.50,2729.49,17000,0
RSL.L,20090212,110.00,110.00,108.75,2748.23,70000,0
RSL.L,20090211,110.00,110.00,108.75,2717.00,2100,0
RSL.L,20090210,108.50,110.00,108.50,2735.74,3200,0
RSL.L,20090209,112.00,112.00,109.50,2741.99,2000,0
RSL.L,20090206,108.50,110.00,108.50,2760.72,25200,0
RSL.L,20090205,108.00,110.00,108.00,2748.23,18900,0
RSL.L,20090204,103.00,107.00,103.00,2673.28,15000,0
RSL.L,20090203,100.75,102.50,100.75,2560.85,5300,0
RSL.L,20090202,105.00,105.00,102.00,2592.08,12600,0
RSL.L,20090130,105.00,105.00,104.00,2623.31,8600,0
RSL.L,20090129,105.00,105.50,104.00,2635.80,3800,0
RSL.L,20090128,105.00,106.00,104.25,2623.31,13400,0
RSL.L,20090127,106.00,106.00,104.00,2598.33,000,0
RSL.L,20090126,105.00,107.00,104.00,2623.31,67200,0
RSL.L,20090123,107.50,107.50,102.25,2573.34,93000,0
RSL.L,20090122,108.00,108.00,107.50,2685.77,100,0
RSL.L,20090121,109.00,109.50,107.50,2685.77,15700,0
RSL.L,20090120,109.00,110.00,109.00,2748.23,4500,0
RSL.L,20090119,109.50,110.50,108.75,2748.23,3200,0
RSL.L,20090116,111.75,111.75,111.75,2791.95,000,0
RSL.L,20090115,109.00,110.00,109.00,2748.23,7800,0
RSL.L,20090114,108.50,110.00,108.50,2710.76,10400,0
RSL.L,20090113,110.00,110.00,110.00,2748.23,44900,0
RSL.L,20090112,109.00,110.00,109.00,2729.49,45500,0
RSL.L,20090109,109.50,110.00,108.50,2710.76,7800,0
RSL.L,20090108,108.50,110.00,107.25,2748.23,3300,0
RSL.L,20090107,110.00,110.00,108.50,2735.74,2700,0
RSL.L,20090106,109.00,110.75,109.00,2748.23,27000,0
RSL.L,20090105,109.00,110.00,109.00,2735.74,17200,0
RSL.L,20090102,109.25,110.00,107.50,2704.51,8300,0
RSL.L,20090101,111.00,111.00,111.00,2773.22,000,0
RSL.L,20081231,108.75,111.00,108.75,2773.22,16800,0
RSL.L,20081230,109.50,109.50,109.50,2735.74,000,0
RSL.L,20081229,109.00,110.00,109.00,2748.23,3700,0
RSL.L,20081226,112.00,112.00,112.00,2798.20,000,0
RSL.L,20081225,112.00,112.00,112.00,2798.20,000,0
RSL.L,20081224,108.75,112.00,108.75,2798.20,200,0
RSL.L,20081223,109.00,110.00,108.75,2748.23,7000,0
RSL.L,20081222,110.00,110.00,109.00,2735.74,7100,0
RSL.L,20081219,109.50,110.00,108.50,2748.23,1700,0
RSL.L,20081218,110.00,110.00,110.00,2748.23,22800,0
RSL.L,20081217,109.25,110.00,109.25,2748.23,27100,0
RSL.L,20081216,109.75,112.00,109.50,2748.23,6900,0
RSL.L,20081215,110.00,110.00,109.25,2729.49,8900,0
RSL.L,20081212,111.50,112.00,109.00,2748.23,67400,0
RSL.L,20081211,116.75,116.75,112.50,2823.18,219700,0
RSL.L,20081210,114.00,116.00,114.00,2898.14,160700,0
RSL.L,20081209,110.00,114.00,110.00,2816.94,69300,0
RSL.L,20081208,104.75,110.00,104.75,2698.26,54400,0
RSL.L,20081205,103.00,104.00,103.00,2598.33,3900,0
