SL.L,20120824,266.80,267.30,264.71,266.10,5896000,0
SL.L,20120823,271.40,272.30,265.70,266.40,4908500,0
SL.L,20120822,269.70,271.50,268.20,268.90,5488900,0
SL.L,20120821,273.80,278.00,273.60,276.40,4466200,0
SL.L,20120820,277.00,277.90,272.80,273.50,4789000,0
SL.L,20120817,276.30,278.76,274.30,276.50,6242700,0
SL.L,20120816,276.70,277.80,272.40,273.90,6670600,0
SL.L,20120815,278.50,279.90,274.52,275.30,12330100,0
SL.L,20120814,267.40,281.20,259.40,277.40,14237700,0
SL.L,20120810,255.00,258.00,254.20,257.50,3061000,0
SL.L,20120809,255.10,256.90,253.30,256.00,4989800,0
SL.L,20120808,253.00,254.40,252.20,254.10,4204500,0
SL.L,20120807,254.30,255.05,252.00,254.10,4972600,0
SL.L,20120806,252.80,255.70,249.70,254.00,4365200,0
SL.L,20120803,247.00,255.01,243.30,253.30,6010600,0
SL.L,20120802,245.90,250.00,244.40,245.70,5959000,0
SL.L,20120801,242.30,245.65,241.60,245.30,3023500,0
SL.L,20120731,242.80,245.10,241.90,241.90,5134000,0
SL.L,20120727,237.70,238.90,233.10,238.90,2776200,0
SL.L,20120726,230.40,235.80,227.40,235.50,3995500,0
SL.L,20120725,228.90,230.40,227.40,229.90,2361200,0
SL.L,20120724,230.90,231.70,228.40,229.30,2825700,0
SL.L,20120723,236.20,236.20,227.40,229.60,3746700,0
SL.L,20120720,242.10,242.10,236.60,238.00,4819100,0
SL.L,20120719,239.60,242.40,238.30,242.10,3413400,0
SL.L,20120718,237.40,239.80,235.70,239.30,3141000,0
SL.L,20120717,238.20,238.20,234.80,236.00,2696100,0
SL.L,20120716,236.00,237.70,234.70,237.10,3312400,0
SL.L,20120713,232.80,235.70,232.00,235.40,3380100,0
SL.L,20120712,233.30,235.20,230.50,231.30,5354600,0
SL.L,20120711,233.90,235.90,231.70,233.80,3864800,0
SL.L,20120710,231.00,235.70,230.70,234.40,4367500,0
SL.L,20120709,232.90,233.60,227.70,231.00,3614600,0
SL.L,20120706,233.60,235.01,231.90,232.70,2888000,0
SL.L,20120705,234.40,235.90,231.90,234.00,4187100,0
SL.L,20120704,235.40,235.40,233.00,233.90,2579700,0
SL.L,20120703,234.20,237.50,233.90,235.40,3809000,0
SL.L,20120702,233.00,236.10,232.40,234.40,3389500,0
SL.L,20120629,233.00,235.20,230.10,233.40,4721300,0
SL.L,20120628,226.70,228.10,224.20,226.80,3909100,0
SL.L,20120627,224.30,226.20,222.60,225.40,4237200,0
SL.L,20120626,224.40,224.90,222.08,222.90,3729500,0
SL.L,20120625,226.00,226.90,223.02,223.50,3448200,0
SL.L,20120622,229.00,230.35,225.30,226.50,3695100,0
SL.L,20120621,227.60,233.50,227.60,230.70,5277700,0
SL.L,20120620,225.80,230.30,225.30,228.90,4473500,0
SL.L,20120619,220.90,225.80,219.00,225.80,3196300,0
SL.L,20120618,224.70,224.90,218.20,219.30,3823500,0
SL.L,20120615,221.50,223.60,219.77,219.90,11736600,0
SL.L,20120614,217.00,219.90,215.90,219.40,3566700,0
SL.L,20120613,218.50,220.20,215.70,218.40,4520900,0
SL.L,20120612,217.50,219.60,214.30,217.10,5049700,0
SL.L,20120611,225.90,225.90,216.70,218.10,4267300,0
SL.L,20120608,215.50,220.80,215.35,220.40,7842900,0
SL.L,20120607,214.60,218.80,213.10,216.30,5642400,0
SL.L,20120606,205.40,212.80,205.40,212.80,6122800,0
SL.L,20120601,205.80,207.50,202.40,204.00,6911700,0
SL.L,20120531,202.60,205.21,202.60,204.70,6712300,0
SL.L,20120530,205.30,206.15,202.10,202.40,3025500,0
SL.L,20120529,208.00,208.10,205.60,207.20,2785200,0
SL.L,20120528,208.70,209.05,204.20,205.70,2630000,0
SL.L,20120525,206.80,209.10,204.40,205.70,2275200,0
SL.L,20120524,204.40,207.40,203.20,205.90,2309600,0
SL.L,20120523,207.10,208.30,202.00,202.00,3783900,0
SL.L,20120522,205.70,210.00,203.30,210.00,4056400,0
SL.L,20120521,200.80,205.10,200.40,204.40,4329800,0
SL.L,20120518,200.00,205.00,199.00,201.50,4534700,0
SL.L,20120517,208.10,208.10,200.80,202.60,3900400,0
SL.L,20120516,203.00,209.10,201.50,207.20,5003200,0
SL.L,20120514,211.80,211.80,206.70,208.40,3921700,0
SL.L,20120511,210.80,213.60,208.80,213.60,5125700,0
SL.L,20120510,208.00,212.05,207.90,211.10,5582900,0
SL.L,20120509,212.10,212.40,204.20,207.80,4386300,0
SL.L,20120508,214.40,215.70,210.00,210.30,5643400,0
SL.L,20120504,218.60,219.30,212.70,214.40,8228100,0
SL.L,20120503,224.10,225.50,219.00,219.70,5350900,0
SL.L,20120502,225.20,226.00,221.70,224.20,5692600,0
SL.L,20120501,224.80,226.30,223.30,225.50,1461500,0
SL.L,20120430,228.10,228.10,223.20,223.60,3919700,0
SL.L,20120427,223.40,227.50,221.10,226.90,3689300,0
SL.L,20120426,226.30,227.30,221.40,224.10,6725200,0
SL.L,20120425,229.50,230.30,224.32,225.10,6933200,0
SL.L,20120424,225.30,225.80,221.40,224.00,5501200,0
SL.L,20120423,227.90,229.00,221.20,222.90,4350600,0
SL.L,20120420,228.40,231.70,226.80,229.10,5945700,0
SL.L,20120419,226.80,230.30,225.60,228.50,5874100,0
SL.L,20120418,226.30,229.30,223.70,225.50,5819200,0
SL.L,20120417,220.50,227.30,220.00,226.80,3915000,0
SL.L,20120416,219.80,222.04,217.80,220.30,4402100,0
SL.L,20120413,223.50,225.40,220.10,220.90,4253400,0
SL.L,20120412,220.30,224.70,218.30,224.10,4811200,0
SL.L,20120411,215.70,221.00,215.00,219.70,6894900,0
SL.L,20120410,220.00,220.97,217.00,217.00,5440200,0
SL.L,20120405,222.70,223.40,218.90,222.20,4342500,0
SL.L,20120404,228.60,228.60,220.90,222.30,4709700,0
SL.L,20120403,231.30,232.00,228.70,228.80,3599000,0
SL.L,20120402,230.10,231.10,225.30,231.10,5621600,0
SL.L,20120330,228.70,230.45,227.70,229.70,5814000,0
SL.L,20120329,231.00,233.00,225.60,228.30,7632700,0
SL.L,20120328,232.00,233.80,230.70,231.00,6157800,0
SL.L,20120327,236.10,236.91,230.50,231.70,6465600,0
SL.L,20120326,236.20,236.40,231.00,233.70,5890300,0
SL.L,20120323,234.60,235.20,231.40,234.00,4133600,0
SL.L,20120322,235.40,235.85,232.30,233.70,5041600,0
SL.L,20120321,236.00,239.40,235.50,236.50,7595800,0
SL.L,20120320,246.40,248.50,244.40,245.20,4463100,0
SL.L,20120319,249.90,249.90,244.90,247.70,6400500,0
SL.L,20120316,248.30,252.91,244.30,250.70,10728500,0
SL.L,20120315,246.50,249.03,244.80,247.90,7170200,0
SL.L,20120314,239.70,247.10,239.30,246.00,7048600,0
SL.L,20120313,242.00,245.96,237.20,238.50,10623200,0
SL.L,20120312,235.20,238.90,235.10,237.60,4192400,0
SL.L,20120309,238.20,238.20,232.20,236.80,3714800,0
SL.L,20120308,235.00,237.50,233.43,237.20,4973800,0
SL.L,20120307,229.70,234.00,229.50,233.30,3262200,0
SL.L,20120306,234.80,235.50,228.30,230.20,4514400,0
SL.L,20120305,234.70,237.61,233.50,236.00,3497800,0
SL.L,20120302,237.20,238.54,234.30,236.40,3750100,0
SL.L,20120301,232.20,238.90,231.15,237.10,4201200,0
SL.L,20120229,233.80,237.30,232.42,232.50,7662100,0
SL.L,20120228,236.00,236.40,232.92,235.20,3316100,0
SL.L,20120227,233.80,234.94,231.32,234.90,3146800,0
SL.L,20120224,234.00,235.80,233.05,235.40,3447500,0
SL.L,20120223,231.60,234.40,230.85,233.50,3121900,0
SL.L,20120222,235.00,235.00,231.20,232.10,4238700,0
SL.L,20120221,235.50,235.70,232.40,233.90,4039200,0
SL.L,20120220,235.00,236.09,233.30,235.60,5795500,0
SL.L,20120217,230.60,235.20,229.15,233.90,5296600,0
SL.L,20120216,228.80,229.90,226.30,229.90,2893200,0
SL.L,20120215,231.00,232.29,228.40,231.00,3178700,0
SL.L,20120214,226.60,230.00,226.60,228.80,2317600,0
SL.L,20120213,227.60,229.90,226.00,227.90,3594300,0
SL.L,20120210,229.50,229.50,223.90,225.10,2961600,0
SL.L,20120209,229.00,231.40,226.70,230.00,4268200,0
SL.L,20120208,228.30,229.35,227.40,228.00,2795100,0
SL.L,20120207,228.00,228.80,225.90,227.90,2588800,0
SL.L,20120206,229.50,229.50,225.30,226.90,3912100,0
SL.L,20120203,224.30,230.25,223.20,229.30,4497900,0
SL.L,20120202,224.80,225.30,221.80,224.40,4713200,0
SL.L,20120201,218.00,223.50,217.00,223.50,5650900,0
SL.L,20120131,216.10,219.80,214.20,217.80,6177300,0
SL.L,20120130,218.00,218.00,213.00,215.10,2556600,0
SL.L,20120127,219.20,220.20,216.30,219.10,3160800,0
SL.L,20120126,217.00,220.50,214.60,219.80,4212900,0
SL.L,20120125,218.70,219.90,214.90,216.70,3130400,0
SL.L,20120124,218.20,218.90,213.61,218.70,5523100,0
SL.L,20120123,214.30,220.70,211.90,219.30,4960600,0
SL.L,20120120,210.00,215.70,208.00,213.70,7002600,0
SL.L,20120119,203.20,209.80,203.20,209.30,4807700,0
SL.L,20120118,205.50,207.20,202.50,203.80,3969400,0
SL.L,20120117,208.60,208.60,203.70,205.10,2908200,0
SL.L,20120116,203.40,205.50,202.72,205.10,3027600,0
SL.L,20120113,208.20,208.40,201.80,204.50,3501400,0
SL.L,20120112,204.70,209.01,203.82,206.20,3742000,0
SL.L,20120111,204.50,207.20,203.12,204.00,3489400,0
SL.L,20120110,201.70,204.46,200.95,203.70,3412100,0
SL.L,20120109,201.90,202.50,198.00,198.90,3511700,0
SL.L,20120106,202.90,204.30,199.40,200.90,3251400,0
SL.L,20120105,205.10,206.10,200.90,201.90,3501300,0
SL.L,20120104,206.20,207.90,201.50,204.80,4889000,0
SL.L,20120103,210.60,211.10,202.50,205.50,4216100,0
SL.L,20111230,205.70,206.30,202.50,206.30,972200,0
SL.L,20111229,201.80,204.70,200.50,204.70,2007300,0
SL.L,20111228,204.00,204.50,200.72,201.90,2013000,0
SL.L,20111223,202.10,203.40,199.20,202.90,1072600,0
SL.L,20111222,197.30,201.30,197.30,200.20,2590800,0
SL.L,20111221,201.90,205.50,196.68,197.60,3323400,0
SL.L,20111220,196.20,200.20,194.90,200.00,2695700,0
SL.L,20111219,195.30,198.70,193.94,195.70,2903500,0
SL.L,20111216,199.10,200.30,196.10,196.70,3684800,0
SL.L,20111215,194.30,199.60,193.40,198.10,4913800,0
SL.L,20111214,196.80,198.32,193.20,193.40,3071900,0
SL.L,20111213,196.70,201.10,195.20,197.80,2771700,0
SL.L,20111212,204.20,204.30,196.60,196.60,2628800,0
SL.L,20111209,198.40,205.10,197.70,203.80,2796400,0
SL.L,20111208,206.10,207.70,201.20,201.20,3978300,0
SL.L,20111207,208.90,210.60,203.00,205.00,4664000,0
SL.L,20111206,208.00,210.42,206.30,207.30,3900900,0
SL.L,20111205,208.50,210.50,206.00,208.60,4181000,0
SL.L,20111202,207.10,213.50,201.88,207.50,4340600,0
SL.L,20111201,203.40,205.10,200.20,203.70,6916700,0
SL.L,20111130,194.70,205.40,194.30,202.20,5700100,0
SL.L,20111129,195.30,197.40,191.00,196.90,6533900,0
SL.L,20111128,186.70,194.99,186.05,194.40,4417800,0
SL.L,20111125,185.00,187.20,181.82,185.10,3537800,0
SL.L,20111124,186.70,188.02,183.20,185.20,3846000,0
SL.L,20111123,186.80,189.95,185.20,185.70,3854600,0
SL.L,20111122,190.00,191.91,188.02,189.00,3950100,0
SL.L,20111121,192.10,192.18,188.51,189.20,5666800,0
SL.L,20111118,197.00,197.35,193.40,193.60,5648900,0
SL.L,20111117,202.40,203.00,197.10,199.80,2684100,0
SL.L,20111116,204.20,208.30,201.00,203.60,2979200,0
SL.L,20111115,202.00,205.80,199.70,204.90,2824100,0
SL.L,20111114,206.20,207.79,201.82,203.70,1857300,0
SL.L,20111111,203.10,207.10,202.22,205.70,3905100,0
SL.L,20111110,198.60,205.10,198.50,203.30,4266700,0
SL.L,20111109,209.60,211.20,200.60,202.60,4248600,0
SL.L,20111108,207.00,211.90,206.70,208.10,2227900,0
SL.L,20111107,205.40,209.10,203.50,207.10,3616400,0
SL.L,20111104,211.00,212.40,206.10,208.30,3081700,0
SL.L,20111103,203.80,212.20,202.30,209.50,4680700,0
SL.L,20111102,208.70,210.10,204.20,205.90,7210600,0
SL.L,20111101,211.00,211.30,204.20,206.00,4930400,0
SL.L,20111031,222.30,223.25,215.80,215.80,5472400,0
SL.L,20111028,226.40,226.80,221.50,223.80,4223600,0
SL.L,20111027,226.50,229.10,221.60,224.40,8968800,0
SL.L,20111026,214.30,219.00,213.00,216.50,4586400,0
SL.L,20111025,213.80,216.40,211.00,213.80,3091100,0
SL.L,20111024,212.70,215.90,211.40,215.60,3368600,0
SL.L,20111021,208.40,212.30,207.50,210.60,3606400,0
SL.L,20111020,213.10,213.20,206.10,207.10,3771600,0
SL.L,20111019,212.40,216.20,209.20,214.20,4165800,0
SL.L,20111018,212.70,212.80,207.60,209.90,4708900,0
SL.L,20111017,214.90,217.90,211.80,214.40,4593800,0
SL.L,20111014,209.80,215.60,208.30,213.70,3784100,0
SL.L,20111013,211.60,213.70,207.00,209.30,5358200,0
SL.L,20111012,207.40,215.50,205.80,212.70,4846200,0
SL.L,20111011,209.70,211.80,205.30,208.40,4021300,0
SL.L,20111010,205.40,211.78,204.40,210.50,3536100,0
SL.L,20111007,205.90,208.70,202.77,205.10,4626900,0
SL.L,20111006,198.90,206.50,198.70,206.50,5827800,0
SL.L,20111005,196.30,198.00,191.80,196.90,5086500,0
SL.L,20111004,194.20,194.20,186.50,190.20,5014800,0
SL.L,20111003,194.20,197.90,193.30,196.20,4768000,0
SL.L,20110930,205.00,205.00,198.70,200.00,5121400,0
SL.L,20110929,203.30,206.70,202.64,206.10,3925300,0
SL.L,20110928,206.50,207.80,202.60,205.20,4184400,0
SL.L,20110927,204.30,207.60,201.32,207.40,5071600,0
SL.L,20110926,190.50,201.50,190.20,199.90,5727300,0
SL.L,20110923,190.80,194.70,185.70,194.70,6120800,0
SL.L,20110922,192.40,194.39,187.80,188.50,6111900,0
SL.L,20110921,195.90,199.60,195.40,197.20,3813300,0
SL.L,20110920,193.70,197.30,193.70,196.90,2521600,0
SL.L,20110919,194.20,195.80,191.50,192.50,2651600,0
SL.L,20110916,198.30,199.70,193.20,197.30,6485100,0
SL.L,20110915,192.00,196.30,191.23,195.90,4640900,0
SL.L,20110914,188.00,192.90,187.90,191.00,6473800,0
SL.L,20110913,189.20,193.00,184.50,190.30,7723100,0
SL.L,20110912,184.90,189.90,184.40,186.80,7217000,0
SL.L,20110909,198.20,198.60,190.20,190.20,4852300,0
SL.L,20110908,199.30,201.40,196.29,199.20,4480000,0
SL.L,20110907,195.90,199.05,193.70,199.00,3159000,0
SL.L,20110906,189.70,194.47,188.90,192.10,6666200,0
SL.L,20110905,194.40,197.00,189.80,190.40,3904300,0
SL.L,20110902,201.90,202.90,197.30,198.00,3004200,0
SL.L,20110901,204.30,205.20,201.12,203.50,3278900,0
SL.L,20110831,200.00,205.10,198.50,202.60,7889500,0
SL.L,20110830,195.10,199.20,195.10,199.20,3793600,0
SL.L,20110826,191.80,194.57,188.00,192.10,5264100,0
SL.L,20110825,201.60,201.63,192.50,192.50,6607900,0
SL.L,20110824,195.30,200.50,193.20,199.80,5446400,0
SL.L,20110823,197.20,199.14,192.60,194.20,3589600,0
SL.L,20110822,190.00,198.10,190.00,194.90,251300,0
SL.L,20110819,191.40,195.62,184.80,191.10,7668000,0
SL.L,20110818,199.10,202.00,189.50,191.60,7403200,0
SL.L,20110817,207.30,208.22,200.80,201.50,6982700,0
SL.L,20110816,205.70,213.20,203.50,207.80,11226000,0
SL.L,20110815,203.40,206.70,202.00,201.73,7093500,0
SL.L,20110812,191.80,202.00,188.30,197.63,6955900,0
SL.L,20110811,189.10,198.70,183.60,186.77,8203100,0
SL.L,20110810,185.00,198.80,178.82,180.11,14068200,0
SL.L,20110809,173.40,175.55,162.70,170.33,10508800,0
SL.L,20110808,170.20,180.97,170.20,168.27,9016400,0
SL.L,20110805,177.00,178.50,171.70,169.16,10970800,0
SL.L,20110804,190.30,191.74,180.60,176.69,5438700,0
SL.L,20110803,188.80,192.70,186.00,183.44,5252300,0
SL.L,20110802,194.30,195.62,189.00,186.37,4090700,0
SL.L,20110801,200.20,201.30,195.20,190.97,3675000,0
SL.L,20110729,198.80,200.00,195.60,193.81,5722500,0
SL.L,20110728,196.60,201.20,195.00,196.55,4369500,0
SL.L,20110727,201.40,201.40,197.00,193.32,4559100,0
SL.L,20110726,202.70,204.70,200.30,197.92,2473400,0
SL.L,20110725,203.90,204.68,201.60,198.41,3277200,0
SL.L,20110722,207.80,208.90,204.50,201.54,3206100,0
SL.L,20110721,201.40,207.50,198.10,200.95,4044900,0
SL.L,20110720,199.40,201.50,196.70,196.84,3448500,0
SL.L,20110719,196.50,197.70,194.90,192.24,4752200,0
SL.L,20110718,199.60,200.90,194.60,190.58,5267600,0
SL.L,20110715,199.40,202.90,197.80,196.55,5028700,0
SL.L,20110714,202.60,203.70,199.30,196.94,4424800,0
SL.L,20110713,203.20,205.20,200.60,199.58,3869500,0
SL.L,20110712,202.50,205.00,199.60,198.90,5501900,0
SL.L,20110711,210.70,211.20,203.90,200.76,4314900,0
SL.L,20110708,213.10,215.00,211.00,210.34,3794800,0
SL.L,20110707,214.20,215.00,211.60,208.19,3669600,0
SL.L,20110706,215.20,215.20,211.20,210.47,2529500,0
SL.L,20110705,214.40,217.04,213.40,211.03,3115500,0
SL.L,20110704,213.70,214.60,211.80,209.85,2389700,0
SL.L,20110701,210.90,214.00,210.40,208.97,3625100,0
SL.L,20110630,205.70,210.50,205.50,205.66,5116500,0
SL.L,20110629,202.60,205.60,200.00,200.76,3674500,0
SL.L,20110628,200.20,202.50,199.90,197.43,4694500,0
SL.L,20110627,201.60,203.15,200.00,197.14,3056500,0
SL.L,20110624,206.60,207.30,201.30,197.33,4590100,0
SL.L,20110623,204.70,205.40,203.40,199.19,5289900,0
SL.L,20110622,205.20,206.70,204.90,201.34,5209900,0
SL.L,20110621,202.50,205.90,201.40,201.25,4261700,0
SL.L,20110620,201.70,204.10,200.10,197.53,4732000,0
SL.L,20110617,200.30,205.70,200.00,200.17,9960300,0
SL.L,20110616,204.30,204.40,199.00,197.53,4663700,0
SL.L,20110615,206.80,207.50,204.30,200.07,4439000,0
SL.L,20110614,206.40,207.90,205.80,202.52,2889700,0
SL.L,20110613,205.00,206.07,203.50,200.36,2930500,0
SL.L,20110610,205.70,208.10,203.90,200.56,5599800,0
SL.L,20110609,204.20,206.60,202.50,201.54,4895000,0
SL.L,20110608,205.90,207.00,203.60,200.07,4781500,0
SL.L,20110607,203.70,207.70,203.52,201.73,3350100,0
SL.L,20110606,203.70,204.60,202.40,199.19,3639600,0
SL.L,20110603,205.20,206.20,203.00,200.07,3765000,0
SL.L,20110602,206.50,208.30,204.50,201.05,4794100,0
SL.L,20110601,210.60,217.35,207.40,203.10,4211400,0
SL.L,20110531,210.50,212.00,209.20,205.35,5199000,0
SL.L,20110527,208.00,211.00,206.80,204.47,4288200,0
SL.L,20110526,208.10,211.10,206.70,202.52,4747600,0
SL.L,20110525,206.20,208.40,205.30,203.50,5414700,0
SL.L,20110524,208.50,209.30,206.70,202.81,3936300,0
SL.L,20110523,208.50,209.20,206.80,204.08,4097100,0
SL.L,20110520,213.80,216.60,206.88,207.51,6333900,0
SL.L,20110519,213.60,216.00,211.80,208.39,6599100,0
SL.L,20110518,212.50,213.00,208.00,207.80,3369100,0
SL.L,20110517,213.90,215.30,211.40,206.82,3351000,0
SL.L,20110516,213.40,215.00,210.30,210.25,3009800,0
SL.L,20110513,217.70,219.01,213.80,209.76,2896400,0
SL.L,20110512,218.20,219.00,214.10,211.91,4502600,0
SL.L,20110511,222.10,223.61,220.00,215.63,3635900,0
SL.L,20110510,219.20,221.00,218.10,216.21,2944400,0
SL.L,20110509,217.70,219.00,215.80,213.77,3254000,0
SL.L,20110506,219.50,220.10,214.70,215.04,5865600,0
SL.L,20110505,223.40,223.60,217.50,215.04,7370700,0
SL.L,20110504,227.70,227.70,221.40,218.07,5553100,0
SL.L,20110503,227.00,229.30,226.55,222.77,7702800,0
SL.L,20110428,221.00,229.00,221.00,221.20,10640200,0
SL.L,20110427,215.10,220.60,214.70,214.65,5394900,0
SL.L,20110426,212.50,215.61,211.60,210.44,5588500,0
SL.L,20110421,212.90,215.20,211.50,207.80,3127800,0
SL.L,20110420,207.80,211.81,207.70,206.82,4841400,0
SL.L,20110419,206.30,208.20,204.30,201.64,3567400,0
SL.L,20110418,213.50,213.50,204.00,200.85,5621300,0
SL.L,20110415,213.30,213.30,211.40,208.00,5036300,0
SL.L,20110414,213.00,214.10,211.79,207.70,3550500,0
SL.L,20110413,212.80,215.50,211.35,208.68,2668500,0
SL.L,20110412,214.00,214.61,211.50,208.00,3673800,0
SL.L,20110411,213.40,216.10,213.07,210.44,3958400,0
SL.L,20110408,216.00,216.10,213.20,209.56,3983300,0
SL.L,20110407,216.00,217.50,214.30,209.66,6196200,0
SL.L,20110406,215.10,216.90,213.10,210.83,5174100,0
SL.L,20110405,213.90,215.10,213.10,209.56,4336500,0
SL.L,20110404,213.00,214.80,211.70,209.37,6047700,0
SL.L,20110401,207.90,213.90,207.40,208.88,6309500,0
SL.L,20110331,208.40,209.40,206.59,202.32,5816000,0
SL.L,20110330,206.00,208.60,204.80,203.59,4444300,0
SL.L,20110329,205.40,205.90,203.30,200.07,3561500,0
SL.L,20110328,206.60,207.50,204.40,201.05,3412800,0
SL.L,20110325,207.40,208.00,205.20,201.44,8107300,0
SL.L,20110324,205.40,207.80,204.10,201.34,9112300,0
SL.L,20110323,204.20,206.40,203.40,200.85,4829300,0
SL.L,20110322,206.80,209.20,205.60,201.34,5128800,0
SL.L,20110321,204.50,207.60,202.10,201.25,6620900,0
SL.L,20110318,204.80,207.01,200.90,197.33,10684400,0
SL.L,20110317,201.20,207.20,198.40,199.97,7943100,0
SL.L,20110316,202.50,205.80,197.70,195.18,10836500,0
SL.L,20110315,214.00,215.90,209.90,197.67,6889500,0
SL.L,20110314,220.10,223.31,217.40,204.05,6376500,0
SL.L,20110311,225.60,226.60,215.30,209.40,7888300,0
SL.L,20110310,241.30,242.50,225.10,212.87,11838300,0
SL.L,20110309,241.20,245.40,240.40,229.57,6952700,0
SL.L,20110308,238.90,241.50,237.10,225.16,3920500,0
SL.L,20110307,237.20,242.60,236.01,223.66,3620800,0
SL.L,20110304,231.70,239.80,231.51,222.72,3593300,0
SL.L,20110303,231.80,234.40,229.20,216.53,4875700,0
SL.L,20110302,232.50,232.90,229.60,218.13,4566000,0
SL.L,20110301,239.50,240.10,233.50,220.00,4672400,0
SL.L,20110228,240.50,241.30,238.00,224.13,4514100,0
SL.L,20110225,235.30,242.30,235.18,225.63,369416500,0
SL.L,20110224,233.00,236.50,231.95,220.75,540676500,0
SL.L,20110223,236.40,238.19,234.83,221.32,3802300,0
SL.L,20110222,238.40,239.40,234.40,223.19,5360500,0
SL.L,20110221,242.40,244.76,238.70,224.79,3300200,0
SL.L,20110218,242.70,243.90,240.50,228.26,2670000,0
SL.L,20110217,239.20,244.04,238.20,227.32,5335400,0
SL.L,20110216,234.70,241.10,234.10,225.54,4298800,0
SL.L,20110215,237.00,239.90,234.80,220.38,3040000,0
SL.L,20110214,240.00,240.00,236.70,222.82,2519800,0
SL.L,20110211,235.60,240.80,235.30,225.16,2799700,0
SL.L,20110210,241.00,241.00,232.90,222.44,4915000,0
SL.L,20110209,241.30,242.30,239.40,226.10,2581100,0
SL.L,20110208,236.70,241.20,234.70,226.29,4052600,0
SL.L,20110207,240.00,243.80,237.00,224.60,3179400,0
SL.L,20110204,235.10,241.90,235.10,224.98,4318400,0
SL.L,20110203,233.00,237.80,232.30,220.57,3691100,0
SL.L,20110202,235.20,238.00,231.20,220.47,5697600,0
SL.L,20110201,230.10,236.80,228.30,221.13,3884100,0
SL.L,20110131,230.00,230.50,226.50,215.12,3302600,0
SL.L,20110128,233.90,235.90,230.70,216.81,4695000,0
SL.L,20110127,227.50,235.90,225.20,219.72,4346500,0
SL.L,20110126,224.70,229.40,224.70,213.81,3579500,0
SL.L,20110125,227.50,227.50,223.50,211.28,3063800,0
SL.L,20110124,223.70,226.50,222.80,212.12,2390200,0
SL.L,20110121,222.00,224.70,220.70,209.87,2831200,0
SL.L,20110120,223.50,225.60,220.70,208.28,2397100,0
SL.L,20110119,226.10,227.70,224.00,210.62,3507900,0
SL.L,20110118,222.60,226.10,222.50,211.00,3132400,0
SL.L,20110117,223.60,225.00,222.20,209.31,2011900,0
SL.L,20110114,223.20,224.00,220.10,209.96,2873900,0
SL.L,20110113,221.10,224.50,219.80,209.50,4804800,0
SL.L,20110112,217.30,220.70,217.20,207.06,4275200,0
SL.L,20110111,214.90,219.30,213.90,204.05,2865800,0
SL.L,20110110,218.30,218.30,213.60,200.58,3409500,0
SL.L,20110107,219.90,219.90,217.00,204.90,2742300,0
SL.L,20110106,219.60,221.20,218.20,206.12,2857100,0
SL.L,20110105,219.90,220.50,216.90,205.93,2075100,0
SL.L,20110104,218.00,223.60,216.70,206.12,3948900,0
SL.L,20101231,215.50,217.20,214.60,202.65,1221300,0
SL.L,20101230,215.60,217.80,215.10,202.74,1307400,0
SL.L,20101229,216.40,217.50,215.20,202.83,1401200,0
SL.L,20101224,216.80,216.80,215.10,202.65,286600,0
SL.L,20101223,216.60,217.50,215.70,203.30,934900,0
SL.L,20101222,214.40,216.40,212.60,202.18,3164100,0
SL.L,20101221,211.30,215.10,211.30,201.61,4196900,0
SL.L,20101220,210.90,212.50,209.40,197.30,1541100,0
SL.L,20101217,212.00,213.30,207.70,197.02,5787900,0
SL.L,20101216,210.70,212.10,209.00,197.39,2130700,0
SL.L,20101215,210.60,211.80,209.60,196.74,3380000,0
SL.L,20101214,210.90,213.30,210.30,199.36,2747100,0
SL.L,20101213,212.80,212.90,210.20,198.99,2552200,0
SL.L,20101210,213.40,214.30,211.80,199.74,2954600,0
SL.L,20101209,210.80,214.10,209.10,199.55,4843300,0
SL.L,20101208,205.30,210.20,205.20,197.21,5328100,0
SL.L,20101207,205.30,210.00,204.00,193.17,6440500,0
SL.L,20101206,206.50,208.00,203.10,191.58,3378800,0
SL.L,20101203,208.90,208.90,205.00,193.26,2653400,0
SL.L,20101202,203.60,208.70,203.10,195.33,5176000,0
SL.L,20101201,202.60,206.50,202.60,191.01,7019300,0
SL.L,20101130,208.70,209.90,201.20,188.76,8677100,0
SL.L,20101129,214.80,218.80,206.70,196.08,5319000,0
SL.L,20101126,216.00,216.00,208.70,200.68,2393300,0
SL.L,20101125,216.20,217.10,213.40,203.02,2545200,0
SL.L,20101124,212.60,215.80,209.90,201.99,3502200,0
SL.L,20101123,215.70,217.10,212.60,199.46,3279200,0
SL.L,20101122,224.70,224.80,215.50,202.65,3315300,0
SL.L,20101119,224.60,225.50,220.10,209.12,2425800,0
SL.L,20101118,223.60,226.40,223.20,209.96,3100000,0
SL.L,20101117,219.80,224.80,219.60,208.28,3479300,0
SL.L,20101116,222.70,222.70,218.80,206.49,5334300,0
SL.L,20101115,225.20,226.40,223.00,211.93,2465300,0
SL.L,20101112,224.20,228.70,222.20,211.84,2034400,0
SL.L,20101111,231.30,231.30,224.40,211.47,2023900,0
SL.L,20101110,231.60,233.40,228.70,215.22,3935800,0
SL.L,20101109,232.60,234.20,231.00,218.31,2812900,0
SL.L,20101108,234.00,236.40,231.50,218.03,2143300,0
SL.L,20101105,231.50,235.10,230.80,219.44,4081100,0
SL.L,20101104,228.80,232.40,228.80,217.47,4117600,0
SL.L,20101103,229.70,232.70,226.80,213.15,4751900,0
SL.L,20101102,225.50,230.70,225.50,214.84,3500800,0
SL.L,20101101,228.20,230.30,225.70,212.22,3273300,0
SL.L,20101029,226.60,228.50,225.10,212.97,4245500,0
SL.L,20101028,226.10,229.00,224.40,212.87,4136100,0
SL.L,20101027,224.80,225.90,223.50,209.96,4110500,0
SL.L,20101026,224.70,226.70,220.80,212.31,4502100,0
SL.L,20101025,230.70,231.50,226.60,212.97,3865100,0
SL.L,20101022,230.60,231.70,228.40,215.31,1863300,0
SL.L,20101021,227.30,232.10,226.40,217.47,4223400,0
SL.L,20101020,231.10,231.10,226.10,213.90,1894400,0
SL.L,20101019,232.90,235.10,229.60,216.34,4075800,0
SL.L,20101018,226.70,233.00,226.30,217.84,3232900,0
SL.L,20101015,234.30,234.90,226.60,212.97,4533700,0
SL.L,20101014,236.90,238.00,233.80,220.10,3406200,0
SL.L,20101013,231.60,236.50,231.40,221.50,3337400,0
SL.L,20101012,230.50,231.70,228.80,216.72,2796400,0
SL.L,20101011,230.50,233.10,229.00,217.84,3348100,0
SL.L,20101008,229.90,231.20,226.50,215.69,3668300,0
SL.L,20101007,232.40,232.60,229.60,216.81,2982400,0
SL.L,20101006,229.10,232.20,228.50,217.66,3188600,0
SL.L,20101005,226.90,229.10,224.40,214.19,4227500,0
SL.L,20101004,230.50,230.50,226.50,213.53,3181800,0
SL.L,20101001,233.10,233.70,228.90,215.50,4821000,0
SL.L,20100930,232.00,234.60,229.20,216.91,4927600,0
SL.L,20100929,233.00,234.30,229.00,218.03,5177100,0
SL.L,20100928,231.20,232.30,227.30,216.34,4574800,0
SL.L,20100927,231.00,232.60,228.70,216.81,3577100,0
SL.L,20100924,226.50,233.30,226.00,217.47,3881000,0
SL.L,20100923,229.70,229.70,224.80,213.62,3488200,0
SL.L,20100922,231.40,231.40,225.90,213.25,2695900,0
SL.L,20100921,227.90,231.30,224.80,215.50,5641700,0
SL.L,20100920,225.00,227.80,222.90,213.44,2502200,0
SL.L,20100917,227.80,230.40,223.40,209.59,6926300,0
SL.L,20100916,227.10,227.10,222.80,211.00,3946800,0
SL.L,20100915,222.50,227.50,219.90,212.22,9412600,0
SL.L,20100914,219.40,222.90,218.00,208.46,7201500,0
SL.L,20100913,215.10,219.10,215.10,204.99,4447100,0
SL.L,20100910,213.40,215.00,210.30,201.43,2385400,0
SL.L,20100909,211.10,214.20,210.20,199.93,4962500,0
SL.L,20100908,210.60,212.00,208.50,198.61,4607100,0
SL.L,20100907,214.80,214.80,209.90,197.67,3049300,0
SL.L,20100906,215.20,215.20,212.80,201.52,2993800,0
SL.L,20100903,212.80,215.90,211.20,200.77,2790000,0
SL.L,20100902,209.40,214.10,209.40,199.83,3593500,0
SL.L,20100901,205.00,211.40,204.80,197.86,4193100,0
SL.L,20100831,202.00,203.90,200.00,191.20,6167800,0
SL.L,20100827,200.10,204.50,199.40,191.67,3482300,0
SL.L,20100826,200.10,201.40,198.60,188.20,2534100,0
SL.L,20100825,202.10,203.10,197.50,186.70,3848300,0
SL.L,20100824,204.90,205.70,200.80,190.54,3846700,0
SL.L,20100823,203.40,208.00,202.60,193.83,4426400,0
SL.L,20100820,204.90,206.30,201.60,189.61,5626500,0
SL.L,20100819,208.40,208.80,203.80,192.33,5934700,0
SL.L,20100818,209.20,210.40,207.30,195.52,4429200,0
SL.L,20100817,210.40,213.80,209.30,196.31,3346200,0
SL.L,20100816,210.00,211.10,207.20,193.37,4561600,0
SL.L,20100813,204.90,211.50,204.90,192.82,8500400,0
SL.L,20100812,206.80,209.00,203.30,187.21,6915500,0
SL.L,20100811,215.00,215.00,206.10,191.72,6493900,0
SL.L,20100810,214.60,217.70,214.20,198.89,4115500,0
SL.L,20100809,214.10,215.80,213.90,197.78,2188800,0
SL.L,20100806,216.80,218.00,211.10,195.49,4206500,0
SL.L,20100805,211.10,216.90,211.10,197.60,5402700,0
SL.L,20100804,211.10,212.50,209.10,194.48,4364200,0
SL.L,20100803,208.20,212.30,208.20,195.12,4294300,0
SL.L,20100802,202.50,209.20,202.50,192.27,3371100,0
SL.L,20100730,204.90,205.10,201.00,185.84,5412100,0
SL.L,20100729,202.10,205.90,202.10,187.86,4950200,0
SL.L,20100728,205.00,207.80,200.90,185.93,4220400,0
SL.L,20100727,200.10,204.40,200.10,187.49,4682700,0
SL.L,20100726,198.30,199.00,196.90,182.90,1900300,0
SL.L,20100723,195.50,198.10,194.90,180.97,3055200,0
SL.L,20100722,190.20,196.80,190.10,180.41,3492500,0
SL.L,20100721,192.10,194.50,190.90,175.73,4478500,0
SL.L,20100720,191.40,192.10,189.60,175.27,4037800,0
SL.L,20100719,191.60,193.80,189.90,175.45,2813800,0
SL.L,20100716,191.10,196.70,190.70,176.83,13286300,0
SL.L,20100715,192.90,194.90,190.00,175.63,2313100,0
SL.L,20100714,194.50,195.10,191.60,177.93,2011100,0
SL.L,20100713,188.90,193.60,188.90,177.93,2365300,0
SL.L,20100712,190.00,190.10,187.90,174.16,2193600,0
SL.L,20100709,189.00,191.60,187.90,175.18,4529900,0
SL.L,20100708,184.60,187.70,184.60,171.77,4058900,0
SL.L,20100707,177.80,182.40,176.20,167.64,2021400,0
SL.L,20100706,175.20,180.40,175.20,165.43,2377400,0
SL.L,20100705,175.90,176.40,174.50,160.75,2123000,0
SL.L,20100702,173.50,177.50,172.00,161.76,4289000,0
SL.L,20100701,171.50,175.60,170.00,159.00,6263900,0
SL.L,20100630,174.30,175.20,173.20,160.38,3656900,0
SL.L,20100629,178.60,178.60,174.60,160.75,3482000,0
SL.L,20100628,179.90,180.70,177.90,165.52,3365700,0
SL.L,20100625,180.90,181.90,178.50,164.51,3622800,0
SL.L,20100624,184.90,184.90,180.70,166.63,3379800,0
SL.L,20100623,185.20,186.10,182.40,168.56,3616400,0
SL.L,20100622,187.40,188.50,184.30,172.79,2669200,0
SL.L,20100621,190.10,191.30,188.90,174.16,2591400,0
SL.L,20100618,187.70,189.80,187.10,173.25,5739700,0
SL.L,20100617,187.70,188.40,185.70,171.68,3110400,0
SL.L,20100616,188.90,189.70,186.90,172.51,4152000,0
SL.L,20100615,183.00,187.90,182.90,171.41,2895500,0
SL.L,20100614,184.50,185.20,182.30,170.12,4186600,0
SL.L,20100611,182.60,184.30,180.40,167.18,4226300,0
SL.L,20100610,177.50,182.20,175.90,167.36,4163000,0
SL.L,20100609,177.40,178.90,174.90,163.69,2550100,0
SL.L,20100608,177.10,178.00,174.20,161.85,3310500,0
SL.L,20100607,175.60,180.10,175.60,162.58,3037800,0
SL.L,20100604,184.10,185.40,178.30,164.51,3960700,0
SL.L,20100603,184.80,185.80,183.50,170.12,2443500,0
SL.L,20100602,182.00,182.50,179.40,167.36,3680300,0
SL.L,20100601,180.00,184.00,179.30,168.47,4116700,0
SL.L,20100528,183.60,184.60,181.10,166.72,4836000,0
SL.L,20100527,174.10,182.40,174.10,167.55,5886900,0
SL.L,20100526,178.10,178.20,173.10,159.09,13271900,0
SL.L,20100525,177.70,178.70,175.20,161.21,6125700,0
SL.L,20100524,182.40,184.00,180.30,166.72,3430700,0
SL.L,20100521,182.00,184.70,178.40,166.90,7888700,0
SL.L,20100520,186.50,188.20,181.10,168.74,4227100,0
SL.L,20100519,185.70,188.10,183.20,170.40,3761100,0
SL.L,20100518,189.20,190.10,186.40,173.34,3107100,0
SL.L,20100517,187.50,190.60,186.50,172.05,2740800,0
SL.L,20100514,194.90,195.00,189.00,174.81,4505400,0
SL.L,20100513,196.80,197.50,195.50,180.78,3745200,0
SL.L,20100512,188.00,197.30,188.00,180.32,3992200,0
SL.L,20100511,190.20,192.20,189.70,175.91,4096200,0
SL.L,20100510,187.20,194.10,186.70,177.75,5681700,0
SL.L,20100507,183.30,189.60,178.30,168.47,8344700,0
SL.L,20100506,189.80,196.90,187.40,175.45,5866400,0
SL.L,20100505,195.10,196.40,191.10,177.20,4854200,0
SL.L,20100504,203.30,203.60,194.70,179.68,4886000,0
SL.L,20100430,202.70,203.20,199.20,183.81,5350400,0
SL.L,20100429,195.20,202.60,194.10,185.65,5213900,0
SL.L,20100428,193.50,195.00,190.30,177.84,9409300,0
SL.L,20100427,199.20,200.10,195.50,179.68,3178800,0
SL.L,20100426,200.00,200.60,198.90,183.45,2791000,0
SL.L,20100423,200.40,200.90,198.40,182.80,3294900,0
SL.L,20100422,203.60,204.30,198.80,183.45,3368800,0
SL.L,20100421,207.60,207.60,204.50,187.95,2988200,0
SL.L,20100420,205.40,207.50,204.60,189.88,2800400,0
SL.L,20100419,205.20,206.30,204.20,188.04,2736100,0
SL.L,20100416,206.10,209.10,204.10,188.69,4333000,0
SL.L,20100415,207.30,207.80,205.30,190.34,2784400,0
SL.L,20100414,205.50,207.90,205.20,190.34,2886400,0
SL.L,20100413,204.70,205.80,204.00,188.41,2379800,0
SL.L,20100412,205.90,206.30,204.50,188.23,1438700,0
SL.L,20100409,203.90,206.10,203.00,188.32,5338100,0
SL.L,20100408,204.40,205.20,202.90,187.31,2672300,0
SL.L,20100407,205.70,205.70,203.70,187.95,3357800,0
SL.L,20100406,202.90,205.30,202.40,188.41,3860300,0
SL.L,20100401,200.20,203.30,200.10,186.57,3433600,0
SL.L,20100331,202.40,203.60,199.10,184.09,5616000,0
SL.L,20100330,208.60,208.60,201.80,185.74,4795900,0
SL.L,20100329,210.20,210.70,206.80,191.72,3226800,0
SL.L,20100326,208.80,210.90,208.50,192.73,3034700,0
SL.L,20100325,206.40,209.50,206.20,191.99,3520500,0
SL.L,20100324,207.00,207.10,204.80,189.33,3398200,0
SL.L,20100323,205.90,208.80,204.30,189.24,3854700,0
SL.L,20100322,207.30,208.10,203.90,189.33,2885900,0
SL.L,20100319,207.80,209.30,206.80,190.80,7814400,0
SL.L,20100318,207.30,209.70,206.30,189.97,4587200,0
SL.L,20100317,210.60,210.60,208.00,191.44,5697100,0
SL.L,20100316,213.80,217.20,213.00,191.73,6411700,0
SL.L,20100315,211.80,214.60,211.70,188.72,4949400,0
SL.L,20100312,214.90,218.50,211.20,187.22,5540500,0
SL.L,20100311,208.10,215.00,206.90,190.05,7362900,0
SL.L,20100310,205.00,209.40,203.00,184.30,7241800,0
SL.L,20100309,202.60,205.30,201.90,182.70,2705600,0
SL.L,20100308,204.10,205.50,202.40,179.52,3385800,0
SL.L,20100305,199.30,203.50,199.30,179.61,2391600,0
SL.L,20100304,198.20,199.30,197.00,175.89,3191500,0
SL.L,20100303,194.40,198.90,193.40,175.98,7120200,0
SL.L,20100302,194.00,194.40,191.00,172.00,4334300,0
SL.L,20100301,197.30,198.30,192.20,170.85,6256000,0
SL.L,20100226,190.40,195.90,189.90,172.88,5715700,0
SL.L,20100225,192.50,193.60,188.70,167.13,6416200,0
SL.L,20100224,194.00,197.10,193.00,171.02,4849800,0
SL.L,20100223,197.40,198.60,193.80,171.47,5129600,0
SL.L,20100222,197.90,198.10,196.30,174.21,2487000,0
SL.L,20100219,196.40,198.40,195.90,174.21,9897500,0
SL.L,20100218,197.40,199.40,195.60,174.65,4200500,0
SL.L,20100217,197.30,198.30,195.50,174.47,3062900,0
SL.L,20100216,196.00,197.20,194.40,173.15,2228900,0
SL.L,20100215,193.70,196.50,192.70,172.35,1706000,0
SL.L,20100212,195.70,196.00,191.70,170.49,2325100,0
SL.L,20100211,197.10,198.60,192.10,173.59,3729500,0
SL.L,20100210,192.80,197.20,192.70,173.59,3103300,0
SL.L,20100209,192.30,195.40,190.70,169.52,2877200,0
SL.L,20100208,194.20,195.20,191.50,170.85,4266100,0
SL.L,20100205,198.40,199.30,193.80,171.82,4969600,0
SL.L,20100204,205.20,208.10,198.40,177.04,5384800,0
SL.L,20100203,199.00,207.60,198.30,181.02,6468000,0
SL.L,20100202,199.10,201.00,196.30,174.92,2206500,0
SL.L,20100201,194.90,199.40,193.70,176.07,2275400,0
SL.L,20100129,196.30,197.40,193.80,173.24,4519900,0
SL.L,20100128,199.60,199.90,194.70,172.26,3916100,0
SL.L,20100127,198.20,199.30,196.10,174.47,3018200,0
SL.L,20100126,200.20,200.50,196.80,176.51,5224800,0
SL.L,20100125,197.50,202.20,196.30,178.28,4662600,0
SL.L,20100122,198.50,199.80,196.10,176.42,7155100,0
SL.L,20100121,206.30,207.10,198.30,176.51,6584200,0
SL.L,20100120,210.10,211.50,205.00,182.26,3277900,0
SL.L,20100119,211.60,211.70,208.10,185.89,3169500,0
SL.L,20100118,211.80,212.50,209.10,187.30,1850400,0
SL.L,20100115,212.50,214.80,209.90,185.71,8279000,0
SL.L,20100114,213.50,214.70,210.80,188.37,2449200,0
SL.L,20100113,213.20,215.40,211.60,187.48,3777100,0
SL.L,20100112,212.20,214.60,211.60,188.45,3917500,0
SL.L,20100111,214.10,214.70,208.70,186.77,3670200,0
SL.L,20100108,212.10,215.60,211.50,189.25,3446900,0
SL.L,20100107,215.40,216.50,210.00,186.24,3466800,0
SL.L,20100106,214.40,218.50,214.20,191.11,2513100,0
SL.L,20100105,210.90,217.30,210.80,191.64,6278800,0
SL.L,20100104,212.30,214.20,210.00,187.39,2700800,0
SL.L,20091231,209.20,216.50,209.20,191.55,643800,0
SL.L,20091230,211.90,213.80,207.30,185.09,1028300,0
SL.L,20091229,212.60,214.30,211.90,188.28,992000,0
SL.L,20091224,211.00,211.20,208.00,186.68,460200,0
SL.L,20091223,210.70,212.00,208.10,185.09,1401900,0
SL.L,20091222,205.00,211.10,204.10,184.21,2175000,0
SL.L,20091221,204.10,207.10,202.60,181.55,2674000,0
SL.L,20091218,207.60,209.10,202.20,179.61,7538200,0
SL.L,20091217,211.30,211.90,206.30,182.53,2279000,0
SL.L,20091216,209.90,213.40,208.50,187.75,3225500,0
SL.L,20091215,207.70,209.80,207.50,185.00,2673000,0
SL.L,20091214,210.60,211.00,206.50,183.85,2314400,0
SL.L,20091211,206.50,211.10,206.40,183.59,4608900,0
SL.L,20091210,198.70,209.50,198.30,183.59,5302400,0
SL.L,20091209,204.60,204.60,198.00,176.42,5254300,0
SL.L,20091208,212.40,212.40,203.30,180.40,3159000,0
SL.L,20091207,212.00,213.70,208.80,186.77,2031800,0
SL.L,20091204,211.70,214.80,207.50,188.54,2696600,0
SL.L,20091203,211.50,213.90,210.30,187.04,2823800,0
SL.L,20091202,212.20,214.90,208.10,186.15,3041300,0
SL.L,20091201,210.00,212.20,209.10,187.04,3160900,0
SL.L,20091130,212.90,213.10,208.10,184.12,4498000,0
SL.L,20091127,206.00,214.60,201.40,188.45,2856200,0
SL.L,20091126,218.40,218.40,208.20,185.36,3291200,0
SL.L,20091125,217.50,219.80,215.90,192.79,3599400,0
SL.L,20091124,219.60,220.90,216.40,191.46,3121100,0
SL.L,20091123,216.40,220.80,216.20,194.29,3269600,0
SL.L,20091120,216.30,218.40,213.70,190.49,4450300,0
SL.L,20091119,217.20,218.50,215.90,191.37,4230300,0
SL.L,20091118,222.10,222.20,217.80,193.05,2301200,0
SL.L,20091117,220.80,223.10,220.30,195.53,2070800,0
SL.L,20091116,221.40,224.50,220.30,196.42,2359000,0
SL.L,20091113,221.00,224.50,219.00,195.97,3782800,0
SL.L,20091112,221.60,223.80,220.00,196.51,3129400,0
SL.L,20091111,220.00,224.00,218.10,195.62,3970100,0
SL.L,20091110,222.00,222.00,215.20,190.75,3669100,0
SL.L,20091109,214.80,221.30,214.80,195.44,4686200,0
SL.L,20091106,215.10,217.30,210.20,188.45,6561700,0
SL.L,20091105,214.40,215.40,209.70,189.87,5730200,0
SL.L,20091104,215.20,217.40,213.60,190.67,3470000,0
SL.L,20091103,213.30,214.90,207.20,188.72,6007300,0
SL.L,20091102,216.90,220.80,212.70,191.02,6332300,0
SL.L,20091030,217.90,221.40,215.20,192.88,7493000,0
SL.L,20091029,219.60,220.70,214.80,193.67,6857900,0
SL.L,20091028,224.80,226.00,218.40,194.86,7798900,0
SL.L,20091027,228.10,228.40,222.50,199.69,4240300,0
SL.L,20091026,230.40,232.40,225.00,200.75,4423700,0
SL.L,20091023,229.20,231.60,227.30,203.76,3226400,0
SL.L,20091022,232.30,232.30,225.10,201.55,6359300,0
SL.L,20091021,231.10,237.00,226.10,207.03,5423500,0
SL.L,20091020,231.60,233.00,228.60,203.41,3003300,0
SL.L,20091019,229.10,232.70,228.90,205.35,2570100,0
SL.L,20091016,235.00,235.60,226.50,203.49,6729200,0
SL.L,20091015,234.00,236.00,230.00,207.21,5497000,0
SL.L,20091014,232.30,233.80,228.40,205.62,4810400,0
SL.L,20091013,233.70,234.00,229.00,203.49,4966300,0
SL.L,20091012,228.80,236.50,228.50,206.95,4837400,0
SL.L,20091009,222.00,228.60,220.40,202.26,5710800,0
SL.L,20091008,222.60,224.40,220.90,197.57,4496100,0
SL.L,20091007,217.80,223.40,217.00,195.62,3473000,0
SL.L,20091006,217.90,219.70,216.30,192.97,4046400,0
SL.L,20091005,216.10,218.30,212.10,192.52,4405700,0
SL.L,20091002,215.00,219.90,209.70,190.22,5002700,0
SL.L,20091001,219.70,226.40,214.80,191.29,14461300,0
SL.L,20090930,213.10,224.50,212.90,193.76,10106700,0
SL.L,20090929,206.50,215.40,206.50,188.63,4799700,0
SL.L,20090928,204.90,207.50,202.00,183.06,3113600,0
SL.L,20090925,204.70,207.40,203.10,180.31,3228900,0
SL.L,20090924,209.30,210.90,202.70,180.67,4937100,0
SL.L,20090923,205.70,211.10,204.20,185.00,5461600,0
SL.L,20090922,204.90,206.80,202.80,181.55,3155100,0
SL.L,20090921,203.80,204.60,200.50,180.23,4107600,0
SL.L,20090918,201.50,204.50,199.50,179.43,10038100,0
SL.L,20090917,199.30,203.80,197.60,176.33,3380100,0
SL.L,20090916,196.40,200.50,195.40,175.27,3709500,0
SL.L,20090915,198.60,198.60,195.00,172.97,3111700,0
SL.L,20090914,194.20,199.10,194.00,174.92,3310200,0
SL.L,20090911,199.80,199.80,194.80,172.88,3251200,0
SL.L,20090910,198.50,199.30,196.30,175.45,3539600,0
SL.L,20090909,191.80,197.40,191.80,174.65,3427300,0
SL.L,20090908,194.10,195.20,191.30,170.85,3816300,0
SL.L,20090907,195.20,195.80,193.20,171.47,2625200,0
SL.L,20090904,192.70,195.70,191.20,172.44,3127800,0
SL.L,20090903,192.50,195.40,190.70,170.14,2482400,0
SL.L,20090902,196.80,197.30,189.00,169.52,3097500,0
SL.L,20090901,195.20,200.10,194.80,173.50,3317100,0
SL.L,20090828,200.50,201.50,196.50,174.03,3675200,0
SL.L,20090827,197.90,199.80,196.30,174.92,2930100,0
SL.L,20090826,201.60,202.70,197.00,174.56,2993400,0
SL.L,20090825,195.90,201.70,195.90,178.10,2838300,0
SL.L,20090824,194.50,198.00,194.10,174.03,1672200,0
SL.L,20090821,189.00,195.90,187.90,172.00,693100,0
SL.L,20090820,185.20,191.50,183.80,167.75,1742800,0
SL.L,20090819,182.10,185.00,181.30,162.97,896900,0
SL.L,20090818,184.20,187.50,181.40,163.24,1036900,0
SL.L,20090817,186.00,186.80,182.90,163.15,656300,0
SL.L,20090814,190.30,192.50,185.40,164.39,879300,0
SL.L,20090813,189.00,193.60,189.00,168.37,1131100,0
SL.L,20090812,187.80,190.50,186.50,167.66,650400,0
SL.L,20090811,194.80,196.00,189.00,164.17,695200,0
SL.L,20090810,191.80,196.30,189.00,167.72,842300,0
SL.L,20090807,187.00,195.00,184.50,166.85,4419900,0
SL.L,20090806,188.30,192.10,187.30,162.70,2970800,0
SL.L,20090805,181.30,199.00,181.30,166.24,2203000,0
SL.L,20090804,198.00,200.80,193.00,169.45,713000,0
SL.L,20090803,197.60,200.70,194.50,172.82,1331400,0
SL.L,20090731,205.75,207.25,196.60,171.18,1222200,0
SL.L,20090730,205.50,208.50,202.25,179.57,598200,0
SL.L,20090729,199.30,204.75,199.00,176.11,495200,0
SL.L,20090728,201.75,202.00,197.30,171.70,669200,0
SL.L,20090727,203.00,203.00,197.40,173.51,1191100,0
SL.L,20090724,197.20,201.00,193.70,173.30,1351800,0
SL.L,20090723,193.80,198.10,190.90,170.66,682200,0
SL.L,20090722,195.40,195.40,188.20,167.46,443400,0
SL.L,20090721,193.00,196.90,191.20,169.10,743900,0
SL.L,20090720,190.40,195.60,188.60,167.20,369500,0
SL.L,20090717,194.50,194.50,187.70,163.99,830800,0
SL.L,20090716,187.00,193.20,185.50,165.98,804200,0
SL.L,20090715,183.10,187.00,182.00,161.31,803000,0
SL.L,20090714,182.80,182.80,177.90,156.90,581000,0
SL.L,20090713,174.00,183.10,174.00,157.85,529200,0
SL.L,20090710,177.20,177.40,172.60,151.34,1189000,0
SL.L,20090709,178.40,180.60,176.40,154.65,730300,0
SL.L,20090708,178.70,180.90,176.60,153.87,943900,0
SL.L,20090707,185.00,185.10,180.10,156.21,711500,0
SL.L,20090706,182.20,184.40,177.50,158.80,1520300,0
SL.L,20090703,184.10,185.90,181.30,157.33,859400,0
SL.L,20090702,183.50,186.70,181.90,160.01,1450700,0
SL.L,20090701,185.90,189.50,183.80,160.69,1600400,0
SL.L,20090630,185.60,186.40,181.10,161.05,3528100,0
SL.L,20090629,178.30,186.00,178.20,160.45,772100,0
SL.L,20090626,184.40,186.40,178.90,155.77,1148800,0
SL.L,20090625,182.90,185.50,178.80,158.46,1702000,0
SL.L,20090624,176.30,179.70,173.60,154.73,1130100,0
SL.L,20090623,175.10,178.20,173.70,152.05,1853700,0
SL.L,20090622,182.30,182.60,175.70,153.52,1395200,0
SL.L,20090619,176.60,185.60,176.60,157.59,6991500,0
SL.L,20090618,179.90,179.90,173.90,152.74,892600,0
SL.L,20090617,182.10,183.90,176.60,154.99,820500,0
SL.L,20090616,182.30,184.80,178.90,157.07,1488600,0
SL.L,20090615,186.60,186.60,180.30,157.16,790100,0
SL.L,20090612,186.90,188.00,184.20,162.35,877700,0
SL.L,20090611,185.60,189.00,183.50,162.26,865600,0
SL.L,20090610,185.10,192.70,184.40,161.48,2089700,0
SL.L,20090609,187.00,187.60,180.80,158.28,1048100,0
SL.L,20090608,187.70,188.70,182.40,160.88,818900,0
SL.L,20090605,187.10,192.50,185.20,163.39,2674500,0
SL.L,20090604,190.90,192.40,181.60,161.74,1695700,0
SL.L,20090603,202.50,203.00,188.70,164.77,927800,0
SL.L,20090602,201.00,203.00,195.30,175.24,1251100,0
SL.L,20090601,201.50,204.50,196.70,175.24,736500,0
SL.L,20090529,199.20,203.50,196.00,171.09,2347200,0
SL.L,20090528,199.20,201.25,194.60,170.66,334100,0
SL.L,20090527,203.00,204.50,197.90,175.46,2686100,0
SL.L,20090526,197.60,204.00,192.40,175.03,629100,0
SL.L,20090522,195.60,202.50,191.60,172.73,674900,0
SL.L,20090521,198.80,200.00,193.30,170.14,1330500,0
SL.L,20090520,200.50,206.50,197.40,173.51,495900,0
SL.L,20090519,189.70,201.00,189.70,172.56,912600,0
SL.L,20090518,180.50,189.60,176.20,163.22,592900,0
SL.L,20090515,190.20,190.60,179.80,158.11,764400,0
SL.L,20090514,184.10,190.90,179.80,164.08,490900,0
SL.L,20090513,188.00,189.80,180.30,159.15,3302100,0
SL.L,20090512,190.70,195.20,184.70,161.92,917400,0
SL.L,20090511,192.70,192.80,187.50,164.95,663400,0
SL.L,20090508,198.90,202.00,186.10,167.11,1498900,0
SL.L,20090507,200.50,206.75,194.90,170.31,672200,0
SL.L,20090506,197.00,201.50,193.70,172.48,688600,0
SL.L,20090505,189.80,194.60,189.70,168.15,760800,0
SL.L,20090501,191.20,191.20,184.20,161.74,484500,0
SL.L,20090430,195.10,197.60,185.30,164.69,1798300,0
SL.L,20090429,184.10,194.80,182.50,166.76,854200,0
SL.L,20090428,190.30,190.50,182.40,159.32,348200,0
SL.L,20090427,187.80,195.00,181.30,168.75,722800,0
SL.L,20090424,182.50,190.60,180.90,163.39,1163200,0
SL.L,20090423,183.40,186.30,180.20,157.16,318800,0
SL.L,20090422,176.30,192.50,176.00,160.10,1656400,0
SL.L,20090421,185.90,190.20,173.40,154.22,2101500,0
SL.L,20090420,198.10,198.60,184.00,161.74,674900,0
SL.L,20090417,188.50,201.75,188.50,172.22,7391400,0
SL.L,20090416,179.60,189.40,179.10,163.91,6845900,0
SL.L,20090415,182.20,183.20,176.90,154.91,4730100,0
SL.L,20090414,181.00,185.50,177.10,158.46,5329700,0
SL.L,20090409,172.80,177.50,170.40,150.06,4828500,0
SL.L,20090408,169.00,176.20,167.40,148.50,4818200,0
SL.L,20090407,178.00,178.20,168.00,146.77,3379700,0
SL.L,20090406,184.20,192.20,172.40,152.48,3217600,0
SL.L,20090403,180.70,187.00,176.30,154.91,5032300,0
SL.L,20090402,172.00,181.90,171.80,157.16,6321100,0
SL.L,20090401,171.10,175.40,161.10,147.38,3455900,0
SL.L,20090331,159.80,170.00,159.80,143.74,7522500,0
SL.L,20090330,168.20,171.90,155.90,136.47,4343200,0
SL.L,20090327,178.80,179.90,167.40,148.85,4494000,0
SL.L,20090326,181.20,181.20,172.60,152.31,4496100,0
SL.L,20090325,185.60,187.60,175.00,153.78,6784800,0
SL.L,20090324,189.60,193.00,181.30,159.32,5611700,0
SL.L,20090323,189.90,195.90,179.20,161.48,6903500,0
SL.L,20090320,167.90,188.00,163.00,162.70,9849300,0
SL.L,20090319,177.00,192.10,162.60,142.88,12297300,0
SL.L,20090318,178.40,179.00,166.80,149.72,5090700,0
SL.L,20090317,187.30,187.30,177.90,149.46,4807600,0
SL.L,20090316,183.50,193.10,178.20,153.10,6560700,0
SL.L,20090313,176.00,188.00,174.80,150.20,8726000,0
SL.L,20090312,166.10,177.40,158.40,143.16,10749500,0
SL.L,20090311,165.00,166.90,153.60,133.63,6854600,0
SL.L,20090310,134.50,158.80,123.50,130.81,7668300,0
SL.L,20090309,137.20,140.00,127.30,109.19,8315000,0
SL.L,20090306,141.10,148.10,128.10,110.43,9061500,0
SL.L,20090305,160.10,164.80,138.20,114.74,11375300,0
SL.L,20090304,150.00,163.50,150.00,134.71,4397600,0
SL.L,20090303,165.90,166.90,151.00,126.51,6647000,0
SL.L,20090302,165.70,170.80,161.50,134.13,5429800,0
SL.L,20090227,181.20,185.20,170.60,144.40,5238400,0
SL.L,20090226,174.20,190.80,172.90,154.09,5754300,0
SL.L,20090225,171.00,177.40,169.30,143.24,4723400,0
SL.L,20090224,172.20,172.30,161.40,140.76,4688500,0
SL.L,20090223,175.50,181.30,169.40,140.84,3900400,0
SL.L,20090220,170.20,181.30,164.00,142.25,5775500,0
SL.L,20090219,188.00,189.10,173.70,144.40,6483100,0
SL.L,20090218,185.30,188.00,176.10,152.94,5058500,0
SL.L,20090217,185.90,189.00,176.40,151.20,5523700,0
SL.L,20090216,195.40,200.25,186.60,155.01,3013700,0
SL.L,20090213,203.75,207.75,195.80,164.45,3796200,0
SL.L,20090212,203.50,203.50,192.10,166.52,4222800,0
SL.L,20090211,200.00,205.75,196.50,169.01,4222800,0
SL.L,20090210,214.00,215.25,205.25,170.04,4216800,0
SL.L,20090209,215.00,218.75,211.00,179.78,3534000,0
SL.L,20090206,212.75,222.50,209.75,176.05,5035300,0
SL.L,20090205,213.00,216.00,204.75,174.60,3986500,0
SL.L,20090204,216.75,222.50,212.00,181.23,3752800,0
SL.L,20090203,201.25,213.50,199.00,176.67,4541000,0
SL.L,20090202,214.00,217.50,194.20,166.31,6616000,0
SL.L,20090130,218.00,224.75,213.50,182.06,3817600,0
SL.L,20090129,220.00,221.25,211.00,180.40,4473100,0
SL.L,20090128,212.00,226.75,212.00,184.75,9247200,0
SL.L,20090127,203.00,208.50,202.00,171.29,6329700,0
SL.L,20090126,186.90,203.75,186.90,167.35,7409600,0
SL.L,20090123,192.80,195.90,183.60,157.41,8112400,0
SL.L,20090122,191.40,197.30,191.40,160.72,7350200,0
SL.L,20090121,180.10,189.50,165.60,156.99,8544900,0
SL.L,20090120,194.90,199.60,177.50,150.78,6815600,0
SL.L,20090119,214.25,214.25,192.40,161.63,5729900,0
SL.L,20090116,216.25,216.25,206.50,172.53,6170200,0
SL.L,20090115,210.00,216.25,201.00,176.26,8203400,0
SL.L,20090114,232.00,232.00,210.00,175.64,3737300,0
SL.L,20090113,228.00,228.00,216.00,187.85,3791400,0
SL.L,20090112,220.25,232.50,220.00,192.62,2145500,0
SL.L,20090109,229.25,232.75,219.50,184.13,2173800,0
SL.L,20090108,230.00,231.75,208.50,188.06,4941600,0
SL.L,20090107,228.50,230.25,222.00,190.55,5352800,0
SL.L,20090106,203.50,227.50,203.00,187.44,7040800,0
SL.L,20090105,210.00,214.00,201.00,166.73,3551200,0
SL.L,20090102,200.00,205.75,200.00,169.01,7649100,0
SL.L,20081231,203.75,203.75,201.00,167.35,1914200,0
SL.L,20081230,203.50,209.00,201.50,168.59,2198700,0
SL.L,20081229,207.50,207.75,201.75,170.66,1846100,0
SL.L,20081224,215.00,215.00,203.50,173.77,1575000,0
SL.L,20081223,211.75,215.25,205.00,169.84,2709500,0
SL.L,20081222,218.25,224.75,213.00,176.46,4222500,0
SL.L,20081219,234.00,237.00,215.25,178.33,7847800,0
SL.L,20081218,255.00,260.25,234.00,194.69,4672700,0
SL.L,20081217,275.00,275.00,255.25,215.40,4595500,0
SL.L,20081216,265.00,268.50,254.00,220.37,3698000,0
SL.L,20081215,246.00,265.00,246.00,219.54,3731500,0
SL.L,20081212,254.75,265.00,237.25,211.26,5039800,0
SL.L,20081211,283.00,283.00,265.00,222.03,4403800,0
SL.L,20081210,284.75,288.00,270.00,237.77,2531000,0
SL.L,20081209,265.00,285.00,260.50,236.11,4286200,0
SL.L,20081208,270.00,278.00,262.75,224.10,3835500,0
SL.L,20081205,258.25,265.00,246.75,217.06,3686300,0
SL.L,20081204,257.50,268.50,247.00,217.06,6619300,0
SL.L,20081203,251.25,260.00,250.00,211.26,3123200,0
SL.L,20081202,246.75,250.00,241.00,207.12,4723900,0
SL.L,20081201,269.00,269.00,246.00,207.12,2270000,0
SL.L,20081128,255.00,262.00,252.00,217.06,2964400,0
SL.L,20081127,266.50,266.50,251.75,211.05,5362600,0
SL.L,20081126,260.75,265.75,253.25,216.44,4206200,0
SL.L,20081125,262.50,273.00,253.75,226.17,8510900,0
SL.L,20081124,236.00,266.50,224.25,220.79,5462200,0
SL.L,20081121,218.00,240.00,210.00,187.85,2567000,0
SL.L,20081120,216.50,231.25,216.50,185.99,7032200,0
SL.L,20081119,230.75,237.00,230.75,193.24,3157100,0
SL.L,20081118,234.75,234.75,226.00,192.20,3783900,0
SL.L,20081117,224.50,230.00,220.00,189.72,2299900,0
SL.L,20081114,229.75,230.50,218.75,189.72,3167000,0
SL.L,20081113,204.00,218.50,204.00,180.40,3857400,0
SL.L,20081112,230.00,231.00,206.25,176.67,2460900,0
SL.L,20081111,232.00,232.50,222.00,186.82,3184800,0
SL.L,20081110,250.00,250.00,234.00,198.42,2288900,0
SL.L,20081107,237.25,243.50,230.50,201.73,1846600,0
SL.L,20081106,221.00,246.75,221.00,196.55,5903800,0
SL.L,20081105,240.00,249.00,234.50,201.11,3217700,0
SL.L,20081104,245.00,254.50,232.25,204.84,4216200,0
SL.L,20081103,242.00,247.75,224.25,195.93,3109200,0
SL.L,20081031,220.00,238.75,197.50,197.80,3655000,0
SL.L,20081030,204.75,213.00,184.90,176.46,6972300,0
SL.L,20081029,203.00,203.00,176.50,165.69,4375600,0
SL.L,20081028,197.00,200.25,177.00,146.64,2887700,0
SL.L,20081027,192.00,195.30,174.00,157.41,1749500,0
SL.L,20081024,190.50,199.10,180.00,159.07,5361600,0
SL.L,20081023,210.00,212.00,190.80,168.80,4298900,0
SL.L,20081022,220.00,230.00,209.75,173.77,3550700,0
SL.L,20081021,235.00,237.50,218.75,185.78,3233100,0
SL.L,20081020,220.50,235.00,205.25,194.69,4917700,0
SL.L,20081017,220.00,225.00,185.00,186.41,9122000,0
SL.L,20081016,216.75,226.75,210.00,173.98,6048500,0
SL.L,20081015,256.50,257.50,230.50,195.10,4086500,0
SL.L,20081014,260.00,260.00,235.00,215.40,4086100,0
SL.L,20081013,226.50,260.00,210.75,215.40,4484100,0
SL.L,20081010,206.50,251.75,182.30,178.74,5116300,0
SL.L,20081009,260.00,262.25,216.50,200.07,6137700,0
SL.L,20081008,320.00,320.00,235.25,212.50,6498100,0
SL.L,20081007,227.50,260.25,227.50,211.26,3173300,0
SL.L,20081006,250.00,254.75,230.25,192.20,2985600,0
SL.L,20081003,246.50,255.00,237.00,207.12,2580100,0
SL.L,20081002,262.00,262.00,241.25,200.28,4947300,0
SL.L,20081001,245.00,261.00,237.50,212.92,6271500,0
SL.L,20080930,230.50,247.00,212.25,198.83,8499700,0
SL.L,20080929,229.75,237.00,225.00,186.41,2208400,0
SL.L,20080926,247.75,247.75,228.50,194.28,5249100,0
SL.L,20080925,242.00,247.25,227.00,201.32,5559200,0
SL.L,20080924,254.75,254.75,228.25,194.69,4269600,0
SL.L,20080923,247.75,248.75,238.25,202.77,4017600,0
SL.L,20080922,253.25,259.00,243.50,201.94,4091000,0
SL.L,20080919,260.00,276.00,246.00,203.80,22772300,0
SL.L,20080918,230.50,239.25,222.50,184.33,10329500,0
SL.L,20080917,232.50,246.50,227.75,190.34,12097000,0
SL.L,20080916,227.25,240.00,224.25,192.20,14783000,0
SL.L,20080915,234.00,238.00,226.00,193.03,10391400,0
SL.L,20080912,246.25,246.25,236.25,199.04,5100100,0
SL.L,20080911,240.50,243.75,236.50,201.11,5886400,0
SL.L,20080910,250.00,252.00,240.75,200.07,9858500,0
SL.L,20080909,260.00,260.00,248.25,208.15,10614400,0
SL.L,20080908,242.50,268.00,242.50,214.57,5117400,0
SL.L,20080905,237.00,240.00,229.00,193.24,9258700,0
SL.L,20080904,251.50,253.25,239.75,199.04,4050200,0
SL.L,20080903,257.75,257.75,249.75,208.77,5263400,0
SL.L,20080902,253.75,261.25,247.00,214.16,6142600,0
SL.L,20080901,247.50,254.75,244.50,209.81,3648600,0
SL.L,20080829,254.75,255.75,249.50,207.95,5578100,0
SL.L,20080828,245.50,255.25,241.50,210.02,5905100,0
SL.L,20080827,242.00,246.25,238.50,203.60,4753500,0
SL.L,20080826,240.00,244.50,238.50,201.94,5926000,0
SL.L,20080822,232.00,246.25,230.25,204.01,6221400,0
SL.L,20080821,228.75,234.00,225.75,192.41,5676400,0
SL.L,20080820,226.00,232.50,225.25,192.41,3365100,0
SL.L,20080819,236.50,237.25,225.50,187.03,5691300,0
SL.L,20080818,242.25,243.50,237.25,199.25,3183200,0
SL.L,20080815,243.50,246.75,239.50,200.07,4436000,0
SL.L,20080814,242.75,245.25,238.25,200.90,4744500,0
SL.L,20080813,248.25,248.25,238.50,199.04,7174100,0
SL.L,20080812,249.75,253.00,245.50,206.29,5790500,0
SL.L,20080811,255.25,255.25,247.75,206.29,5393700,0
SL.L,20080808,246.50,254.25,242.50,210.02,7087000,0
SL.L,20080807,242.75,248.50,234.75,205.46,11779500,0
SL.L,20080806,244.25,246.00,228.75,201.52,11358800,0
SL.L,20080805,225.00,246.75,222.50,202.35,7511800,0
SL.L,20080804,226.00,226.75,219.50,184.96,3240700,0
SL.L,20080801,226.25,229.00,221.00,184.54,6325200,0
SL.L,20080731,228.50,233.25,218.50,188.68,7449000,0
SL.L,20080730,221.25,226.50,217.75,185.78,3661800,0
SL.L,20080729,209.75,219.25,208.75,178.33,3176700,0
SL.L,20080728,220.00,220.25,213.75,177.91,4393500,0
SL.L,20080725,225.25,225.25,213.00,183.30,12093900,0
SL.L,20080724,235.75,237.25,226.00,188.89,10194200,0
SL.L,20080723,225.75,233.50,224.00,192.62,12411000,0
SL.L,20080722,218.00,218.00,209.25,179.78,6031200,0
SL.L,20080721,215.75,220.75,210.00,182.06,6609400,0
SL.L,20080718,206.50,218.50,204.25,179.98,8283000,0
SL.L,20080717,205.00,210.00,202.00,171.91,10166300,0
SL.L,20080716,198.00,203.25,189.80,166.11,10381100,0
SL.L,20080715,203.00,203.00,195.50,162.88,13442800,0
SL.L,20080714,202.25,210.25,202.25,170.04,5095700,0
SL.L,20080711,214.75,214.75,198.00,165.69,7724600,0
SL.L,20080710,211.00,214.00,207.75,172.94,5623800,0
SL.L,20080709,212.25,217.25,212.25,177.71,7796500,0
SL.L,20080708,202.25,211.50,201.25,173.77,9146800,0
SL.L,20080707,204.25,208.00,202.50,172.32,5915000,0
SL.L,20080704,213.00,213.00,201.00,166.52,5151700,0
SL.L,20080703,201.75,212.75,200.00,174.19,7805600,0
SL.L,20080702,201.00,210.50,198.10,169.21,9170100,0
SL.L,20080701,209.00,209.00,198.20,166.52,8830400,0
SL.L,20080630,210.25,211.50,205.00,173.77,5071800,0
SL.L,20080627,212.50,214.00,207.25,173.98,6511900,0
SL.L,20080626,223.75,223.75,212.50,176.05,9652300,0
SL.L,20080625,223.75,224.50,218.75,185.37,4001200,0
SL.L,20080624,221.75,224.00,216.25,183.51,9399400,0
SL.L,20080623,224.50,225.75,221.50,184.54,4270700,0
SL.L,20080620,230.00,231.25,220.50,185.16,9596200,0
SL.L,20080619,233.75,237.75,228.75,190.55,10587400,0
SL.L,20080618,243.50,243.50,235.75,195.93,7577500,0
SL.L,20080617,236.50,245.75,236.50,200.90,5085800,0
SL.L,20080616,242.75,246.25,235.00,196.35,7834300,0
SL.L,20080613,242.00,243.00,236.75,200.90,4396100,0
SL.L,20080612,234.25,245.00,233.00,200.70,15801800,0
SL.L,20080611,245.00,247.00,233.25,195.10,8987800,0
SL.L,20080610,246.00,246.75,241.00,202.97,7398500,0
SL.L,20080606,261.00,261.00,246.75,204.42,11316300,0
SL.L,20080605,269.75,272.50,260.50,217.27,8965600,0
SL.L,20080604,261.25,269.75,260.25,222.44,12885500,0
SL.L,20080603,252.25,262.75,249.50,217.47,7203800,0
SL.L,20080602,248.75,254.75,244.25,209.19,11473400,0
SL.L,20080530,244.50,254.50,243.75,207.95,15689500,0
SL.L,20080529,241.25,243.50,237.75,200.90,4577500,0
SL.L,20080528,240.50,246.00,239.25,200.70,3118900,0
SL.L,20080527,240.75,241.25,235.00,198.83,4612500,0
SL.L,20080523,241.50,243.00,238.75,198.00,4993300,0
SL.L,20080522,239.00,241.75,235.25,199.25,5992700,0
SL.L,20080521,251.50,255.00,238.50,200.90,8944500,0
SL.L,20080520,257.50,262.25,251.00,207.95,4170500,0
SL.L,20080519,258.75,259.00,254.25,214.16,2488200,0
SL.L,20080516,259.25,262.50,256.50,214.16,4904400,0
SL.L,20080515,255.50,258.25,252.50,212.92,3528800,0
SL.L,20080514,257.50,257.50,252.00,211.67,3157400,0
SL.L,20080513,261.75,263.50,252.25,211.67,4478600,0
SL.L,20080512,264.00,266.50,257.75,216.02,3806000,0
SL.L,20080509,257.25,257.75,251.50,212.92,2858600,0
SL.L,20080508,259.00,260.25,254.75,215.19,4478300,0
SL.L,20080507,261.00,263.50,257.25,216.44,5277400,0
SL.L,20080506,273.00,273.00,255.50,216.64,5102200,0
SL.L,20080502,256.75,265.75,256.00,218.51,5431500,0
SL.L,20080501,249.50,254.00,246.25,209.40,2054300,0
SL.L,20080430,250.00,252.75,246.00,207.53,6309200,0
SL.L,20080429,250.00,250.75,246.00,205.25,2907000,0
SL.L,20080428,255.25,255.25,248.50,206.50,3310500,0
SL.L,20080425,252.00,254.00,247.75,209.81,3791200,0
SL.L,20080424,247.00,250.50,242.00,206.70,3951100,0
SL.L,20080423,246.50,248.50,239.25,204.84,5866800,0
SL.L,20080422,247.00,250.00,243.75,203.18,6089800,0
SL.L,20080421,253.00,255.50,246.00,206.70,6446200,0
SL.L,20080418,247.50,253.00,245.50,208.77,6752600,0
SL.L,20080417,249.50,249.50,243.25,203.18,6653500,0
SL.L,20080416,249.00,250.00,243.75,205.05,7363500,0
SL.L,20080415,248.00,248.00,240.75,203.39,5091300,0
SL.L,20080414,244.00,247.25,240.75,203.39,4648400,0
SL.L,20080411,246.25,251.25,242.25,203.60,8280100,0
SL.L,20080410,251.00,253.00,244.25,202.97,10565100,0
SL.L,20080409,265.00,265.50,252.50,209.81,9070600,0
SL.L,20080408,269.00,269.25,263.00,219.54,9216400,0
SL.L,20080407,260.25,274.50,260.00,225.34,11420300,0
SL.L,20080404,257.50,261.75,253.25,216.64,5175700,0
SL.L,20080403,263.00,265.00,256.50,213.33,6689800,0
SL.L,20080402,257.75,264.50,257.75,218.72,7397800,0
SL.L,20080401,244.00,259.00,243.50,213.74,7791500,0
SL.L,20080331,245.00,246.50,240.75,204.01,6269700,0
SL.L,20080328,248.00,250.00,242.75,202.77,3773800,0
SL.L,20080327,245.00,251.00,244.50,206.29,9165000,0
SL.L,20080326,252.50,252.50,242.75,202.35,7381400,0
SL.L,20080325,250.00,253.25,243.00,209.19,12965400,0
SL.L,20080320,235.00,238.75,232.25,194.48,9352700,0
SL.L,20080319,238.75,239.50,233.50,196.35,9305800,0
SL.L,20080318,235.00,244.25,233.25,200.70,9630300,0
SL.L,20080314,239.00,241.00,228.50,194.28,14987400,0
SL.L,20080313,240.75,243.50,236.75,199.25,15691200,0
SL.L,20080312,231.00,249.50,228.75,204.63,25635300,0
SL.L,20080311,209.50,220.00,205.00,181.23,12613100,0
SL.L,20080310,207.25,212.75,205.75,171.91,5779200,0
SL.L,20080307,206.25,210.25,202.50,171.91,7214500,0
SL.L,20080306,216.00,216.25,208.00,173.36,6316800,0
SL.L,20080305,211.00,217.50,209.00,178.95,7195700,0
SL.L,20080304,210.00,214.00,205.25,172.11,6087100,0
SL.L,20080303,215.00,217.00,209.75,174.19,11530400,0
SL.L,20080229,222.00,224.25,217.25,181.43,6985200,0
SL.L,20080228,227.00,230.50,222.75,185.16,5861700,0
SL.L,20080227,236.00,236.00,225.75,188.48,9550900,0
SL.L,20080226,221.75,234.50,219.25,193.65,9193200,0
SL.L,20080225,211.25,220.50,211.25,182.47,7137600,0
SL.L,20080222,213.75,214.25,208.00,172.94,6350700,0
SL.L,20080221,212.75,216.75,209.00,177.29,6460100,0
SL.L,20080220,205.75,212.50,205.00,173.77,6050300,0
SL.L,20080219,209.75,213.25,205.75,173.15,7035400,0
SL.L,20080218,206.25,212.50,204.75,175.01,6367400,0
SL.L,20080215,211.75,211.75,200.75,170.25,8357300,0
SL.L,20080214,208.25,216.00,206.50,174.60,11360700,0
SL.L,20080213,207.00,210.25,203.75,171.70,6593900,0
SL.L,20080212,199.00,208.25,192.70,172.53,12434100,0
SL.L,20080211,203.00,204.00,195.50,164.04,7323400,0
SL.L,20080208,206.50,208.25,201.75,170.25,4902800,0
SL.L,20080207,212.00,214.25,203.00,168.18,9829000,0
SL.L,20080206,213.00,215.75,208.00,177.08,4557100,0
SL.L,20080205,225.00,225.75,214.50,178.33,5329900,0
SL.L,20080204,226.25,228.50,222.25,188.27,5304100,0
SL.L,20080201,224.00,227.00,216.50,187.23,9932500,0
SL.L,20080131,225.00,228.75,210.75,178.53,13955500,0
SL.L,20080130,224.00,226.50,217.75,185.58,8289200,0
SL.L,20080129,226.25,230.50,220.75,188.89,5834300,0
SL.L,20080128,227.75,230.25,221.50,186.82,4865900,0
SL.L,20080125,237.00,239.00,224.25,187.85,6832000,0
SL.L,20080124,233.00,236.50,223.50,194.07,8589000,0
SL.L,20080123,226.50,231.00,216.75,186.61,16265100,0
SL.L,20080122,196.00,226.00,185.20,182.68,15270800,0
SL.L,20080121,203.00,208.25,193.30,168.59,11485900,0
SL.L,20080118,224.00,225.25,210.00,175.43,10122000,0
SL.L,20080117,231.00,232.75,225.00,187.23,4142300,0
SL.L,20080116,228.00,231.25,219.25,188.68,8362700,0
SL.L,20080115,233.75,236.25,227.25,189.10,6376600,0
SL.L,20080114,227.50,239.75,226.50,195.31,5416000,0
SL.L,20080111,227.00,230.00,222.25,187.03,7954300,0
SL.L,20080110,231.00,237.25,224.00,186.41,6466600,0
SL.L,20080109,237.00,239.00,225.00,191.38,8532700,0
SL.L,20080108,244.00,245.75,238.25,198.00,5089100,0
SL.L,20080107,246.00,246.50,239.75,201.73,5664700,0
SL.L,20080104,256.75,256.75,246.50,204.42,4025900,0
SL.L,20080103,251.50,255.75,244.25,211.88,4286600,0
SL.L,20080102,250.50,256.00,248.75,208.57,2359500,0
SL.L,20071231,250.50,255.50,250.50,209.40,863400,0
SL.L,20071228,256.50,256.50,251.00,209.60,3151200,0
SL.L,20071227,259.00,260.75,255.75,213.33,2481100,0
SL.L,20071224,255.00,259.00,255.00,214.57,344900,0
SL.L,20071221,257.75,259.00,252.50,213.54,6568300,0
SL.L,20071220,255.25,255.50,250.00,210.22,5925900,0
SL.L,20071219,256.25,256.25,251.00,210.02,3392800,0
SL.L,20071218,247.00,258.00,245.50,210.84,5673700,0
SL.L,20071217,253.25,253.50,239.50,206.29,7679300,0
SL.L,20071214,261.50,263.00,251.50,213.74,5927200,0
SL.L,20071213,266.50,269.75,255.75,212.50,7655500,0
SL.L,20071212,265.75,273.25,262.00,222.86,4234800,0
SL.L,20071211,269.00,270.75,263.00,222.86,3912100,0
SL.L,20071210,263.25,271.50,262.25,222.44,4337100,0
SL.L,20071207,264.50,266.75,259.50,220.37,4515200,0
SL.L,20071206,266.00,274.25,259.75,217.47,8226500,0
SL.L,20071205,259.00,270.50,258.50,223.89,5055600,0
SL.L,20071204,266.75,267.75,260.50,217.89,7303200,0
SL.L,20071203,262.00,268.00,260.75,220.37,9440300,0
SL.L,20071130,251.00,264.00,251.00,217.47,12172500,0
SL.L,20071129,255.75,255.75,248.25,207.32,3473400,0
SL.L,20071128,243.00,252.75,238.00,208.77,5818900,0
SL.L,20071127,242.50,245.50,235.50,199.66,4891300,0
SL.L,20071126,246.00,250.25,242.50,202.15,6209800,0
SL.L,20071123,246.50,250.75,237.50,201.94,6427900,0
SL.L,20071122,234.75,242.00,228.75,200.28,4892100,0
SL.L,20071121,248.75,249.00,229.25,192.83,7036300,0
SL.L,20071120,241.00,246.00,233.75,203.80,8151700,0
SL.L,20071119,251.25,251.25,235.75,197.38,6437000,0
SL.L,20071116,252.00,255.75,247.50,208.15,5605800,0
SL.L,20071115,258.00,259.00,249.00,209.40,5851400,0
SL.L,20071114,259.75,261.25,249.75,213.33,7841200,0
SL.L,20071113,258.75,259.00,253.25,212.09,5090100,0
SL.L,20071112,259.00,279.00,255.75,214.99,16801400,0
SL.L,20071109,255.75,255.75,238.00,201.94,9150100,0
SL.L,20071108,260.00,260.25,250.00,210.22,5978400,0
SL.L,20071107,270.50,271.25,258.25,215.61,6224500,0
SL.L,20071106,271.75,273.50,268.25,222.86,4225700,0
SL.L,20071105,271.50,273.50,265.00,222.65,3827500,0
SL.L,20071102,274.25,279.50,267.75,225.55,6592500,0
SL.L,20071101,280.25,285.25,275.25,230.73,7545900,0
SL.L,20071031,277.00,287.50,276.00,235.70,10133200,0
SL.L,20071030,276.00,285.25,272.25,228.66,15147300,0
SL.L,20071029,281.00,281.00,271.75,228.66,12043600,0
SL.L,20071026,274.00,289.25,265.75,230.73,30842600,0
SL.L,20071025,282.00,285.75,267.75,228.86,24154200,0
SL.L,20071024,277.25,281.25,274.00,231.76,7147500,0
SL.L,20071023,279.75,279.75,273.25,230.94,5825800,0
SL.L,20071022,279.50,281.00,274.50,228.66,5137000,0
SL.L,20071019,283.75,289.50,283.75,236.11,6711900,0
SL.L,20071018,288.00,288.00,280.75,235.28,6293100,0
SL.L,20071017,283.50,288.00,281.50,238.60,8742400,0
SL.L,20071016,281.00,285.25,279.50,234.04,10426100,0
SL.L,20071015,287.25,292.25,279.50,231.97,4437800,0
SL.L,20071012,292.25,294.00,287.00,239.63,8212600,0
SL.L,20071011,296.75,299.00,293.00,245.64,8709000,0
SL.L,20071010,299.00,299.00,291.25,244.40,4599500,0
SL.L,20071009,294.25,299.00,290.25,246.88,5447300,0
SL.L,20071008,297.50,299.00,293.75,243.57,3512100,0
SL.L,20071005,303.00,303.50,296.50,246.88,3136400,0
SL.L,20071004,297.50,302.50,294.00,249.58,6764400,0
SL.L,20071003,298.00,300.00,292.50,247.71,3378500,0
SL.L,20071002,291.25,298.25,291.25,245.23,5810100,0
SL.L,20071001,286.00,291.75,283.00,241.71,4277300,0
SL.L,20070928,291.75,291.75,285.00,239.01,5647600,0
SL.L,20070927,278.00,291.25,275.75,241.29,8734700,0
SL.L,20070926,276.50,279.50,274.25,227.83,7685800,0
SL.L,20070925,273.00,276.25,269.50,226.79,10077200,0
SL.L,20070924,273.50,280.25,271.00,226.17,6877300,0
SL.L,20070921,272.00,276.75,269.00,228.04,25803700,0
SL.L,20070920,276.00,277.50,268.00,227.00,18207600,0
SL.L,20070919,280.00,298.25,269.50,229.49,29311800,0
SL.L,20070918,270.00,276.50,270.00,227.62,15402800,0
SL.L,20070917,281.50,281.50,269.00,223.69,10615400,0
SL.L,20070914,287.50,287.50,281.00,234.25,8088500,0
SL.L,20070913,288.00,291.00,286.75,240.26,5426500,0
SL.L,20070912,290.75,290.75,286.00,238.39,3537300,0
SL.L,20070911,287.00,292.75,286.25,242.12,4197100,0
SL.L,20070910,286.75,290.00,285.00,236.11,4561800,0
SL.L,20070907,291.00,296.00,285.25,236.53,4840100,0
SL.L,20070906,297.00,298.25,291.00,244.81,3946400,0
SL.L,20070905,302.00,302.00,292.25,243.16,7777600,0
SL.L,20070904,303.00,309.00,299.00,252.06,9803600,0
SL.L,20070903,300.00,310.75,298.75,251.85,9617500,0
SL.L,20070831,294.00,300.25,288.75,248.75,8325900,0
SL.L,20070830,293.50,293.75,285.50,241.50,7065400,0
SL.L,20070829,287.75,292.75,284.00,240.67,9690200,0
SL.L,20070828,296.25,297.75,284.00,235.70,7983400,0
SL.L,20070824,299.25,300.50,296.00,246.26,3987700,0
SL.L,20070823,303.00,310.25,298.75,247.50,7736000,0
SL.L,20070822,295.75,303.00,295.75,250.82,7084400,0
SL.L,20070821,301.25,302.00,292.50,244.40,8329700,0
SL.L,20070820,308.50,311.75,300.75,249.16,6142900,0
SL.L,20070817,290.00,310.00,283.75,253.10,13267100,0
SL.L,20070816,292.00,295.50,285.50,236.53,10938900,0
SL.L,20070815,305.00,305.00,295.00,247.30,6559300,0
SL.L,20070813,313.25,317.50,307.75,258.07,8428600,0
SL.L,20070810,313.25,327.00,308.50,261.17,16157000,0
SL.L,20070809,336.00,337.75,311.00,264.07,17317700,0
SL.L,20070808,327.25,348.50,327.25,282.51,30666300,0
SL.L,20070807,320.00,327.00,316.50,270.08,16384400,0
SL.L,20070806,301.00,317.50,299.75,260.97,17056600,0
SL.L,20070803,318.00,318.00,305.00,253.30,5763100,0
SL.L,20070802,313.00,317.75,313.00,262.00,12088000,0
SL.L,20070801,300.00,314.00,296.00,258.48,13506700,0
SL.L,20070731,291.50,310.00,290.25,255.58,11064400,0
SL.L,20070730,289.50,291.25,285.50,240.26,16887100,0
SL.L,20070727,294.00,300.00,285.50,240.46,14390600,0
SL.L,20070726,316.25,316.25,291.25,244.81,12738200,0
SL.L,20070725,317.50,319.00,313.50,260.97,7518600,0
SL.L,20070724,323.25,324.00,317.50,263.45,14667800,0
SL.L,20070723,326.25,335.75,321.50,269.87,9681900,0
SL.L,20070720,321.75,328.00,320.25,268.01,7608700,0
SL.L,20070719,323.25,324.00,320.50,267.18,6908000,0
SL.L,20070718,323.00,325.75,321.75,266.77,5800900,0
SL.L,20070717,328.50,329.25,323.00,270.91,5236900,0
SL.L,20070716,330.50,331.00,327.50,271.94,7480800,0
SL.L,20070713,327.75,330.50,326.25,273.60,5634400,0
SL.L,20070712,323.75,326.75,320.00,270.08,10101800,0
SL.L,20070711,322.75,324.00,320.00,265.94,8457800,0
SL.L,20070710,331.25,331.25,323.50,269.25,9208300,0
SL.L,20070709,334.00,335.00,330.75,275.67,5956600,0
SL.L,20070706,331.25,333.50,328.75,274.64,3733600,0
SL.L,20070705,333.75,334.50,331.50,275.67,15903800,0
SL.L,20070704,327.75,332.75,327.00,275.05,7910300,0
SL.L,20070703,326.50,329.00,325.00,272.15,19157300,0
SL.L,20070702,328.00,330.00,325.00,269.25,5404700,0
SL.L,20070629,335.00,338.75,327.25,273.60,11697200,0
SL.L,20070628,337.50,338.00,335.50,278.16,6333200,0
SL.L,20070627,339.75,339.75,332.25,277.74,4301600,0
SL.L,20070626,342.75,344.50,339.25,281.47,2260900,0
SL.L,20070625,341.75,345.75,338.50,286.03,5350700,0
SL.L,20070622,346.50,347.25,341.75,283.75,2558000,0
SL.L,20070621,347.75,347.75,343.00,285.82,5031500,0
SL.L,20070620,342.00,356.50,341.00,289.13,10864000,0
SL.L,20070619,344.25,347.00,340.00,281.68,5744900,0
SL.L,20070618,348.75,351.00,342.75,285.82,2995300,0
SL.L,20070615,345.25,349.25,343.75,288.93,8241300,0
SL.L,20070614,338.50,343.50,338.25,284.58,3692200,0
SL.L,20070613,329.25,338.00,329.25,279.19,4046300,0
SL.L,20070612,330.50,333.75,328.25,274.22,6707800,0
SL.L,20070611,329.00,334.00,329.00,274.22,3561800,0
SL.L,20070608,330.50,333.00,324.75,272.77,6784500,0
SL.L,20070607,337.75,340.00,329.00,274.64,4150500,0
SL.L,20070606,341.25,341.75,333.75,278.36,6412100,0
SL.L,20070605,343.00,357.25,336.25,281.68,15001600,0
SL.L,20070604,341.50,342.25,338.00,280.02,9560700,0
SL.L,20070531,343.75,351.00,341.75,284.79,32574300,0
SL.L,20070530,337.00,343.75,334.25,283.96,6926000,0
SL.L,20070529,343.75,343.75,338.75,281.68,3672100,0
SL.L,20070525,339.50,342.50,339.25,282.30,8852800,0
SL.L,20070524,343.25,346.25,341.00,282.92,7594200,0
SL.L,20070523,349.50,349.50,345.00,286.86,2267800,0
SL.L,20070522,349.50,351.50,345.25,287.48,10447100,0
SL.L,20070521,349.25,352.00,346.25,288.31,5382200,0
SL.L,20070518,344.75,350.00,343.00,289.55,8015400,0
SL.L,20070517,338.00,345.25,338.00,286.03,3704100,0
SL.L,20070516,334.00,344.00,331.00,280.23,8840800,0
SL.L,20070515,333.00,334.50,330.50,276.71,5292300,0
SL.L,20070514,334.75,335.00,331.75,275.67,1779400,0
SL.L,20070511,333.00,334.75,329.50,275.88,7328100,0
SL.L,20070510,333.50,339.50,330.25,277.74,11297900,0
SL.L,20070509,335.00,337.75,332.75,276.92,14530500,0
SL.L,20070508,332.00,335.25,332.00,275.05,6016400,0
SL.L,20070504,336.50,337.75,331.00,277.33,6743700,0
SL.L,20070503,333.00,337.75,329.50,278.99,5952500,0
SL.L,20070502,331.00,336.25,328.50,277.33,3346800,0
SL.L,20070501,321.00,334.50,321.00,274.02,7225900,0
SL.L,20070430,319.75,325.25,319.00,269.25,3574500,0
SL.L,20070427,321.50,324.00,318.75,264.28,2581600,0
SL.L,20070426,325.75,329.00,322.25,267.80,3099200,0
SL.L,20070424,319.75,322.50,316.00,262.83,1841600,0
SL.L,20070423,320.50,323.00,317.50,265.32,1755600,0
SL.L,20070420,317.50,321.25,316.50,265.52,3421200,0
SL.L,20070419,311.00,316.50,311.00,262.00,4308000,0
SL.L,20070418,313.75,317.75,313.75,260.55,3843000,0
SL.L,20070417,315.50,318.50,312.75,262.21,6820300,0
SL.L,20070416,315.00,316.50,313.00,262.21,4355500,0
SL.L,20070413,315.00,315.50,312.25,260.55,5659800,0
SL.L,20070412,316.75,316.75,314.50,261.59,1981600,0
SL.L,20070411,316.25,319.75,313.00,262.42,11672000,0
SL.L,20070410,319.25,322.75,316.00,263.04,4369300,0
SL.L,20070405,318.00,320.00,316.50,264.49,1600600,0
SL.L,20070404,316.00,323.00,315.00,264.07,5413900,0
SL.L,20070403,313.75,316.50,310.50,261.80,3803200,0
SL.L,20070402,314.50,319.75,311.75,258.90,4284800,0
SL.L,20070330,315.25,318.50,313.25,261.80,5670800,0
SL.L,20070329,311.25,316.50,308.75,261.80,7132700,0
SL.L,20070328,307.00,311.25,304.25,256.82,4555900,0
SL.L,20070327,310.00,313.75,309.00,257.45,10440500,0
SL.L,20070326,308.75,312.00,308.25,256.82,5561200,0
SL.L,20070323,302.50,310.00,301.25,256.41,4773000,0
SL.L,20070322,313.00,313.00,301.25,252.89,6841800,0
SL.L,20070321,300.00,307.75,298.25,254.34,4121600,0
SL.L,20070320,299.50,302.50,298.25,249.58,5051900,0
SL.L,20070319,296.50,300.00,295.75,248.33,9777200,0
SL.L,20070316,299.50,300.00,292.25,243.36,17178200,0
SL.L,20070315,299.50,301.25,296.50,247.71,14687300,0
SL.L,20070314,302.25,302.25,296.25,245.43,10492900,0
SL.L,20070313,310.50,313.50,305.50,253.10,14182100,0
SL.L,20070312,313.25,313.75,309.75,257.24,4413800,0
SL.L,20070309,305.00,313.00,303.50,257.65,7622300,0
SL.L,20070308,303.25,305.00,300.50,252.68,2900900,0
SL.L,20070307,297.50,303.75,295.50,249.37,8931500,0
SL.L,20070306,287.75,298.25,287.25,247.09,15045500,0
SL.L,20070305,284.00,287.00,278.75,236.11,11965900,0
SL.L,20070302,299.00,300.50,289.50,241.50,10169000,0
SL.L,20070301,302.25,308.00,291.00,247.30,14949400,0
SL.L,20070228,295.00,303.25,291.00,249.78,12706100,0
SL.L,20070227,316.00,316.50,301.00,249.37,9527800,0
SL.L,20070226,316.75,319.75,316.25,264.70,2328000,0
SL.L,20070223,319.50,319.50,313.75,261.38,2909100,0
SL.L,20070222,319.25,320.00,316.25,262.21,2686000,0
SL.L,20070221,319.00,320.25,313.25,261.80,3008000,0
SL.L,20070220,319.75,320.00,315.00,263.04,5236000,0
SL.L,20070216,318.00,319.75,315.50,263.87,3728700,0
SL.L,20070215,320.00,320.00,316.25,262.83,6651800,0
SL.L,20070214,314.50,319.25,314.50,264.49,3560300,0
SL.L,20070213,314.75,316.50,313.25,260.97,9686300,0
SL.L,20070212,313.00,314.00,310.00,258.69,2699000,0
SL.L,20070209,313.00,314.00,310.00,259.52,7812300,0
SL.L,20070208,313.00,313.00,307.75,256.41,2802000,0
SL.L,20070207,305.50,312.50,302.00,258.90,15502800,0
SL.L,20070206,306.00,307.25,302.75,252.27,4844900,0
SL.L,20070205,308.75,311.50,304.00,252.48,16835700,0
SL.L,20070202,301.00,309.00,299.00,256.00,10868800,0
SL.L,20070201,298.00,300.00,295.00,248.54,3918600,0
SL.L,20070131,296.75,297.75,293.25,243.57,9142000,0
SL.L,20070130,300.00,300.00,296.75,246.47,4889200,0
SL.L,20070129,299.75,305.00,298.25,248.54,3919400,0
SL.L,20070126,302.00,303.00,299.00,247.71,13939500,0
SL.L,20070125,302.50,303.75,298.00,250.61,10363000,0
SL.L,20070124,294.50,300.50,292.75,248.95,8624000,0
SL.L,20070123,297.75,298.00,292.00,242.95,4065000,0
SL.L,20070122,295.25,298.00,295.00,245.64,2872900,0
SL.L,20070119,294.25,299.75,290.75,245.23,3864000,0
SL.L,20070118,291.75,297.00,291.75,245.43,2902900,0
SL.L,20070117,293.50,295.75,291.00,241.29,2876100,0
SL.L,20070116,294.25,298.75,292.50,242.33,3380500,0
SL.L,20070115,296.50,298.50,295.25,245.23,2465700,0
SL.L,20070112,298.75,301.00,294.75,244.40,7903800,0
SL.L,20070111,296.00,298.75,291.00,246.68,14224300,0
SL.L,20070110,295.00,298.00,294.75,245.64,5294500,0
SL.L,20070109,298.25,298.75,296.50,246.47,5080400,0
SL.L,20070108,295.50,299.00,295.50,245.43,3297500,0
SL.L,20070105,302.50,302.50,295.50,244.81,6438900,0
SL.L,20070104,303.00,304.00,299.25,250.20,2251200,0
SL.L,20070103,305.75,305.75,298.75,251.03,5749500,0
SL.L,20070102,297.25,306.00,296.75,253.51,2548600,0
SL.L,20061229,300.00,301.75,293.75,245.02,2667000,0
SL.L,20061228,304.00,305.00,296.50,248.54,3158800,0
SL.L,20061227,291.50,300.25,291.50,248.75,869300,0
SL.L,20061222,290.25,297.75,290.25,240.46,1688500,0
SL.L,20061221,298.00,298.25,294.00,243.98,2854500,0
SL.L,20061220,301.00,301.75,297.00,246.47,1989700,0
SL.L,20061219,302.75,303.75,297.00,248.13,5271900,0
SL.L,20061218,297.75,308.75,294.00,251.03,7081600,0
SL.L,20061215,289.00,300.00,288.25,245.64,14191900,0
SL.L,20061214,288.50,289.50,287.75,239.84,3799900,0
SL.L,20061213,288.00,290.25,286.50,239.01,5092100,0
SL.L,20061212,288.00,288.50,285.75,237.98,4505400,0
SL.L,20061211,286.25,289.75,285.50,237.77,3992900,0
SL.L,20061208,284.00,287.25,282.75,236.94,7812900,0
SL.L,20061207,282.50,286.00,281.50,236.32,4539600,0
SL.L,20061206,284.00,286.25,282.75,234.87,3610300,0
SL.L,20061205,284.50,286.25,283.75,236.11,7383100,0
SL.L,20061204,281.75,285.50,281.75,236.11,3222000,0
SL.L,20061201,286.00,287.50,276.00,233.63,5566700,0
SL.L,20061130,284.00,285.75,282.75,235.70,4851100,0
SL.L,20061129,282.25,285.75,282.00,234.66,5187200,0
SL.L,20061128,285.00,286.00,282.00,234.46,5676300,0
SL.L,20061127,290.00,290.00,284.50,235.70,4677900,0
SL.L,20061124,290.00,290.00,285.25,238.18,5083500,0
SL.L,20061123,291.00,291.00,288.00,240.26,2935500,0
SL.L,20061122,288.00,293.75,288.00,240.67,10868500,0
SL.L,20061121,289.50,289.50,284.75,238.60,7013400,0
SL.L,20061120,284.25,289.50,283.00,238.60,2643600,0
SL.L,20061117,291.00,291.00,285.25,237.36,2040300,0
SL.L,20061116,290.00,291.00,288.00,240.46,1366100,0
SL.L,20061115,292.00,292.50,289.50,241.50,2859400,0
SL.L,20061114,286.50,292.50,286.50,240.05,4602300,0
SL.L,20061113,289.50,291.00,286.00,238.18,4519900,0
SL.L,20061110,290.00,292.25,285.00,237.36,7850000,0
SL.L,20061109,290.25,294.50,288.00,240.88,6067100,0
SL.L,20061108,289.00,295.00,286.25,242.12,6246700,0
SL.L,20061107,289.75,294.00,287.00,242.74,7669600,0
SL.L,20061106,284.00,287.75,282.75,238.39,3383900,0
SL.L,20061103,289.00,289.00,281.00,233.83,5791500,0
SL.L,20061102,284.75,288.75,283.00,237.36,3586000,0
SL.L,20061101,283.25,289.25,283.25,235.91,7414300,0
SL.L,20061031,287.75,287.75,283.50,235.70,9527400,0
SL.L,20061030,285.00,292.00,285.00,238.18,16220300,0
SL.L,20061027,285.25,285.50,282.25,234.46,5760000,0
SL.L,20061026,283.50,285.50,281.50,235.28,7019900,0
SL.L,20061025,283.00,285.50,280.00,235.08,4032300,0
SL.L,20061024,284.75,285.25,282.50,235.28,7110900,0
SL.L,20061023,286.25,287.50,283.00,235.49,8902800,0
SL.L,20061020,289.50,291.50,284.75,236.94,27314300,0
SL.L,20061019,287.00,291.00,285.00,239.84,4082500,0
SL.L,20061018,283.50,292.50,282.00,239.22,9678000,0
SL.L,20061017,286.00,289.25,281.75,234.46,5527100,0
SL.L,20061016,281.50,286.50,280.50,237.15,8157300,0
SL.L,20061013,277.50,283.00,275.50,233.21,12550500,0
SL.L,20061012,269.25,278.50,269.00,230.73,26390300,0
SL.L,20061011,267.00,270.50,266.75,223.48,13053600,0
SL.L,20061009,265.50,267.50,263.25,220.37,5263500,0
SL.L,20061006,266.00,267.50,265.00,220.79,5839600,0
SL.L,20061005,267.50,271.25,266.00,221.41,11514900,0
SL.L,20061004,269.25,269.25,265.00,220.58,15954600,0
SL.L,20061003,268.25,269.50,267.25,222.03,19227100,0
SL.L,20061002,272.00,272.00,269.00,223.27,6647700,0
SL.L,20060929,272.00,272.75,268.00,224.31,9394100,0
SL.L,20060928,267.00,272.00,266.75,225.34,14485300,0
SL.L,20060927,268.50,271.00,263.50,222.03,42517900,0
SL.L,20060926,270.75,272.75,269.00,224.72,14117400,0
SL.L,20060925,268.00,271.75,266.00,222.86,23652600,0
SL.L,20060922,266.00,268.75,265.00,222.03,7883000,0
SL.L,20060921,269.25,269.50,265.25,222.03,7691800,0
SL.L,20060920,265.00,267.50,265.00,221.61,18552300,0
SL.L,20060919,265.75,267.00,265.00,219.75,10115300,0
SL.L,20060918,268.00,268.50,265.75,221.20,27113400,0
SL.L,20060915,269.25,273.75,264.50,223.69,179028900,0
SL.L,20060914,271.75,271.75,265.00,223.69,33059900,0
SL.L,20060913,274.00,274.00,268.00,224.51,35603900,0
SL.L,20060912,273.00,274.50,266.00,224.51,30526600,0
SL.L,20060911,265.25,275.00,265.25,226.79,19385700,0
SL.L,20060908,269.75,269.75,265.50,221.61,8067200,0
SL.L,20060907,267.50,267.50,263.00,220.37,14909800,0
SL.L,20060906,271.00,271.00,267.00,221.61,16236100,0
SL.L,20060905,267.00,269.00,265.50,222.44,5794800,0
SL.L,20060904,265.00,268.75,264.00,221.20,3853700,0
SL.L,20060901,264.50,269.00,261.25,220.79,6566000,0
SL.L,20060831,267.00,267.00,258.00,217.89,6161100,0
SL.L,20060830,259.00,261.50,258.50,215.82,9159800,0
SL.L,20060829,259.25,260.00,255.00,213.74,6333000,0
SL.L,20060825,256.75,259.00,254.75,213.74,8944700,0
SL.L,20060824,253.75,258.50,253.75,214.16,4381700,0
SL.L,20060823,255.50,258.50,254.25,212.50,7896300,0
SL.L,20060822,253.00,257.00,250.25,211.05,10872600,0
SL.L,20060821,254.00,254.00,248.75,206.70,3229800,0
SL.L,20060818,250.50,251.00,248.00,206.29,9106400,0
SL.L,20060817,250.00,252.00,245.00,207.53,7066000,0
SL.L,20060816,250.00,250.00,245.50,205.46,3507600,0
SL.L,20060815,249.00,250.00,244.00,207.12,7352300,0
SL.L,20060814,251.50,251.50,247.00,205.46,4540900,0
SL.L,20060811,253.75,253.75,247.00,206.91,4262500,0
SL.L,20060810,251.50,251.50,247.00,208.15,4735700,0
SL.L,20060809,254.00,259.00,249.00,208.77,9854700,0
SL.L,20060808,248.50,255.00,248.50,207.95,9579300,0
SL.L,20060807,259.00,259.00,252.00,209.60,4912800,0
SL.L,20060804,259.00,259.00,255.00,214.37,5634700,0
SL.L,20060802,254.00,258.00,253.00,213.74,6104900,0
SL.L,20060801,254.00,260.00,251.00,209.19,35302300,0
SL.L,20060731,249.50,253.00,248.25,207.12,14850100,0
SL.L,20060728,249.00,249.00,246.50,206.29,12146900,0
SL.L,20060727,247.75,248.00,247.00,205.46,4196800,0
SL.L,20060726,250.00,250.00,246.00,204.63,7540900,0
SL.L,20060725,251.50,251.50,247.75,207.12,15288700,0
SL.L,20060724,251.50,252.00,243.75,208.77,12994600,0
SL.L,20060721,251.00,254.25,247.00,206.29,110550000,0
SL.L,20060720,244.50,251.00,241.00,207.74,32109200,0
SL.L,20060719,243.50,243.50,238.25,201.52,10697300,0
SL.L,20060718,240.25,242.00,237.25,199.25,15409900,0
SL.L,20060717,241.00,241.00,235.75,199.04,11756100,0
SL.L,20060714,240.50,241.00,238.00,198.00,18226800,0
SL.L,20060713,251.00,251.00,241.00,199.66,23501200,0
SL.L,20060712,241.75,249.00,241.75,206.29,34237300,0
SL.L,20060711,243.00,244.00,238.75,198.83,47202800,0
SL.L,20060710,245.00,245.00,239.00,200.90,171420200,0
