UU.L,20120824,710.00,716.00,706.12,711.00,1711900,0
UU.L,20120823,719.00,719.00,706.00,707.50,1934300,0
UU.L,20120822,715.00,720.50,711.00,714.50,1890700,0
UU.L,20120821,719.50,725.00,716.50,716.50,2255600,0
UU.L,20120820,722.00,727.00,718.00,719.00,2591900,0
UU.L,20120817,727.00,731.25,721.50,721.50,3025200,0
UU.L,20120816,730.00,739.50,726.00,726.00,5284700,0
UU.L,20120815,723.50,737.50,716.50,728.00,6896900,0
UU.L,20120814,697.00,816.00,695.50,722.50,21352400,0
UU.L,20120810,682.50,691.00,681.00,687.50,3135900,0
UU.L,20120809,686.50,688.25,679.00,682.00,1885900,0
UU.L,20120808,684.00,698.00,680.00,685.00,2558100,0
UU.L,20120807,682.00,685.09,677.50,684.50,1760100,0
UU.L,20120806,685.00,685.50,678.00,680.50,2392000,0
UU.L,20120803,677.00,686.50,673.00,686.50,2643600,0
UU.L,20120802,679.00,679.50,670.00,673.50,2608000,0
UU.L,20120801,685.50,689.00,674.50,677.00,3431600,0
UU.L,20120731,693.50,698.00,683.00,683.00,2772400,0
UU.L,20120727,705.00,705.50,692.50,693.00,4015900,0
UU.L,20120726,690.00,702.00,687.50,701.50,4861100,0
UU.L,20120725,691.00,695.50,687.00,688.50,3089800,0
UU.L,20120724,691.50,695.39,687.00,691.50,3026500,0
UU.L,20120723,692.50,697.00,688.00,691.00,2579600,0
UU.L,20120720,690.00,698.00,686.00,698.00,4841600,0
UU.L,20120719,696.00,696.00,686.50,690.50,2514200,0
UU.L,20120718,698.00,698.00,684.00,696.00,4998500,0
UU.L,20120717,697.00,698.00,690.00,698.00,3915900,0
UU.L,20120716,683.50,697.00,681.81,697.00,3902000,0
UU.L,20120713,679.00,685.00,674.00,684.50,2599800,0
UU.L,20120712,683.00,685.50,680.50,683.50,1522400,0
UU.L,20120711,678.50,683.07,676.25,683.00,2592600,0
UU.L,20120710,678.50,681.50,672.00,679.00,1633300,0
UU.L,20120709,674.50,679.50,669.00,676.50,1319300,0
UU.L,20120706,670.50,677.00,670.00,676.00,1693600,0
UU.L,20120705,675.00,675.00,661.50,671.00,1730300,0
UU.L,20120704,677.50,678.00,670.67,673.50,1344900,0
UU.L,20120703,679.00,679.00,669.00,673.50,2072800,0
UU.L,20120702,675.00,679.50,668.58,679.50,2571500,0
UU.L,20120629,680.00,682.00,670.50,675.00,3077800,0
UU.L,20120628,662.50,674.50,662.00,674.50,3260200,0
UU.L,20120627,653.00,661.50,652.00,659.00,1337600,0
UU.L,20120626,650.50,655.00,648.50,652.00,1728200,0
UU.L,20120625,645.50,649.67,639.00,647.00,1651000,0
UU.L,20120622,651.00,669.84,644.50,646.00,2032900,0
UU.L,20120621,657.00,677.34,651.00,653.50,2613300,0
UU.L,20120620,651.50,667.34,642.00,656.00,3046300,0
UU.L,20120619,662.50,672.01,661.00,669.50,2953400,0
UU.L,20120618,670.50,670.50,655.50,661.00,4553600,0
UU.L,20120615,679.50,682.78,662.60,663.00,5504100,0
UU.L,20120614,678.00,683.00,676.50,680.50,1709900,0
UU.L,20120613,681.00,681.00,654.88,678.50,2455900,0
UU.L,20120612,675.50,681.50,671.00,676.50,4950600,0
UU.L,20120611,686.50,686.50,672.50,675.00,2902800,0
UU.L,20120608,664.50,680.57,664.50,680.50,2747200,0
UU.L,20120607,678.00,678.00,665.00,668.50,4066700,0
UU.L,20120606,680.00,680.00,665.00,678.00,5966800,0
UU.L,20120601,657.50,667.67,651.50,662.50,4556400,0
UU.L,20120531,646.00,657.46,643.50,657.00,4904300,0
UU.L,20120530,640.50,651.50,636.50,642.00,3737400,0
UU.L,20120529,652.50,652.50,638.71,642.00,2450100,0
UU.L,20120528,654.50,658.00,642.67,647.00,2459100,0
UU.L,20120525,644.00,650.50,638.50,649.00,6477700,0
UU.L,20120524,625.50,641.00,618.00,637.00,3649200,0
UU.L,20120523,620.50,628.76,619.00,620.00,2415600,0
UU.L,20120522,620.50,627.68,618.00,626.00,2490700,0
UU.L,20120521,622.50,622.50,617.50,617.50,1779300,0
UU.L,20120518,623.50,631.00,622.00,622.50,2569100,0
UU.L,20120517,623.50,629.50,620.00,628.00,2234500,0
UU.L,20120516,626.50,633.00,622.50,624.50,3802000,0
UU.L,20120514,639.00,649.00,636.50,642.00,2314400,0
UU.L,20120511,628.50,644.05,627.50,642.00,3915600,0
UU.L,20120510,634.50,636.50,627.50,630.00,1624800,0
UU.L,20120509,631.50,632.50,624.00,626.50,1709300,0
UU.L,20120508,628.50,643.00,627.00,631.00,4354000,0
UU.L,20120504,629.00,634.50,625.00,627.50,3045800,0
UU.L,20120503,623.50,629.50,621.79,629.00,2881800,0
UU.L,20120502,630.00,631.00,618.00,620.50,2577400,0
UU.L,20120501,625.50,629.00,621.00,627.50,2052600,0
UU.L,20120430,621.50,621.50,614.00,618.50,2008300,0
UU.L,20120427,617.00,623.50,613.50,620.00,1452300,0
UU.L,20120426,619.50,619.50,611.50,617.00,1468600,0
UU.L,20120425,625.00,625.50,612.50,618.00,2613200,0
UU.L,20120424,614.50,624.00,614.50,622.00,2815000,0
UU.L,20120423,621.00,622.00,612.00,614.50,3283300,0
UU.L,20120420,608.00,622.00,607.00,620.50,6691400,0
UU.L,20120419,602.00,613.50,602.00,605.00,4091900,0
UU.L,20120418,602.50,605.38,596.50,601.50,1681000,0
UU.L,20120417,599.00,606.00,596.00,604.00,1646400,0
UU.L,20120416,592.00,602.78,592.00,598.00,1356900,0
UU.L,20120413,599.00,600.70,593.00,594.00,1704100,0
UU.L,20120412,592.00,601.50,590.00,600.50,2939400,0
UU.L,20120411,594.50,601.00,591.42,598.00,2178900,0
UU.L,20120410,594.00,601.00,593.50,595.00,2594600,0
UU.L,20120405,595.00,599.50,591.80,596.50,2978700,0
UU.L,20120404,609.00,609.00,596.00,596.00,7082800,0
UU.L,20120403,614.00,616.00,607.75,608.00,2079900,0
UU.L,20120402,605.00,614.00,601.00,614.00,2541000,0
UU.L,20120330,597.00,605.50,594.50,601.50,3321100,0
UU.L,20120329,603.00,603.00,595.50,596.50,3235600,0
UU.L,20120328,607.00,607.27,600.00,602.50,2942200,0
UU.L,20120327,616.00,616.50,605.00,607.00,2090600,0
UU.L,20120326,612.50,617.00,610.00,614.50,2296700,0
UU.L,20120323,619.50,627.50,609.00,611.00,3891400,0
UU.L,20120322,611.50,622.50,609.00,618.00,3467400,0
UU.L,20120321,608.00,612.50,604.50,610.00,2023900,0
UU.L,20120320,610.00,611.00,601.50,605.00,3581200,0
UU.L,20120319,615.50,618.50,605.00,606.50,2160200,0
UU.L,20120316,621.00,624.00,612.50,615.00,6371300,0
UU.L,20120315,627.50,628.50,618.50,620.50,1681900,0
UU.L,20120314,625.00,629.05,621.50,627.00,2387700,0
UU.L,20120313,616.00,624.00,616.00,622.00,1622100,0
UU.L,20120312,615.50,619.50,611.50,616.00,3541800,0
UU.L,20120309,613.00,624.50,611.50,616.00,2402600,0
UU.L,20120308,616.00,619.74,612.50,614.00,1509900,0
UU.L,20120307,611.00,621.00,611.00,615.50,1402300,0
UU.L,20120306,616.50,621.50,611.50,613.50,1819500,0
UU.L,20120305,620.50,622.00,612.15,621.00,1682700,0
UU.L,20120302,617.50,622.00,616.00,620.50,1662800,0
UU.L,20120301,610.00,616.50,607.18,615.50,1614300,0
UU.L,20120229,606.00,615.31,605.50,611.50,2745900,0
UU.L,20120228,607.50,612.00,602.50,606.50,1810700,0
UU.L,20120227,604.00,606.80,597.50,606.00,1652200,0
UU.L,20120224,604.00,606.00,600.00,603.00,1896500,0
UU.L,20120223,600.50,607.00,597.00,601.00,1571300,0
UU.L,20120222,600.00,601.79,597.00,599.00,1480200,0
UU.L,20120221,605.00,607.00,597.00,599.50,1906500,0
UU.L,20120220,610.00,610.00,599.50,604.50,1423800,0
UU.L,20120217,608.50,609.50,600.00,608.50,1606100,0
UU.L,20120216,603.50,606.00,601.50,606.00,876600,0
UU.L,20120215,608.00,608.50,600.00,605.00,1197200,0
UU.L,20120214,595.00,608.50,595.00,605.00,2385700,0
UU.L,20120213,600.50,603.68,595.50,597.50,1350800,0
UU.L,20120210,597.00,598.62,592.89,596.50,1613700,0
UU.L,20120209,601.00,603.50,594.00,597.00,1658400,0
UU.L,20120208,609.00,609.00,596.00,601.00,2660400,0
UU.L,20120207,602.00,607.50,596.95,606.00,1712000,0
UU.L,20120206,610.00,612.00,598.50,601.00,1730500,0
UU.L,20120203,595.00,610.00,595.00,609.00,2689500,0
UU.L,20120202,612.00,613.14,592.50,594.50,3200000,0
UU.L,20120201,601.50,613.53,601.50,609.00,1804000,0
UU.L,20120131,601.50,605.32,597.00,602.00,2335000,0
UU.L,20120130,600.50,605.00,599.00,601.50,1457700,0
UU.L,20120127,604.50,605.00,599.50,601.50,2215900,0
UU.L,20120126,601.00,606.01,600.00,605.00,1506600,0
UU.L,20120125,600.00,603.00,598.00,601.00,1734800,0
UU.L,20120124,593.50,601.02,592.50,599.00,2600900,0
UU.L,20120123,600.00,600.50,592.00,594.00,2322300,0
UU.L,20120120,603.50,603.88,597.50,599.50,2666600,0
UU.L,20120119,610.50,610.50,598.00,600.50,2086800,0
UU.L,20120118,611.50,613.50,604.00,607.50,1218200,0
UU.L,20120117,615.00,615.00,608.00,610.50,2200400,0
UU.L,20120116,609.00,611.50,608.00,610.50,2005400,0
UU.L,20120113,616.50,616.50,607.50,610.00,2379300,0
UU.L,20120112,612.00,615.01,607.00,611.00,1959800,0
UU.L,20120111,614.50,615.00,606.50,609.50,1840500,0
UU.L,20120110,615.00,617.00,612.03,614.00,2943200,0
UU.L,20120109,615.50,619.50,609.00,612.00,1789400,0
UU.L,20120106,619.00,621.50,609.50,613.00,2072500,0
UU.L,20120105,621.50,625.28,617.00,618.50,3461100,0
UU.L,20120104,612.50,623.00,611.12,620.50,3987500,0
UU.L,20120103,616.00,621.05,606.00,611.50,3094400,0
UU.L,20111230,604.50,608.00,599.44,606.00,1157300,0
UU.L,20111229,601.00,606.00,594.50,604.50,1523200,0
UU.L,20111228,601.00,606.91,598.00,598.50,2007100,0
UU.L,20111223,590.50,597.50,588.50,597.50,479300,0
UU.L,20111222,588.00,591.50,583.50,589.00,2185500,0
UU.L,20111221,594.50,594.50,583.95,589.00,2288600,0
UU.L,20111220,590.00,592.50,588.00,591.00,2149700,0
UU.L,20111219,591.00,595.50,589.00,590.00,1733300,0
UU.L,20111216,592.50,601.17,590.00,592.00,3233800,0
UU.L,20111215,591.50,599.17,588.00,592.00,2182200,0
UU.L,20111214,590.00,600.67,587.00,591.00,4246000,0
UU.L,20111213,600.00,606.13,595.94,600.00,2958600,0
UU.L,20111212,602.00,606.00,597.50,599.00,1508900,0
UU.L,20111209,598.00,603.50,595.00,601.00,2418300,0
UU.L,20111208,601.00,604.00,597.50,599.50,4365300,0
UU.L,20111207,606.00,606.50,592.50,598.00,3112600,0
UU.L,20111206,609.50,614.50,600.00,602.00,2577500,0
UU.L,20111205,616.50,624.00,614.00,615.50,1494400,0
UU.L,20111202,627.00,632.00,611.00,613.00,2171800,0
UU.L,20111201,629.50,633.00,623.00,623.50,3181500,0
UU.L,20111130,610.50,631.50,606.50,629.00,4223800,0
UU.L,20111129,610.50,615.00,606.50,612.00,1437900,0
UU.L,20111128,604.00,615.17,600.50,610.00,2062200,0
UU.L,20111125,595.00,603.00,593.42,600.00,2278500,0
UU.L,20111124,606.50,604.00,595.50,598.00,2733000,0
UU.L,20111123,600.00,606.50,599.44,603.00,2507700,0
UU.L,20111122,605.50,617.00,607.35,610.00,1920500,0
UU.L,20111121,615.50,618.00,604.00,606.50,2064100,0
UU.L,20111118,628.50,630.95,615.95,618.50,2748500,0
UU.L,20111117,628.50,635.27,618.00,632.00,2087800,0
UU.L,20111116,635.50,644.79,629.00,632.00,2695300,0
UU.L,20111115,626.00,640.56,624.25,637.00,2123100,0
UU.L,20111114,632.50,635.59,626.50,629.00,1354300,0
UU.L,20111111,616.00,633.50,615.00,631.00,1798100,0
UU.L,20111110,610.50,621.00,608.00,617.00,1163000,0
UU.L,20111109,617.50,628.00,614.00,619.50,2217700,0
UU.L,20111108,624.50,625.00,612.00,614.50,1855400,0
UU.L,20111107,612.50,626.00,611.50,624.00,1618300,0
UU.L,20111104,620.00,623.00,615.20,616.50,1437800,0
UU.L,20111103,604.50,623.00,604.50,619.50,1904900,0
UU.L,20111102,596.00,614.00,594.50,611.00,3153400,0
UU.L,20111101,600.50,605.50,591.00,594.00,2810800,0
UU.L,20111031,607.00,617.23,606.50,606.50,2510200,0
UU.L,20111028,612.00,615.50,605.50,607.50,2200500,0
UU.L,20111027,623.00,625.00,605.00,610.50,4167600,0
UU.L,20111026,610.00,619.00,610.00,617.50,1460600,0
UU.L,20111025,613.50,619.50,609.00,613.00,1711100,0
UU.L,20111024,620.00,626.40,611.50,616.00,2173200,0
UU.L,20111021,612.50,621.00,610.00,619.50,1746600,0
UU.L,20111020,609.00,617.50,609.00,612.00,1602900,0
UU.L,20111019,606.50,616.00,606.00,612.50,2589400,0
UU.L,20111018,604.00,605.50,598.50,604.50,1054500,0
UU.L,20111017,607.50,609.00,602.50,605.00,1379000,0
UU.L,20111014,610.00,612.00,604.00,605.50,1224800,0
UU.L,20111013,608.50,609.50,598.00,608.50,1830700,0
UU.L,20111012,612.50,619.00,607.00,611.50,2520300,0
UU.L,20111011,617.50,621.00,613.62,618.50,1034600,0
UU.L,20111010,629.00,629.00,615.50,622.00,1544600,0
UU.L,20111007,617.50,626.00,617.50,624.50,1674300,0
UU.L,20111006,617.00,620.50,611.50,620.50,2244000,0
UU.L,20111005,624.00,631.50,606.50,614.00,2920600,0
UU.L,20111004,623.00,623.00,614.00,621.00,3278800,0
UU.L,20111003,615.00,628.56,613.00,625.50,2158100,0
UU.L,20110930,622.00,625.50,612.00,624.00,2728700,0
UU.L,20110929,614.50,623.00,610.00,620.00,1792700,0
UU.L,20110928,610.50,615.00,606.00,613.50,2405100,0
UU.L,20110927,610.50,614.50,604.00,612.50,1930800,0
UU.L,20110926,593.00,611.50,590.00,601.50,3501900,0
UU.L,20110923,608.00,608.00,583.00,599.00,3460400,0
UU.L,20110922,600.00,603.95,595.00,601.50,3540800,0
UU.L,20110921,613.50,615.50,606.50,610.00,2150600,0
UU.L,20110920,602.50,611.00,602.50,610.00,1999900,0
UU.L,20110919,599.00,602.56,592.00,601.00,1275300,0
UU.L,20110916,603.00,605.50,598.50,602.50,2895900,0
UU.L,20110915,598.00,604.00,596.00,600.00,2689800,0
UU.L,20110914,576.00,596.50,576.00,594.50,2158400,0
UU.L,20110913,590.00,590.00,576.50,584.00,3796300,0
UU.L,20110912,580.00,588.00,577.00,582.00,2194700,0
UU.L,20110909,594.50,602.50,589.00,592.00,2212700,0
UU.L,20110908,603.00,604.50,592.50,597.00,1786400,0
UU.L,20110907,595.50,603.50,594.50,601.50,1516500,0
UU.L,20110906,582.50,592.50,581.00,585.50,1367400,0
UU.L,20110905,585.00,592.53,582.50,583.50,2513700,0
UU.L,20110902,593.50,597.50,589.00,592.00,1391300,0
UU.L,20110901,600.50,604.00,594.50,597.00,2933200,0
UU.L,20110831,591.00,603.50,589.50,600.00,2076900,0
UU.L,20110830,589.50,601.50,585.50,591.50,1273900,0
UU.L,20110826,582.50,585.50,574.00,581.00,1685100,0
UU.L,20110825,589.50,595.00,575.50,580.00,2224900,0
UU.L,20110824,582.00,587.00,578.00,586.50,1630000,0
UU.L,20110823,585.00,586.00,572.00,579.50,2425900,0
UU.L,20110822,570.00,586.00,568.00,580.50,57200,0
UU.L,20110819,581.50,581.50,564.00,571.50,3337600,0
UU.L,20110818,589.50,596.29,576.00,580.00,2194700,0
UU.L,20110817,591.00,597.50,587.50,588.00,1555200,0
UU.L,20110816,593.50,596.50,586.00,592.50,2457200,0
UU.L,20110815,603.50,606.06,597.50,599.00,2095800,0
UU.L,20110812,587.00,602.00,577.00,601.50,2612200,0
UU.L,20110811,592.00,592.00,570.50,584.00,3679500,0
UU.L,20110810,576.00,584.50,570.00,572.00,4948900,0
UU.L,20110809,561.50,569.50,529.00,565.00,5151800,0
UU.L,20110808,567.00,581.50,559.00,560.00,3801200,0
UU.L,20110805,574.00,585.00,570.50,574.00,4275300,0
UU.L,20110804,604.00,607.00,588.50,588.50,3150000,0
UU.L,20110803,587.50,607.00,585.00,598.00,4133500,0
UU.L,20110802,581.50,595.50,581.50,591.00,3034600,0
UU.L,20110801,592.50,594.00,583.00,584.50,1913900,0
UU.L,20110729,590.00,592.00,585.50,588.50,2051300,0
UU.L,20110728,598.00,598.81,593.50,594.50,2243100,0
UU.L,20110727,599.50,603.50,596.00,601.00,2268500,0
UU.L,20110726,598.50,611.50,597.00,599.50,2425900,0
UU.L,20110725,585.00,598.85,585.00,598.00,2019500,0
UU.L,20110722,588.50,593.00,582.88,588.00,1694600,0
UU.L,20110721,586.50,587.50,578.50,584.00,1528300,0
UU.L,20110720,582.00,588.50,578.50,584.50,2442500,0
UU.L,20110719,584.00,584.00,576.50,579.50,2587200,0
UU.L,20110718,581.50,586.00,580.50,581.00,1373100,0
UU.L,20110715,584.00,589.50,583.00,584.50,1786700,0
UU.L,20110714,588.50,588.50,581.50,584.50,1644800,0
UU.L,20110713,584.00,590.00,579.00,589.50,1876600,0
UU.L,20110712,595.50,598.00,584.50,587.00,2907300,0
UU.L,20110711,605.50,615.00,598.50,600.00,2681000,0
UU.L,20110708,609.00,609.00,599.50,607.00,1985600,0
UU.L,20110707,606.00,608.00,603.00,606.50,1417000,0
UU.L,20110706,609.00,610.00,600.00,603.50,2092900,0
UU.L,20110705,613.00,616.00,609.50,609.50,3308000,0
UU.L,20110704,612.50,617.30,609.50,611.00,2722500,0
UU.L,20110701,600.00,610.50,599.50,610.50,2386300,0
UU.L,20110630,599.50,601.00,589.00,599.00,3416100,0
UU.L,20110629,593.50,599.50,592.00,598.50,3112300,0
UU.L,20110628,588.00,610.00,588.00,595.75,4741600,0
UU.L,20110627,566.00,596.60,565.90,587.50,5393200,0
UU.L,20110624,570.00,584.50,561.50,568.50,4173600,0
UU.L,20110623,572.00,587.00,368.00,564.50,3742900,0
UU.L,20110622,578.00,602.50,575.00,575.00,3352000,0
UU.L,20110621,603.50,607.50,591.00,595.50,3087600,0
UU.L,20110620,592.50,600.00,590.45,600.00,2456100,0
UU.L,20110617,593.00,599.50,590.50,596.00,3149000,0
UU.L,20110616,597.50,600.00,592.00,595.50,2412800,0
UU.L,20110615,605.50,609.00,598.50,598.50,2027400,0
UU.L,20110614,608.00,608.00,599.50,606.00,1439000,0
UU.L,20110613,598.50,607.00,597.00,604.50,1379500,0
UU.L,20110610,607.00,611.00,598.50,598.50,1507500,0
UU.L,20110609,598.00,609.50,598.00,606.50,1665400,0
UU.L,20110608,608.00,609.50,597.50,599.00,2682500,0
UU.L,20110607,601.00,610.50,601.00,608.00,2290200,0
UU.L,20110606,608.50,609.00,600.00,602.00,2412500,0
UU.L,20110603,616.50,617.00,604.00,610.00,1301900,0
UU.L,20110602,615.00,617.83,612.50,613.00,1331500,0
UU.L,20110601,622.50,624.50,617.50,618.00,1544700,0
UU.L,20110531,627.50,628.50,618.50,622.00,2132500,0
UU.L,20110527,625.00,631.00,623.00,624.00,2172200,0
UU.L,20110526,613.50,624.50,612.00,622.00,2528000,0
UU.L,20110525,614.50,619.00,610.50,617.00,1977500,0
UU.L,20110524,614.50,616.50,610.50,614.50,2301400,0
UU.L,20110523,622.00,624.59,611.34,613.00,2539100,0
UU.L,20110520,627.00,634.00,623.50,629.00,2503200,0
UU.L,20110519,620.00,628.00,617.00,626.50,2198500,0
UU.L,20110518,618.00,622.50,611.00,616.50,2176100,0
UU.L,20110517,621.50,625.00,615.50,617.00,2299400,0
UU.L,20110516,617.50,626.00,615.50,622.50,1896800,0
UU.L,20110513,626.00,633.00,620.00,622.00,2209400,0
UU.L,20110512,620.00,628.00,618.00,624.50,2695300,0
UU.L,20110511,623.00,625.50,617.50,623.50,2639700,0
UU.L,20110510,611.50,625.50,609.00,621.50,2410000,0
UU.L,20110509,621.50,624.00,610.50,613.00,2349400,0
UU.L,20110506,631.50,633.50,619.50,626.00,2256700,0
UU.L,20110505,631.00,634.50,625.74,631.50,1947700,0
UU.L,20110504,633.00,634.50,626.50,628.50,3360700,0
UU.L,20110503,623.00,631.50,622.50,631.00,2729800,0
UU.L,20110428,625.50,633.56,623.00,631.50,2497200,0
UU.L,20110427,621.50,625.00,617.50,622.50,1461900,0
UU.L,20110426,616.00,621.00,611.00,620.50,1871900,0
UU.L,20110421,623.00,623.00,610.00,616.50,1743500,0
UU.L,20110420,610.50,621.84,608.50,620.50,2070000,0
UU.L,20110419,608.00,612.50,605.76,607.00,1315100,0
UU.L,20110418,615.50,616.00,604.00,604.50,2253100,0
UU.L,20110415,608.00,619.50,608.00,614.50,2642000,0
UU.L,20110414,605.00,609.50,603.00,606.50,2589300,0
UU.L,20110413,604.00,611.00,599.00,607.00,3686600,0
UU.L,20110412,601.50,604.50,600.00,601.00,2181700,0
UU.L,20110411,596.50,605.50,595.50,602.00,1738500,0
UU.L,20110408,595.50,600.20,594.50,599.00,1612600,0
UU.L,20110407,589.00,595.50,587.50,591.00,1830100,0
UU.L,20110406,590.00,591.50,586.00,588.00,1961900,0
UU.L,20110405,600.50,602.50,577.75,589.50,3073100,0
UU.L,20110404,597.00,602.00,593.50,600.50,1122900,0
UU.L,20110401,595.00,600.00,591.50,598.50,1937200,0
UU.L,20110331,596.00,601.00,591.50,591.50,2613000,0
UU.L,20110330,592.50,599.50,589.50,597.50,2054500,0
UU.L,20110329,591.00,591.34,584.50,589.50,1380300,0
UU.L,20110328,586.00,591.69,585.00,588.50,1468300,0
UU.L,20110325,587.50,590.00,584.00,587.50,1401600,0
UU.L,20110324,573.00,586.50,572.00,584.50,4194700,0
UU.L,20110323,576.50,580.00,573.00,579.50,3400600,0
UU.L,20110322,575.50,581.50,575.50,580.50,3120500,0
UU.L,20110321,578.50,580.50,572.00,579.50,3093900,0
UU.L,20110318,564.50,568.50,563.00,568.50,3959200,0
UU.L,20110317,556.50,562.50,550.50,560.50,2608100,0
UU.L,20110316,567.50,570.00,550.50,551.00,3910500,0
UU.L,20110315,563.00,568.50,554.00,564.50,5079100,0
UU.L,20110314,577.50,582.00,571.00,571.00,3202700,0
UU.L,20110311,579.00,584.00,576.00,576.00,2518500,0
UU.L,20110310,581.00,587.50,580.00,581.00,2247700,0
UU.L,20110309,587.00,590.00,581.00,581.50,2098800,0
UU.L,20110308,584.50,590.00,583.50,588.00,1738400,0
UU.L,20110307,587.00,587.50,582.00,585.00,5644800,0
UU.L,20110304,593.50,598.00,586.00,589.00,3932500,0
UU.L,20110303,600.00,600.00,594.50,599.50,2373000,0
UU.L,20110302,590.00,601.00,586.00,592.00,4678000,0
UU.L,20110301,596.50,600.00,585.00,586.50,3379800,0
UU.L,20110228,588.00,595.50,587.00,592.00,12082400,0
UU.L,20110225,578.50,590.00,578.50,590.00,472059500,0
UU.L,20110224,585.50,589.50,578.50,581.00,4948300,0
UU.L,20110223,588.50,589.50,585.00,586.50,3389600,0
UU.L,20110222,588.00,591.50,583.00,586.50,4717100,0
UU.L,20110221,595.50,595.50,588.00,589.00,1828500,0
UU.L,20110218,592.50,598.00,585.50,594.50,2966800,0
UU.L,20110217,581.50,587.50,580.50,587.50,2452600,0
UU.L,20110216,573.00,584.50,571.00,583.00,2754200,0
UU.L,20110215,575.50,579.00,570.00,573.50,2294600,0
UU.L,20110214,571.50,577.50,570.00,577.50,1906000,0
UU.L,20110211,565.00,574.00,562.50,573.00,3424200,0
UU.L,20110210,572.00,573.00,559.50,565.00,2616100,0
UU.L,20110209,570.00,572.50,567.00,570.00,1685600,0
UU.L,20110208,574.00,577.00,567.00,568.00,2204100,0
UU.L,20110207,581.00,584.00,574.00,575.00,2239900,0
UU.L,20110204,561.00,583.00,560.00,579.00,6759000,0
UU.L,20110203,552.00,565.00,550.50,555.00,3946100,0
UU.L,20110202,557.00,559.00,547.50,550.00,1909900,0
UU.L,20110201,545.00,556.00,545.00,555.00,2315200,0
UU.L,20110131,544.50,551.50,540.50,543.50,2497000,0
UU.L,20110128,557.50,560.00,547.00,547.00,2721800,0
UU.L,20110127,557.00,561.00,551.50,556.50,2860400,0
UU.L,20110126,560.00,566.50,555.50,558.50,4150800,0
UU.L,20110125,555.00,558.50,551.00,555.50,1876800,0
UU.L,20110124,550.50,556.50,550.00,552.50,2332700,0
UU.L,20110121,559.50,560.00,549.00,550.00,4097600,0
UU.L,20110120,561.50,570.00,554.00,557.00,2753700,0
UU.L,20110119,572.00,572.00,561.00,562.00,2750800,0
UU.L,20110118,565.00,574.00,564.00,570.50,3157400,0
UU.L,20110117,562.50,566.00,558.00,563.00,2302000,0
UU.L,20110114,564.50,569.50,559.50,560.50,2923500,0
UU.L,20110113,580.00,581.50,563.00,564.50,3680000,0
UU.L,20110112,587.00,589.00,575.00,580.00,3190000,0
UU.L,20110111,595.00,595.00,587.50,588.50,1403900,0
UU.L,20110110,599.50,600.00,592.00,592.00,1890100,0
UU.L,20110107,600.00,602.00,596.50,599.50,3191500,0
UU.L,20110106,598.00,600.50,592.00,597.00,3260900,0
UU.L,20110105,596.50,597.50,591.00,595.00,1773500,0
UU.L,20110104,602.50,602.50,595.50,597.50,2768200,0
UU.L,20101231,601.00,601.00,590.00,592.00,481600,0
UU.L,20101230,603.00,604.00,598.00,599.50,708100,0
UU.L,20101229,602.00,604.50,597.50,601.00,862500,0
UU.L,20101224,604.50,604.50,597.00,601.50,107900,0
UU.L,20101223,598.50,606.50,596.50,603.50,1505300,0
UU.L,20101222,596.00,598.00,593.00,597.50,1816500,0
UU.L,20101221,589.50,593.50,585.50,592.00,2053000,0
UU.L,20101220,589.00,591.50,583.00,586.00,3197400,0
UU.L,20101217,595.00,596.50,583.00,581.97,4392800,0
UU.L,20101216,592.50,597.00,586.50,594.00,3517100,0
UU.L,20101215,588.50,592.00,574.50,590.00,3716200,0
UU.L,20101214,596.50,601.00,595.00,598.00,1751000,0
UU.L,20101213,597.00,598.00,589.50,597.50,1867200,0
UU.L,20101210,589.50,595.50,588.00,594.00,1022900,0
UU.L,20101209,593.00,593.50,587.50,589.00,2090600,0
UU.L,20101208,588.50,592.50,585.50,589.00,2825300,0
UU.L,20101207,593.00,596.50,589.00,591.00,2119100,0
UU.L,20101206,593.00,594.00,585.00,590.00,2273000,0
UU.L,20101203,593.00,595.50,587.00,590.50,2273300,0
UU.L,20101202,590.00,596.00,584.00,594.50,1935900,0
UU.L,20101201,600.50,602.00,587.00,589.50,3046600,0
UU.L,20101130,596.00,600.00,592.50,596.50,2918800,0
UU.L,20101129,608.00,613.50,595.50,596.00,1862000,0
UU.L,20101126,606.50,611.00,601.50,608.00,2707400,0
UU.L,20101125,610.50,612.50,604.50,609.50,2224400,0
UU.L,20101124,626.00,626.50,606.50,610.00,2873300,0
UU.L,20101123,630.00,630.00,617.50,617.50,2326500,0
UU.L,20101122,633.00,633.00,623.50,627.00,2232200,0
UU.L,20101119,625.00,628.50,620.50,628.00,1997200,0
UU.L,20101118,624.50,626.50,617.50,626.00,1848400,0
UU.L,20101117,617.00,625.50,615.50,623.00,1755000,0
UU.L,20101116,624.50,626.00,616.50,619.50,2320900,0
UU.L,20101115,627.00,630.00,623.00,627.00,1595400,0
UU.L,20101112,621.00,632.50,618.50,628.50,1841100,0
UU.L,20101111,625.00,634.50,617.00,624.50,2414800,0
UU.L,20101110,617.50,628.50,613.00,622.00,2436500,0
UU.L,20101109,615.50,622.00,615.50,620.00,1522300,0
UU.L,20101108,625.50,629.00,616.50,618.00,1462800,0
UU.L,20101105,626.00,632.00,622.00,628.00,1622800,0
UU.L,20101104,616.00,624.00,613.50,624.00,2254100,0
UU.L,20101103,619.00,622.00,608.00,611.50,2419700,0
UU.L,20101102,610.00,621.00,608.00,618.00,1882300,0
UU.L,20101101,614.50,616.50,604.00,612.00,1882800,0
UU.L,20101029,603.50,618.00,603.50,611.00,3094300,0
UU.L,20101028,600.00,610.00,599.50,603.50,1123700,0
UU.L,20101027,596.50,612.50,595.50,599.50,2979700,0
UU.L,20101026,601.50,607.00,596.00,598.50,1068500,0
UU.L,20101025,602.00,605.00,599.00,602.00,1881600,0
UU.L,20101022,601.00,605.00,599.00,601.00,1994900,0
UU.L,20101021,592.50,604.50,591.00,603.50,2455400,0
UU.L,20101020,591.00,592.00,586.50,592.00,1097700,0
UU.L,20101019,582.50,594.00,581.50,590.50,2107200,0
UU.L,20101018,579.00,587.00,579.00,584.50,1122600,0
UU.L,20101015,590.00,590.00,579.50,580.50,1787100,0
UU.L,20101014,589.50,595.50,584.50,585.00,2201200,0
UU.L,20101013,588.50,591.00,582.50,588.00,4047500,0
UU.L,20101012,580.00,587.50,572.00,586.50,2334100,0
UU.L,20101011,588.50,591.50,584.00,587.00,1533200,0
UU.L,20101008,586.00,589.50,583.00,587.00,1678400,0
UU.L,20101007,586.00,590.00,583.50,586.00,1702800,0
UU.L,20101006,583.50,585.50,579.50,583.50,2598100,0
UU.L,20101005,580.50,588.00,579.50,583.50,1967400,0
UU.L,20101004,575.50,583.00,570.00,578.00,1883600,0
UU.L,20101001,574.50,579.00,571.50,575.00,2641500,0
UU.L,20100930,572.00,579.50,569.50,573.00,3160800,0
UU.L,20100929,572.00,575.50,565.50,572.00,1649600,0
UU.L,20100928,570.00,577.50,562.00,571.50,2834400,0
UU.L,20100927,569.00,576.50,569.00,572.00,1694600,0
UU.L,20100924,574.00,574.50,562.00,571.00,2674900,0
UU.L,20100923,580.00,580.50,566.00,573.00,2004600,0
UU.L,20100922,580.00,580.00,571.00,573.50,2025600,0
UU.L,20100921,582.00,583.50,576.00,577.50,1730200,0
UU.L,20100920,571.00,583.50,569.00,583.50,2550100,0
UU.L,20100917,585.00,585.50,569.50,571.00,3268400,0
UU.L,20100916,587.50,587.50,575.00,579.50,2267900,0
UU.L,20100915,596.00,597.50,583.00,585.00,1944900,0
UU.L,20100914,596.50,599.00,591.00,595.00,1509400,0
UU.L,20100913,597.50,597.50,588.50,596.00,2412900,0
UU.L,20100910,593.00,597.50,589.00,596.00,1377700,0
UU.L,20100909,597.00,597.50,591.00,596.00,1752800,0
UU.L,20100908,592.50,600.00,588.50,598.00,2591800,0
UU.L,20100907,587.00,595.00,587.00,594.50,2589900,0
UU.L,20100906,587.50,590.00,585.00,587.00,1592200,0
UU.L,20100903,593.50,594.00,579.50,584.50,3074300,0
UU.L,20100902,579.50,589.00,575.00,587.50,2751500,0
UU.L,20100901,571.50,582.00,568.00,582.00,2893900,0
UU.L,20100831,566.00,570.50,559.00,570.50,3170900,0
UU.L,20100827,562.50,570.50,560.00,570.00,1476800,0
UU.L,20100826,568.00,568.00,560.00,563.00,1463000,0
UU.L,20100825,568.00,571.50,564.00,565.50,2284900,0
UU.L,20100824,564.50,620.00,550.50,564.50,2944200,0
UU.L,20100823,564.50,568.50,560.00,567.00,1759700,0
UU.L,20100820,570.50,574.00,559.50,563.50,3484000,0
UU.L,20100819,572.00,581.50,567.50,572.50,5593500,0
UU.L,20100818,588.00,594.00,587.00,589.50,979100,0
UU.L,20100817,591.00,595.00,584.00,590.50,1758300,0
UU.L,20100816,595.00,597.00,587.00,590.50,1054400,0
UU.L,20100813,596.50,598.00,587.50,593.00,1899800,0
UU.L,20100812,592.50,599.50,591.00,595.00,1886300,0
UU.L,20100811,601.50,604.00,591.00,592.00,1827500,0
UU.L,20100810,603.50,605.00,597.50,601.50,1657600,0
UU.L,20100809,600.00,605.50,599.50,602.50,2054300,0
UU.L,20100806,603.50,606.00,598.00,600.00,2545700,0
UU.L,20100805,599.00,606.00,597.00,601.00,2218300,0
UU.L,20100804,592.00,600.50,589.50,599.00,3618900,0
UU.L,20100803,591.00,594.00,565.00,593.00,2483100,0
UU.L,20100802,585.50,590.50,580.00,590.50,2837000,0
UU.L,20100730,563.00,594.00,560.00,585.00,9930700,0
UU.L,20100729,561.50,566.00,558.50,560.50,1947800,0
UU.L,20100728,566.50,570.00,560.00,562.00,1761000,0
UU.L,20100727,567.50,571.50,564.50,565.50,1924800,0
UU.L,20100726,570.00,571.00,561.50,566.50,1651300,0
UU.L,20100723,571.50,575.00,564.50,567.50,2460600,0
UU.L,20100722,557.50,566.00,556.50,564.00,1781500,0
UU.L,20100721,558.00,561.50,557.00,557.50,946600,0
UU.L,20100720,560.00,564.00,553.00,554.50,2074700,0
UU.L,20100719,554.00,564.00,553.00,558.50,2385800,0
UU.L,20100716,560.00,560.00,553.50,555.00,2572500,0
UU.L,20100715,551.50,560.00,551.50,558.00,2138000,0
UU.L,20100714,563.00,563.00,551.50,553.50,1929700,0
UU.L,20100713,557.50,562.00,553.00,560.00,3538000,0
UU.L,20100712,554.50,558.00,548.00,554.50,1456500,0
UU.L,20100709,550.00,557.00,543.00,555.00,3007700,0
UU.L,20100708,541.50,548.00,540.50,548.00,2695500,0
UU.L,20100707,525.50,538.50,522.00,538.50,2330900,0
UU.L,20100706,527.50,531.00,523.50,528.00,1481200,0
UU.L,20100705,530.00,530.00,521.50,526.00,1555800,0
UU.L,20100702,523.00,529.50,516.00,528.50,2414800,0
UU.L,20100701,520.50,525.50,518.50,522.00,2537000,0
UU.L,20100630,522.50,526.50,516.50,525.50,3442200,0
UU.L,20100629,525.00,526.00,519.00,520.00,2504900,0
UU.L,20100628,529.00,533.00,525.50,526.50,2366800,0
UU.L,20100625,524.50,534.50,521.50,528.00,3336800,0
UU.L,20100624,525.00,534.00,521.50,525.00,3870100,0
UU.L,20100623,520.00,524.50,518.50,521.50,4717900,0
UU.L,20100622,527.00,530.00,520.50,522.00,3953200,0
UU.L,20100621,543.00,543.00,528.00,529.50,4191600,0
UU.L,20100618,537.50,546.50,536.00,539.00,9753200,0
UU.L,20100617,539.50,542.00,535.50,535.50,5700800,0
UU.L,20100616,541.00,541.50,535.00,538.50,5593200,0
UU.L,20100615,565.00,566.00,553.00,559.50,5961500,0
UU.L,20100614,566.00,573.50,562.00,565.00,5858900,0
UU.L,20100611,571.00,571.00,557.50,560.00,3763800,0
UU.L,20100610,556.50,567.50,556.50,567.50,4939800,0
UU.L,20100609,556.50,560.00,550.00,559.50,4282700,0
UU.L,20100608,554.00,555.00,548.50,552.50,3362300,0
UU.L,20100607,550.00,554.00,546.50,552.50,1832800,0
UU.L,20100604,561.50,563.00,554.00,556.50,2178500,0
UU.L,20100603,562.00,564.50,556.00,561.50,2226500,0
UU.L,20100602,549.00,557.00,546.00,556.00,3073400,0
UU.L,20100601,539.00,552.00,536.00,552.00,3597500,0
UU.L,20100528,525.50,539.50,524.00,539.50,4111800,0
UU.L,20100527,526.50,530.00,517.50,524.50,5549500,0
UU.L,20100526,530.00,530.00,519.00,525.50,3893000,0
UU.L,20100525,525.50,533.50,522.00,528.50,3847900,0
UU.L,20100524,531.00,537.00,526.50,532.50,2530100,0
UU.L,20100521,526.50,537.50,519.50,530.00,4579100,0
UU.L,20100520,530.50,537.00,525.00,526.50,5377000,0
UU.L,20100519,535.00,546.00,533.50,534.50,3897700,0
UU.L,20100518,526.00,546.00,524.50,541.00,2893800,0
UU.L,20100517,518.00,528.00,518.00,524.00,2014000,0
UU.L,20100514,524.50,532.50,520.50,521.50,2844100,0
UU.L,20100513,528.50,530.00,524.00,528.50,1437200,0
UU.L,20100512,513.00,532.50,512.00,527.00,4258900,0
UU.L,20100511,518.00,524.00,511.50,514.50,2492000,0
UU.L,20100510,508.00,524.00,504.00,522.00,3798500,0
UU.L,20100507,518.00,523.00,501.00,507.00,4607300,0
UU.L,20100506,530.00,538.50,522.50,524.50,3383800,0
UU.L,20100505,537.50,542.50,534.00,535.50,3156800,0
UU.L,20100504,541.00,544.00,533.50,536.00,2619900,0
UU.L,20100430,541.00,542.00,534.50,537.00,1831400,0
UU.L,20100429,532.50,540.00,528.50,539.00,2298800,0
UU.L,20100428,540.50,543.00,530.50,532.50,2966500,0
UU.L,20100427,551.00,560.00,544.50,544.50,1943400,0
UU.L,20100426,554.00,557.50,549.00,552.50,1489000,0
UU.L,20100423,553.00,554.50,548.00,551.00,2249800,0
UU.L,20100422,559.00,563.50,552.00,554.00,1759800,0
UU.L,20100421,567.00,567.00,559.50,561.00,898600,0
UU.L,20100420,563.00,569.00,561.50,565.50,1447900,0
UU.L,20100419,563.50,571.50,562.00,563.50,1397700,0
UU.L,20100416,570.50,573.00,563.00,566.00,2590100,0
UU.L,20100415,570.00,575.00,566.50,572.50,1562400,0
UU.L,20100414,572.00,572.50,566.50,569.00,1794300,0
UU.L,20100413,571.00,573.50,567.00,569.00,1213700,0
UU.L,20100412,571.00,572.00,566.50,570.50,946100,0
UU.L,20100409,565.50,571.00,563.50,571.00,1082100,0
UU.L,20100408,564.50,568.00,560.00,562.00,1714400,0
UU.L,20100407,569.00,573.00,564.50,566.50,2137200,0
UU.L,20100406,566.50,571.00,564.00,569.00,1701000,0
UU.L,20100401,560.00,567.00,557.00,567.00,1673500,0
UU.L,20100331,566.50,567.50,556.50,559.00,2618300,0
UU.L,20100330,562.00,569.50,562.00,567.00,2120800,0
UU.L,20100329,555.00,563.00,551.50,562.00,2579400,0
UU.L,20100326,555.00,557.00,550.50,552.50,1571100,0
UU.L,20100325,542.50,559.00,542.50,557.00,3837900,0
UU.L,20100324,546.00,546.50,538.00,542.00,2119600,0
UU.L,20100323,553.00,555.00,545.00,545.50,2830300,0
UU.L,20100322,559.50,559.50,551.00,553.00,2112500,0
UU.L,20100319,560.00,561.50,557.00,559.50,3781300,0
UU.L,20100318,555.50,560.50,554.00,559.50,1718400,0
UU.L,20100317,555.50,557.50,550.00,556.00,1657300,0
UU.L,20100316,560.00,561.00,551.50,554.50,2011100,0
UU.L,20100315,557.00,563.50,555.00,557.50,1473300,0
UU.L,20100312,560.50,562.00,555.50,558.00,1401900,0
UU.L,20100311,555.00,562.00,555.00,560.00,1147300,0
UU.L,20100310,554.50,560.00,554.50,558.00,1785800,0
UU.L,20100309,554.50,556.50,553.00,555.50,1638200,0
UU.L,20100308,554.00,554.50,547.50,553.50,1952200,0
UU.L,20100305,562.00,562.50,547.50,551.50,2985400,0
UU.L,20100304,558.50,560.50,555.00,560.50,1438800,0
UU.L,20100303,556.50,561.50,555.00,560.50,2368800,0
UU.L,20100302,554.00,559.50,550.00,558.50,2282200,0
UU.L,20100301,547.50,554.00,544.00,552.50,2606200,0
UU.L,20100226,538.50,546.50,533.50,543.50,3463000,0
UU.L,20100225,532.50,539.50,530.00,533.00,2549200,0
UU.L,20100224,536.00,540.00,533.50,535.50,2167500,0
UU.L,20100223,541.50,545.50,536.00,537.00,1627700,0
UU.L,20100222,541.50,541.50,537.00,540.00,2006900,0
UU.L,20100219,534.50,542.00,533.50,540.50,3019700,0
UU.L,20100218,543.00,545.00,532.00,536.50,2943400,0
UU.L,20100217,545.00,546.50,540.50,543.00,2170300,0
UU.L,20100216,536.00,537.00,531.50,537.00,1358800,0
UU.L,20100215,539.50,539.50,532.50,533.50,1318300,0
UU.L,20100212,534.00,542.00,530.50,538.00,2750300,0
UU.L,20100211,532.50,535.00,524.00,531.00,2401300,0
UU.L,20100210,531.00,537.50,528.00,531.00,1919700,0
UU.L,20100209,527.50,531.00,525.50,528.50,1832700,0
UU.L,20100208,527.50,535.00,527.00,529.50,2610800,0
UU.L,20100205,526.50,534.00,522.50,526.50,3925200,0
UU.L,20100204,531.00,533.50,524.00,525.50,2040800,0
UU.L,20100203,541.50,541.50,530.00,531.00,4540900,0
UU.L,20100202,551.00,553.50,538.50,542.50,5348400,0
UU.L,20100201,539.50,562.50,539.50,551.50,8655200,0
UU.L,20100129,536.50,542.50,530.50,536.50,5927200,0
UU.L,20100128,535.50,539.00,529.00,534.00,7721900,0
UU.L,20100127,530.50,533.50,529.50,532.00,4309100,0
UU.L,20100126,525.50,536.00,521.00,532.50,4956700,0
UU.L,20100125,523.00,533.00,517.00,526.50,4667600,0
UU.L,20100122,525.00,535.50,522.00,523.00,6378300,0
UU.L,20100121,525.00,536.00,525.00,525.00,12622000,0
UU.L,20100120,503.00,516.50,501.00,508.50,6460500,0
UU.L,20100119,489.70,506.00,489.60,503.50,4880500,0
UU.L,20100118,490.80,495.30,490.00,490.90,3243700,0
UU.L,20100115,493.70,496.80,487.10,488.20,3773800,0
UU.L,20100114,491.70,495.40,491.00,493.00,2563400,0
UU.L,20100113,490.70,498.40,490.70,491.20,4356600,0
UU.L,20100112,495.00,496.70,487.60,493.00,2516100,0
UU.L,20100111,495.10,497.20,492.00,494.50,4882200,0
UU.L,20100108,489.90,496.00,487.30,496.00,3475000,0
UU.L,20100107,494.90,499.00,489.10,491.67,2973600,0
UU.L,20100106,495.60,498.70,490.80,496.50,2112500,0
UU.L,20100105,497.10,499.50,493.50,494.50,3067900,0
UU.L,20100104,500.00,505.00,491.70,496.30,4927200,0
UU.L,20091231,505.50,506.00,495.70,495.70,516400,0
UU.L,20091230,503.00,505.50,501.50,503.00,1709200,0
UU.L,20091229,495.00,503.50,495.00,497.86,6747300,0
UU.L,20091224,492.60,497.50,491.60,495.20,387400,0
UU.L,20091223,503.50,505.50,490.80,494.50,5981900,0
UU.L,20091222,505.00,506.00,501.00,502.50,1695200,0
UU.L,20091221,497.80,507.00,492.40,504.50,2107600,0
UU.L,20091218,496.50,506.00,494.20,494.40,6392800,0
UU.L,20091217,499.70,502.50,495.70,498.54,3727300,0
UU.L,20091216,503.50,507.00,501.00,502.50,3244300,0
UU.L,20091215,505.00,515.50,504.00,514.00,5009300,0
UU.L,20091214,503.50,505.50,500.50,503.50,2413100,0
UU.L,20091211,495.20,503.50,493.70,501.00,3022800,0
UU.L,20091210,493.20,493.90,486.40,493.50,4704900,0
UU.L,20091209,496.00,496.00,489.10,493.10,6902400,0
UU.L,20091208,500.50,502.50,491.30,495.40,5684900,0
UU.L,20091207,495.50,503.50,491.40,499.60,5219500,0
UU.L,20091204,492.00,498.10,490.00,495.30,5263900,0
UU.L,20091203,491.00,494.90,485.60,492.50,4168300,0
UU.L,20091202,483.00,490.00,479.00,488.80,4259100,0
UU.L,20091201,478.10,482.30,478.10,482.10,3839000,0
UU.L,20091130,479.50,481.00,475.10,478.54,5927000,0
UU.L,20091127,483.60,491.40,479.40,480.00,5309900,0
UU.L,20091126,486.50,498.50,484.20,485.80,11650800,0
UU.L,20091125,490.00,490.00,473.80,484.10,3990300,0
UU.L,20091124,477.50,487.70,474.50,486.00,4992300,0
UU.L,20091123,474.20,481.80,470.00,478.10,3932500,0
UU.L,20091120,475.00,478.40,470.70,474.30,3688900,0
UU.L,20091119,474.70,479.60,471.40,473.50,4093800,0
UU.L,20091118,471.80,477.30,467.40,477.00,5397900,0
UU.L,20091117,471.70,478.00,468.30,475.30,3292300,0
UU.L,20091116,476.90,476.90,467.60,471.50,3615300,0
UU.L,20091113,470.20,474.90,467.50,473.00,3958300,0
UU.L,20091112,461.10,478.00,457.40,471.90,6020900,0
UU.L,20091111,457.50,465.30,455.10,464.00,6788000,0
UU.L,20091110,449.80,457.20,447.40,456.00,5388600,0
UU.L,20091109,445.50,450.90,444.30,448.10,2190500,0
UU.L,20091106,443.50,446.50,439.30,443.90,3533800,0
UU.L,20091105,438.10,446.30,436.60,443.60,3353500,0
UU.L,20091104,436.60,440.20,434.00,439.60,2423300,0
UU.L,20091103,435.10,436.60,429.20,435.30,3530100,0
UU.L,20091102,439.00,442.40,435.00,437.30,2516600,0
UU.L,20091030,444.30,449.90,438.30,440.50,3580600,0
UU.L,20091029,441.60,445.90,437.40,442.80,3919000,0
UU.L,20091028,446.80,448.20,442.70,443.10,3859300,0
UU.L,20091027,441.50,450.80,436.30,445.70,4569800,0
UU.L,20091026,440.80,443.80,438.40,440.00,5156900,0
UU.L,20091023,441.20,444.00,439.30,439.30,2471900,0
UU.L,20091022,440.10,443.30,438.70,440.50,2965500,0
UU.L,20091021,440.80,445.90,437.80,442.40,2683900,0
UU.L,20091020,439.10,444.20,435.70,440.90,3321400,0
UU.L,20091019,437.00,439.50,429.00,437.90,4264400,0
UU.L,20091016,437.60,439.40,432.70,434.50,3917500,0
UU.L,20091015,440.00,442.20,434.10,437.30,4623600,0
UU.L,20091014,445.80,449.00,437.80,439.20,5393200,0
UU.L,20091013,449.00,455.60,444.20,444.70,5140900,0
UU.L,20091012,451.20,453.20,447.00,447.00,3644700,0
UU.L,20091009,451.00,454.00,449.20,451.00,2641500,0
UU.L,20091008,457.50,460.80,448.80,451.30,2264600,0
UU.L,20091007,452.30,457.50,447.70,455.00,4342600,0
UU.L,20091006,449.70,455.00,447.30,451.30,4410300,0
UU.L,20091005,447.40,450.50,442.20,448.00,2407900,0
UU.L,20091002,453.30,453.30,443.60,445.60,3752200,0
UU.L,20091001,458.00,461.80,452.30,453.00,4512200,0
UU.L,20090930,456.60,462.40,450.80,456.60,4243300,0
UU.L,20090929,458.30,458.30,451.60,454.70,1980400,0
UU.L,20090928,453.70,460.00,450.40,457.40,3631000,0
UU.L,20090925,454.70,455.90,447.00,453.80,5602600,0
UU.L,20090924,455.50,458.10,450.00,452.40,4593600,0
UU.L,20090923,455.00,461.10,452.30,455.20,3823400,0
UU.L,20090922,467.50,467.50,452.60,455.40,5494600,0
UU.L,20090921,469.60,470.50,460.20,465.50,3012200,0
UU.L,20090918,467.50,474.80,466.00,467.70,9921100,0
UU.L,20090917,470.10,472.00,466.30,471.26,3561900,0
UU.L,20090916,465.80,468.70,460.20,467.77,4243800,0
UU.L,20090915,459.20,467.30,458.40,462.77,2932400,0
UU.L,20090914,463.00,463.00,456.50,460.60,2327300,0
UU.L,20090911,467.10,467.50,460.10,463.00,3350500,0
UU.L,20090910,465.10,467.80,463.20,465.90,3915700,0
UU.L,20090909,456.00,464.60,451.50,463.87,3402600,0
UU.L,20090908,461.60,462.40,453.20,455.47,2991300,0
UU.L,20090907,460.00,462.70,454.10,462.50,2222700,0
UU.L,20090904,449.60,457.50,449.60,455.14,2300900,0
UU.L,20090903,453.00,455.90,449.60,451.10,1910100,0
UU.L,20090902,448.00,454.80,445.90,453.60,2446100,0
UU.L,20090901,453.00,457.00,446.70,451.57,2522800,0
UU.L,20090831,463.98,463.98,463.98,463.98,000,0
UU.L,20090828,467.00,467.40,452.70,463.98,5404400,0
UU.L,20090827,459.80,465.70,459.80,464.85,3941100,0
UU.L,20090826,462.30,464.80,460.20,463.63,2301300,0
UU.L,20090825,451.80,464.80,451.10,458.70,3444500,0
UU.L,20090824,453.20,454.30,447.10,452.60,2503200,0
UU.L,20090821,437.00,451.00,435.00,449.08,626500,0
UU.L,20090820,439.70,443.40,436.30,439.18,1490500,0
UU.L,20090819,432.00,439.20,429.30,437.50,734300,0
UU.L,20090818,434.30,437.40,429.10,432.00,908800,0
UU.L,20090817,443.10,443.10,432.00,433.00,1128700,0
UU.L,20090814,447.10,448.40,438.40,441.60,672600,0
UU.L,20090813,452.70,457.90,445.80,447.18,763300,0
UU.L,20090812,446.00,455.00,445.90,454.90,928100,0
UU.L,20090811,444.30,452.70,444.20,447.90,771900,0
UU.L,20090810,438.30,446.50,435.20,444.78,908800,0
UU.L,20090807,433.70,440.90,432.80,437.90,1581800,0
UU.L,20090806,451.20,452.10,434.50,435.28,1727900,0
UU.L,20090805,451.50,456.40,450.00,450.00,1418400,0
UU.L,20090804,450.90,453.50,446.40,450.00,1715800,0
UU.L,20090803,449.50,457.20,449.50,452.77,869900,0
UU.L,20090731,456.00,460.25,448.75,450.75,1166000,0
UU.L,20090730,465.50,467.00,455.00,461.27,836400,0
UU.L,20090729,461.50,469.50,459.50,460.46,818700,0
UU.L,20090728,468.25,468.25,458.25,460.40,834500,0
UU.L,20090727,476.00,477.75,461.50,473.78,810000,0
UU.L,20090724,486.25,491.25,473.75,476.25,1540000,0
UU.L,20090723,489.00,489.00,469.50,479.25,4770600,0
UU.L,20090722,495.25,508.00,495.25,502.50,779400,0
UU.L,20090721,500.00,504.00,493.75,499.21,1096700,0
UU.L,20090720,494.75,501.00,492.00,500.75,564500,0
UU.L,20090717,501.00,504.50,493.00,494.50,661000,0
UU.L,20090716,499.25,504.00,497.25,500.50,1273600,0
UU.L,20090715,492.75,502.00,491.25,501.75,633700,0
UU.L,20090714,493.00,494.50,488.50,491.25,773400,0
UU.L,20090713,485.00,491.00,483.00,490.75,432100,0
UU.L,20090710,472.75,487.75,472.75,484.23,756000,0
UU.L,20090709,475.75,479.75,467.00,475.25,389000,0
UU.L,20090708,475.00,484.00,472.00,473.75,855100,0
UU.L,20090707,491.00,492.00,476.25,477.25,577800,0
UU.L,20090706,490.75,494.50,481.00,490.00,799200,0
UU.L,20090703,492.25,495.25,488.75,490.00,387300,0
UU.L,20090702,498.50,505.50,492.75,493.00,640300,0
UU.L,20090701,498.25,503.50,495.75,500.60,1020700,0
UU.L,20090630,501.50,503.50,490.50,497.48,5069800,0
UU.L,20090629,503.00,510.50,503.00,508.60,3939600,0
UU.L,20090626,509.00,511.50,503.50,504.00,561700,0
UU.L,20090625,509.00,509.50,502.50,508.50,490100,0
UU.L,20090624,510.00,512.50,501.50,507.75,1312800,0
UU.L,20090623,503.00,515.00,503.00,510.18,2808700,0
UU.L,20090622,506.50,511.50,502.50,502.50,799100,0
UU.L,20090619,505.00,507.50,501.00,506.00,4579400,0
UU.L,20090618,505.00,509.50,500.00,502.25,2254300,0
UU.L,20090617,515.00,515.00,504.50,505.50,1130700,0
UU.L,20090616,536.50,542.00,532.50,538.00,1708100,0
UU.L,20090615,535.00,538.50,531.00,535.98,2590800,0
UU.L,20090612,539.50,545.00,535.00,537.50,880400,0
UU.L,20090611,537.50,542.00,532.50,540.00,1050900,0
UU.L,20090610,544.00,548.00,539.00,540.50,1464000,0
UU.L,20090609,532.50,539.50,529.00,539.00,1205900,0
UU.L,20090608,521.50,531.00,518.50,528.50,901200,0
UU.L,20090605,532.50,535.00,522.00,524.50,723600,0
UU.L,20090604,536.00,539.00,525.50,531.50,540700,0
UU.L,20090603,541.00,546.50,533.50,536.00,636200,0
UU.L,20090602,540.00,545.50,537.00,545.00,481000,0
UU.L,20090601,542.50,545.50,534.50,543.00,445400,0
UU.L,20090529,545.50,545.50,535.00,535.50,1276900,0
UU.L,20090528,538.50,546.50,528.00,538.50,1414700,0
UU.L,20090527,548.50,558.50,541.50,543.00,816800,0
UU.L,20090526,535.50,544.00,529.50,542.00,628000,0
UU.L,20090525,537.00,537.00,537.00,537.00,000,0
UU.L,20090522,537.50,543.50,533.50,537.00,812200,0
UU.L,20090521,543.00,545.00,532.50,534.50,377200,0
UU.L,20090520,555.00,566.50,541.00,546.00,674200,0
UU.L,20090519,551.50,558.00,545.50,557.00,321900,0
UU.L,20090518,540.00,554.00,537.00,548.50,941900,0
UU.L,20090515,550.50,552.00,539.50,544.00,587700,0
UU.L,20090514,545.50,553.50,535.00,548.50,1237300,0
UU.L,20090513,543.00,554.50,540.00,546.50,1125900,0
UU.L,20090512,538.50,544.00,535.00,541.00,1107200,0
UU.L,20090511,536.00,546.50,531.00,537.50,834300,0
UU.L,20090508,523.50,539.00,518.50,533.00,1379900,0
UU.L,20090507,515.50,527.50,510.00,518.00,1177500,0
UU.L,20090506,510.50,519.00,510.00,512.50,869600,0
UU.L,20090505,506.00,519.50,504.50,511.00,985900,0
UU.L,20090504,505.50,505.50,505.50,505.50,000,0
UU.L,20090501,500.00,516.00,499.00,505.50,435600,0
UU.L,20090430,508.00,516.00,505.50,508.50,1163000,0
UU.L,20090429,501.00,513.00,498.75,510.50,445700,0
UU.L,20090428,502.00,502.00,494.00,496.75,550700,0
UU.L,20090427,488.50,507.50,485.25,507.00,576400,0
UU.L,20090424,493.00,493.00,484.00,492.25,673900,0
UU.L,20090423,486.25,496.00,486.25,491.00,418900,0
UU.L,20090422,493.25,494.50,485.25,490.50,334800,0
UU.L,20090421,486.50,499.00,485.25,491.00,842600,0
UU.L,20090420,497.00,499.25,486.25,487.50,549200,0
UU.L,20090417,503.00,503.50,489.75,496.50,4326900,0
UU.L,20090416,496.50,498.50,485.50,498.50,3265100,0
UU.L,20090415,483.75,493.00,483.75,490.25,2545600,0
UU.L,20090414,482.00,498.75,482.00,488.25,3084100,0
UU.L,20090413,499.00,499.00,499.00,499.00,000,0
UU.L,20090410,499.00,499.00,499.00,499.00,000,0
UU.L,20090409,502.50,511.50,496.25,499.00,3423200,0
UU.L,20090408,494.00,498.50,488.00,493.50,3916600,0
UU.L,20090407,496.25,505.50,484.75,495.00,3344800,0
UU.L,20090406,493.50,501.50,490.00,493.00,2250500,0
UU.L,20090403,488.50,495.25,480.25,485.50,2628000,0
UU.L,20090402,484.25,490.75,478.75,485.50,3219400,0
UU.L,20090401,484.25,489.25,476.75,482.75,2149300,0
UU.L,20090331,469.25,485.75,465.75,483.50,4072500,0
UU.L,20090330,479.00,479.00,463.75,463.75,2872900,0
UU.L,20090327,498.50,501.50,480.75,481.25,2698100,0
UU.L,20090326,514.00,514.00,486.50,496.50,3530200,0
UU.L,20090325,507.00,514.50,504.00,510.50,2233200,0
UU.L,20090324,503.50,509.50,497.75,505.00,3648700,0
UU.L,20090323,499.00,500.00,484.00,496.75,2337900,0
UU.L,20090320,477.50,493.75,473.25,490.75,5871700,0
UU.L,20090319,494.75,495.75,477.00,480.00,4111200,0
UU.L,20090318,500.00,501.50,488.50,492.00,2635000,0
UU.L,20090317,492.00,501.00,488.75,498.00,3807900,0
UU.L,20090316,484.00,496.00,483.25,492.50,4242300,0
UU.L,20090313,471.75,479.25,467.75,478.00,3717000,0
UU.L,20090312,465.00,469.25,459.00,468.75,4251100,0
UU.L,20090311,471.50,478.00,459.00,463.25,3414500,0
UU.L,20090310,464.75,474.25,451.00,472.75,3903200,0
UU.L,20090309,470.00,470.00,450.00,463.75,4728100,0
UU.L,20090306,470.50,478.00,465.50,467.50,3135100,0
UU.L,20090305,466.00,482.50,463.00,472.25,4276800,0
UU.L,20090304,455.00,470.25,453.25,468.75,6554900,0
UU.L,20090303,483.25,483.25,466.50,468.75,6414200,0
UU.L,20090302,502.50,505.50,481.75,481.75,4837600,0
UU.L,20090227,510.50,511.00,498.50,507.50,2818600,0
UU.L,20090226,513.00,519.50,507.00,513.50,4041600,0
UU.L,20090225,518.00,519.00,505.00,509.00,4034000,0
UU.L,20090224,515.50,524.00,512.00,513.00,4368000,0
UU.L,20090223,529.50,537.50,516.50,517.00,3125200,0
UU.L,20090220,533.00,535.00,521.00,524.00,3670500,0
UU.L,20090219,534.00,541.50,531.00,538.00,3852100,0
UU.L,20090218,538.50,545.50,530.50,533.00,2848400,0
UU.L,20090217,545.50,547.00,533.50,538.50,2598900,0
UU.L,20090216,553.50,554.50,543.00,546.50,1531900,0
UU.L,20090213,562.00,571.50,553.00,555.50,1948400,0
UU.L,20090212,563.50,565.00,553.50,560.50,2555200,0
UU.L,20090211,569.00,571.00,557.50,563.00,2073500,0
UU.L,20090210,570.00,581.50,568.50,568.50,3361700,0
UU.L,20090209,564.00,577.00,559.00,572.50,2688000,0
UU.L,20090206,566.00,567.50,555.50,563.00,3755400,0
UU.L,20090205,556.50,566.00,553.50,563.00,2630600,0
UU.L,20090204,558.50,569.50,558.00,562.50,3439300,0
UU.L,20090203,541.50,557.50,535.50,555.00,3949200,0
UU.L,20090202,533.00,542.50,529.00,539.00,3281300,0
UU.L,20090130,552.50,559.00,536.50,541.00,6424800,0
UU.L,20090129,561.00,571.50,549.50,552.50,4505300,0
UU.L,20090128,578.50,580.00,559.50,564.00,5279400,0
UU.L,20090127,581.00,581.00,559.00,567.00,5663700,0
UU.L,20090126,573.00,588.00,567.50,583.00,3080100,0
UU.L,20090123,572.50,579.00,568.00,573.50,6240000,0
UU.L,20090122,588.50,588.50,566.50,575.50,3095100,0
UU.L,20090121,583.50,598.00,571.00,578.50,6240100,0
UU.L,20090120,582.50,592.50,575.50,586.50,3969500,0
UU.L,20090119,583.00,592.00,574.00,578.50,2189000,0
UU.L,20090116,582.00,584.50,571.50,572.50,2499000,0
UU.L,20090115,572.00,584.00,567.00,571.50,3901900,0
UU.L,20090114,596.50,596.50,569.00,575.00,4190600,0
UU.L,20090113,595.00,595.00,576.50,591.00,3176100,0
UU.L,20090112,601.00,605.50,589.50,594.50,1686100,0
UU.L,20090109,614.00,614.00,599.00,600.50,2955700,0
UU.L,20090108,598.50,615.00,594.00,609.50,3594100,0
UU.L,20090107,620.50,620.50,592.50,599.00,3268900,0
UU.L,20090106,629.00,629.00,609.00,622.50,5260200,0
UU.L,20090105,631.00,642.00,623.00,636.00,2016900,0
UU.L,20090102,617.00,630.00,614.00,622.50,1404000,0
UU.L,20090101,626.50,626.50,626.50,626.50,000,0
UU.L,20081231,607.00,629.50,607.00,626.50,921800,0
UU.L,20081230,608.00,612.00,599.00,612.00,1260200,0
UU.L,20081229,609.50,609.50,593.50,602.00,2003000,0
UU.L,20081226,609.50,609.50,609.50,609.50,000,0
UU.L,20081225,609.50,609.50,609.50,609.50,000,0
UU.L,20081224,585.50,609.50,585.50,609.50,337000,0
UU.L,20081223,593.00,604.00,590.00,593.50,2343800,0
UU.L,20081222,588.00,598.50,582.50,588.00,2147100,0
UU.L,20081219,598.00,607.50,581.50,592.50,4653300,0
UU.L,20081218,580.00,604.50,580.00,604.00,4768900,0
UU.L,20081217,601.00,601.00,572.50,583.50,12601900,0
UU.L,20081216,601.00,604.00,590.50,600.00,3629500,0
UU.L,20081215,598.00,604.50,586.00,595.00,3092100,0
UU.L,20081212,581.50,603.00,581.50,594.50,3449200,0
UU.L,20081211,585.00,607.00,580.50,602.00,4064200,0
UU.L,20081210,587.00,590.50,576.50,586.00,4777100,0
UU.L,20081209,585.00,596.00,577.50,586.50,3673700,0
UU.L,20081208,593.50,603.00,583.50,592.50,5183900,0
UU.L,20081205,578.50,586.00,570.00,572.50,4192300,0
UU.L,20081204,594.00,597.50,575.50,579.50,5108500,0
UU.L,20081203,577.00,595.50,575.50,591.50,3490300,0
UU.L,20081202,558.00,591.00,555.00,587.50,6191700,0
UU.L,20081201,600.50,611.00,566.50,569.00,5698300,0
UU.L,20081128,601.00,615.50,598.00,606.00,4816500,0
UU.L,20081127,621.00,624.00,598.00,605.00,4350000,0
UU.L,20081126,630.00,635.00,605.00,618.00,5973900,0
UU.L,20081125,633.00,662.00,633.00,644.00,6378400,0
UU.L,20081124,610.00,641.50,599.50,641.50,6915600,0
UU.L,20081121,632.00,637.50,594.50,598.50,11116000,0
UU.L,20081120,650.50,657.00,627.50,632.00,7278600,0
UU.L,20081119,681.00,688.50,663.50,663.50,4292400,0
UU.L,20081118,684.00,690.00,672.00,682.50,5394100,0
UU.L,20081117,687.00,694.00,679.00,682.00,4981100,0
UU.L,20081114,707.00,707.50,686.50,694.00,3908100,0
UU.L,20081113,678.00,695.50,678.00,685.00,5272900,0
UU.L,20081112,712.00,712.00,688.00,692.50,4928300,0
UU.L,20081111,707.50,716.50,701.00,701.00,4373600,0
UU.L,20081110,735.00,737.50,717.00,720.00,3875800,0
UU.L,20081107,699.50,724.50,694.50,716.50,4862400,0
UU.L,20081106,709.00,735.50,691.50,694.50,5597600,0
UU.L,20081105,718.50,729.50,709.00,723.00,4584400,0
UU.L,20081104,713.00,722.50,684.00,722.50,10694000,0
UU.L,20081103,704.00,719.00,697.50,719.00,3461300,0
UU.L,20081031,675.00,701.00,675.00,699.50,3699200,0
UU.L,20081030,674.50,698.50,661.50,685.50,5393100,0
UU.L,20081029,665.00,684.00,647.00,665.00,5001600,0
UU.L,20081028,638.50,646.00,610.50,640.00,4785900,0
UU.L,20081027,601.00,630.00,597.00,627.00,4736600,0
UU.L,20081024,631.00,639.00,602.50,624.00,6993100,0
UU.L,20081023,638.50,662.50,623.50,655.50,4910900,0
UU.L,20081022,675.50,693.00,637.50,639.00,7661700,0
UU.L,20081021,723.00,728.00,680.00,689.00,7194900,0
UU.L,20081020,668.00,723.00,657.00,710.00,8567800,0
UU.L,20081017,634.00,661.00,621.50,661.00,8655300,0
UU.L,20081016,610.50,642.00,592.00,615.50,5610100,0
UU.L,20081015,656.00,661.50,614.50,621.50,8957100,0
UU.L,20081014,611.00,668.50,611.00,656.00,6525700,0
UU.L,20081013,553.50,610.00,553.00,610.00,7695100,0
UU.L,20081010,537.00,570.50,505.00,547.50,6822400,0
UU.L,20081009,626.50,627.00,570.00,577.00,5565600,0
UU.L,20081008,630.50,657.00,612.00,624.00,5207000,0
UU.L,20081007,641.00,659.00,641.00,645.50,3658600,0
UU.L,20081006,676.00,679.50,638.00,638.00,2330500,0
UU.L,20081003,685.50,686.00,670.50,681.50,3248300,0
UU.L,20081002,690.00,696.50,684.50,685.00,5088700,0
UU.L,20081001,696.00,697.00,685.00,691.50,6512500,0
UU.L,20080930,672.50,695.00,661.00,695.00,8538300,0
UU.L,20080929,678.00,688.00,672.00,678.00,5180900,0
UU.L,20080926,679.00,690.00,674.00,683.50,2252600,0
UU.L,20080925,681.00,683.00,671.50,683.00,3210100,0
UU.L,20080924,684.50,692.00,679.00,679.00,4172400,0
UU.L,20080923,672.50,691.50,672.50,684.50,5111800,0
UU.L,20080922,706.50,706.50,690.50,694.00,4333700,0
UU.L,20080919,662.50,718.00,662.00,705.00,6624600,0
UU.L,20080918,680.00,697.50,671.00,697.00,11098100,0
UU.L,20080917,686.00,696.50,675.50,680.00,7255800,0
UU.L,20080916,683.00,709.50,682.50,688.50,12024900,0
UU.L,20080915,668.00,704.00,666.50,694.00,6562000,0
UU.L,20080912,679.50,688.50,677.50,688.50,3697700,0
UU.L,20080911,669.00,681.00,669.00,673.00,5097600,0
UU.L,20080910,675.50,676.50,661.50,670.50,4498200,0
UU.L,20080909,664.00,688.50,664.00,680.50,6450700,0
UU.L,20080908,677.00,677.00,659.00,667.50,2561700,0
UU.L,20080905,675.00,681.00,665.50,667.00,5195900,0
UU.L,20080904,693.50,700.50,678.50,678.50,3442000,0
UU.L,20080903,711.50,712.50,694.00,695.00,3996400,0
UU.L,20080902,707.50,712.00,703.00,710.50,3986800,0
UU.L,20080901,706.50,712.50,705.50,708.50,5638700,0
UU.L,20080829,715.00,721.50,708.00,715.00,5436500,0
UU.L,20080828,712.50,721.50,706.00,717.50,5868800,0
UU.L,20080827,724.00,730.00,719.50,721.00,4521700,0
UU.L,20080826,725.00,730.50,716.50,728.50,4782700,0
UU.L,20080825,732.50,732.50,732.50,732.50,000,0
UU.L,20080822,724.00,734.50,713.50,732.50,5074500,0
UU.L,20080821,709.50,735.50,708.50,722.50,4115300,0
UU.L,20080820,710.50,718.50,703.00,717.00,3734000,0
UU.L,20080819,706.00,719.50,706.00,709.50,5800500,0
UU.L,20080818,712.50,725.00,710.00,714.00,3607600,0
UU.L,20080815,719.00,725.00,709.50,717.00,4413800,0
UU.L,20080814,717.00,722.50,710.00,714.00,3588600,0
UU.L,20080813,710.00,728.00,710.00,715.00,6231800,0
UU.L,20080812,718.00,718.00,707.00,714.00,4779900,0
UU.L,20080811,688.50,717.00,688.50,715.00,3628400,0
UU.L,20080808,685.50,700.50,684.00,693.50,3795700,0
UU.L,20080807,689.50,692.50,678.50,689.50,6410800,0
UU.L,20080806,700.50,701.00,683.00,689.00,4298400,0
UU.L,20080805,698.50,698.50,687.00,697.00,3322200,0
UU.L,20080804,680.00,698.00,677.50,694.50,4756600,0
UU.L,20080801,691.00,693.50,676.00,680.50,4447900,0
UU.L,20080731,693.00,698.00,687.00,695.50,4288400,0
UU.L,20080730,705.00,707.50,687.50,691.50,3724900,0
