WTB.L,20120824,2108.00,2108.00,2088.00,2105.00,280400,0
WTB.L,20120823,2117.00,2117.28,2083.00,2096.00,376200,0
WTB.L,20120822,2122.00,2123.00,2102.00,2102.00,287700,0
WTB.L,20120821,2126.00,2135.40,2116.00,2132.00,273900,0
WTB.L,20120820,2137.00,2143.00,2111.18,2117.00,365700,0
WTB.L,20120817,2139.00,2145.00,2127.00,2129.00,221100,0
WTB.L,20120816,2147.00,2147.00,2122.00,2127.00,246100,0
WTB.L,20120815,2128.00,2145.00,2114.63,2140.00,229300,0
WTB.L,20120814,2117.00,2130.00,2112.00,2130.00,319900,0
WTB.L,20120810,2159.00,2187.00,2144.00,2150.00,516200,0
WTB.L,20120809,2165.00,2165.00,2145.00,2162.00,511600,0
WTB.L,20120808,2142.00,2156.00,2134.55,2156.00,386800,0
WTB.L,20120807,2150.00,2167.00,2134.00,2151.00,453800,0
WTB.L,20120806,2135.00,2158.00,2120.00,2143.00,459600,0
WTB.L,20120803,2081.00,2134.00,2067.00,2134.00,598100,0
WTB.L,20120802,2124.00,2124.00,2064.00,2067.00,928400,0
WTB.L,20120801,2121.00,2124.00,2086.00,2103.00,1117100,0
WTB.L,20120731,2174.00,2174.00,2136.00,2136.00,538100,0
WTB.L,20120727,2091.00,2138.00,2091.00,2136.00,382900,0
WTB.L,20120726,2058.00,2097.00,2047.20,2086.00,648700,0
WTB.L,20120725,2041.00,2050.00,2034.00,2049.00,328000,0
WTB.L,20120724,2060.00,2068.00,2040.72,2047.00,360500,0
WTB.L,20120723,2097.00,2097.00,2015.00,2050.00,646000,0
WTB.L,20120720,2125.00,2132.00,2106.00,2111.00,435700,0
WTB.L,20120719,2100.00,2130.00,2095.38,2128.00,256300,0
WTB.L,20120718,2073.00,2101.00,2073.00,2100.00,282800,0
WTB.L,20120717,2102.00,2102.00,2069.00,2072.00,425700,0
WTB.L,20120716,2094.00,2107.00,2074.00,2088.00,973400,0
WTB.L,20120713,2065.00,2092.00,2058.00,2088.00,326300,0
WTB.L,20120712,2070.00,2073.33,2051.00,2054.00,421700,0
WTB.L,20120711,2064.00,2089.00,2061.00,2080.00,680100,0
WTB.L,20120710,2054.00,2076.00,2020.00,2073.00,890700,0
WTB.L,20120709,2080.00,2084.00,2031.00,2038.00,766000,0
WTB.L,20120706,2070.00,2096.00,2070.00,2075.00,357000,0
WTB.L,20120705,2088.00,2098.00,2060.00,2091.00,951300,0
WTB.L,20120704,2073.00,2090.11,2071.00,2088.00,387500,0
WTB.L,20120703,2075.00,2088.00,2069.00,2084.00,484900,0
WTB.L,20120702,2014.00,2087.00,2014.00,2087.00,742600,0
WTB.L,20120629,2059.00,2059.00,2021.00,2028.00,465700,0
WTB.L,20120628,2028.00,2034.00,1998.00,2018.00,512400,0
WTB.L,20120627,2003.00,2033.00,1989.00,2033.00,493700,0
WTB.L,20120626,1983.00,1999.00,1969.00,1995.00,522400,0
WTB.L,20120625,1998.00,2008.00,1980.00,1986.00,627300,0
WTB.L,20120622,2035.00,2035.00,1990.00,1997.00,543200,0
WTB.L,20120621,2057.00,2064.00,2031.00,2040.00,1133300,0
WTB.L,20120620,1993.00,2059.00,1980.00,2059.00,1573800,0
WTB.L,20120619,1914.00,2007.00,1914.00,1967.00,2002400,0
WTB.L,20120618,1866.00,1866.00,1817.00,1849.00,539500,0
WTB.L,20120615,1831.00,1835.00,1816.00,1827.00,996800,0
WTB.L,20120614,1832.00,1834.00,1813.00,1824.00,675500,0
WTB.L,20120613,1864.00,1864.00,1815.00,1826.00,724400,0
WTB.L,20120612,1878.00,1895.00,1845.00,1849.00,686500,0
WTB.L,20120611,1925.00,1936.00,1883.00,1887.00,393300,0
WTB.L,20120608,1872.00,1888.00,1859.00,1886.00,379200,0
WTB.L,20120607,1856.00,1887.00,1848.00,1877.00,422600,0
WTB.L,20120606,1839.00,1858.00,1820.00,1843.00,1100600,0
WTB.L,20120601,1871.00,1881.75,1835.00,1840.00,945200,0
WTB.L,20120531,1851.00,1884.00,1848.00,1863.00,900800,0
WTB.L,20120530,1876.00,1889.00,1854.00,1858.00,522900,0
WTB.L,20120529,1861.00,1898.00,1861.00,1896.00,721600,0
WTB.L,20120528,1819.00,1869.00,1819.00,1860.00,418700,0
WTB.L,20120525,1815.00,1840.00,1803.00,1821.00,511100,0
WTB.L,20120524,1815.00,1829.40,1798.00,1821.00,398700,0
WTB.L,20120523,1827.00,1830.65,1801.00,1801.00,557000,0
WTB.L,20120522,1809.00,1850.33,1806.00,1848.00,703700,0
WTB.L,20120521,1780.00,1808.61,1771.00,1794.00,480000,0
WTB.L,20120518,1815.00,1817.00,1779.00,1786.00,1464900,0
WTB.L,20120517,1860.00,1860.00,1820.00,1833.00,627600,0
WTB.L,20120516,1813.00,1866.00,1811.00,1847.00,1171900,0
WTB.L,20120514,1929.00,1929.00,1872.00,1853.25,662900,0
WTB.L,20120511,1910.00,1940.00,1898.00,1903.34,5610900,0
WTB.L,20120510,1935.00,1941.89,1910.11,1889.59,575700,0
WTB.L,20120509,1937.00,1940.00,1902.11,1877.80,576100,0
WTB.L,20120508,1957.00,1970.00,1924.00,1890.57,911400,0
WTB.L,20120504,1998.00,2002.00,1955.00,1928.87,839300,0
WTB.L,20120503,1987.00,2008.00,1977.45,1970.12,1044500,0
WTB.L,20120502,1958.00,1979.00,1946.00,1937.71,822600,0
WTB.L,20120501,1932.00,1954.00,1927.00,1911.19,366200,0
WTB.L,20120430,1917.00,1948.00,1908.00,1892.53,968600,0
WTB.L,20120427,1906.00,1925.00,1896.00,1872.89,951900,0
WTB.L,20120426,1885.00,1921.19,1840.00,1886.64,1586000,0
WTB.L,20120425,1824.00,1826.00,1792.00,1776.65,580200,0
WTB.L,20120424,1809.00,1817.72,1793.00,1778.61,611900,0
WTB.L,20120423,1828.00,1828.00,1790.00,1767.81,498600,0
WTB.L,20120420,1835.00,1842.00,1825.00,1797.27,581400,0
WTB.L,20120419,1849.00,1860.92,1830.00,1802.18,628400,0
WTB.L,20120418,1870.00,1870.70,1833.00,1806.11,825200,0
WTB.L,20120417,1840.00,1874.00,1838.00,1838.52,702400,0
WTB.L,20120416,1819.00,1850.00,1815.00,1808.07,620000,0
WTB.L,20120413,1852.00,1852.00,1825.00,1794.32,671900,0
WTB.L,20120412,1815.00,1855.00,1808.85,1818.88,771000,0
WTB.L,20120411,1810.00,1822.00,1779.00,1776.65,1487600,0
WTB.L,20120410,1839.00,1848.00,1813.00,1782.54,785000,0
WTB.L,20120405,1846.00,1854.00,1836.00,1815.93,834700,0
WTB.L,20120404,1871.00,1874.00,1837.00,1812.00,1428100,0
WTB.L,20120403,1872.00,1881.00,1863.00,1836.55,1159700,0
WTB.L,20120402,1846.00,1870.02,1838.00,1832.63,999400,0
WTB.L,20120330,1840.00,1860.00,1839.00,1811.02,1000600,0
WTB.L,20120329,1850.00,1857.00,1829.11,1806.11,811500,0
WTB.L,20120328,1803.00,1889.00,1801.00,1815.93,2150300,0
WTB.L,20120327,1788.00,1818.00,1767.00,1777.63,1192500,0
WTB.L,20120326,1763.00,1790.00,1753.00,1747.18,683900,0
WTB.L,20120323,1755.00,1785.00,1748.11,1729.50,820500,0
WTB.L,20120322,1739.00,1757.00,1737.00,1716.74,773200,0
WTB.L,20120321,1735.00,1752.00,1729.00,1715.75,755400,0
WTB.L,20120320,1723.00,1744.00,1721.50,1699.06,732100,0
WTB.L,20120319,1717.00,1726.11,1698.11,1690.22,401100,0
WTB.L,20120316,1715.00,1734.00,1700.55,1683.34,675800,0
WTB.L,20120315,1727.00,1729.00,1695.00,1679.42,505600,0
WTB.L,20120314,1725.00,1740.00,1715.00,1687.27,447500,0
WTB.L,20120313,1700.00,1725.00,1697.00,1688.25,446300,0
WTB.L,20120312,1681.00,1698.05,1681.00,1660.76,242900,0
WTB.L,20120309,1675.00,1694.00,1661.00,1655.85,515200,0
WTB.L,20120308,1661.00,1675.00,1641.00,1639.15,512500,0
WTB.L,20120307,1637.00,1658.00,1637.00,1622.45,646900,0
WTB.L,20120306,1667.00,1669.00,1633.00,1607.72,542400,0
WTB.L,20120305,1666.00,1684.00,1660.00,1635.22,392400,0
WTB.L,20120302,1687.00,1687.00,1672.00,1642.10,667300,0
WTB.L,20120301,1691.00,1699.00,1678.00,1656.83,1429900,0
WTB.L,20120229,1701.00,1713.00,1693.00,1666.65,540400,0
WTB.L,20120228,1684.00,1709.17,1661.00,1678.43,1428600,0
WTB.L,20120227,1702.00,1720.00,1689.00,1689.24,536600,0
WTB.L,20120224,1709.00,1709.00,1696.00,1672.54,276100,0
WTB.L,20120223,1705.00,1709.00,1682.00,1671.56,614700,0
WTB.L,20120222,1712.00,1718.00,1694.00,1673.52,470500,0
WTB.L,20120221,1728.00,1730.00,1699.00,1675.49,487300,0
WTB.L,20120220,1732.00,1739.00,1715.00,1695.13,399400,0
WTB.L,20120217,1720.00,1735.00,1711.00,1695.13,327900,0
WTB.L,20120216,1712.00,1718.00,1696.00,1685.31,266700,0
WTB.L,20120215,1734.00,1739.00,1714.00,1689.24,297400,0
WTB.L,20120214,1707.00,1731.00,1705.00,1694.15,343300,0
WTB.L,20120213,1714.00,1722.00,1698.00,1683.34,501300,0
WTB.L,20120210,1704.00,1715.00,1691.00,1667.63,578700,0
WTB.L,20120209,1689.00,1719.00,1678.00,1674.51,534900,0
WTB.L,20120208,1702.00,1707.00,1674.00,1653.88,406700,0
WTB.L,20120207,1706.00,1707.00,1681.00,1665.67,426200,0
WTB.L,20120206,1711.00,1715.00,1700.00,1675.49,371000,0
WTB.L,20120203,1667.00,1719.00,1667.00,1685.31,461900,0
WTB.L,20120202,1673.00,1683.00,1663.00,1643.08,317700,0
WTB.L,20120201,1644.00,1684.00,1644.00,1634.24,640500,0
WTB.L,20120131,1647.00,1671.00,1634.00,1614.60,620300,0
WTB.L,20120130,1645.00,1661.57,1622.00,1614.60,627800,0
WTB.L,20120127,1688.00,1704.00,1668.00,1659.77,458700,0
WTB.L,20120126,1683.00,1697.00,1675.00,1660.76,338000,0
WTB.L,20120125,1670.00,1688.00,1665.17,1649.95,566400,0
WTB.L,20120124,1671.00,1677.00,1656.00,1632.27,358700,0
WTB.L,20120123,1671.00,1688.00,1654.00,1651.92,374500,0
WTB.L,20120120,1678.00,1681.00,1647.00,1633.26,625000,0
WTB.L,20120119,1635.00,1676.00,1629.11,1633.26,659800,0
WTB.L,20120118,1627.00,1640.00,1613.00,1599.86,628800,0
WTB.L,20120117,1639.00,1639.00,1617.00,1591.03,524400,0
WTB.L,20120116,1627.00,1631.00,1611.00,1587.10,507500,0
WTB.L,20120113,1653.00,1659.32,1622.00,1598.88,537600,0
WTB.L,20120112,1620.00,1661.00,1620.00,1608.70,500400,0
WTB.L,20120111,1637.00,1663.00,1622.00,1599.86,506100,0
WTB.L,20120110,1617.00,1651.00,1612.00,1615.58,648000,0
WTB.L,20120109,1597.00,1620.12,1593.11,1568.44,442000,0
WTB.L,20120106,1572.00,1620.00,1552.46,1560.58,581800,0
WTB.L,20120105,1576.00,1583.59,1564.39,1537.99,559000,0
WTB.L,20120104,1598.00,1605.00,1575.00,1550.76,341000,0
WTB.L,20120103,1592.00,1604.75,1568.00,1569.42,502800,0
WTB.L,20111230,1557.00,1564.00,1547.00,1536.03,99500,0
WTB.L,20111229,1543.00,1560.16,1537.00,1532.10,229400,0
WTB.L,20111228,1534.00,1560.00,1531.00,1516.38,209600,0
WTB.L,20111223,1531.00,1538.00,1522.00,1510.49,52200,0
WTB.L,20111222,1522.00,1544.00,1522.00,1496.74,278500,0
WTB.L,20111221,1560.00,1569.00,1516.00,1497.72,468300,0
WTB.L,20111220,1528.00,1560.00,1513.69,1523.26,725000,0
WTB.L,20111219,1534.00,1547.09,1524.00,1501.65,542000,0
WTB.L,20111216,1530.00,1563.00,1530.00,1510.49,693500,0
WTB.L,20111215,1516.00,1535.00,1509.00,1500.67,739300,0
WTB.L,20111214,1499.00,1531.00,1495.00,1481.03,1098700,0
WTB.L,20111213,1535.00,1559.00,1465.00,1486.92,1621900,0
WTB.L,20111212,1601.00,1604.34,1572.00,1547.81,416500,0
WTB.L,20111209,1579.00,1602.00,1574.00,1570.40,488100,0
WTB.L,20111208,1632.00,1639.00,1593.00,1564.51,426600,0
WTB.L,20111207,1635.00,1646.00,1602.00,1592.01,421000,0
WTB.L,20111206,1629.00,1657.00,1626.00,1596.92,429100,0
WTB.L,20111205,1650.00,1662.00,1639.00,1612.63,423200,0
WTB.L,20111202,1629.00,1648.00,1626.96,1612.63,440000,0
WTB.L,20111201,1653.00,1655.00,1615.00,1592.01,608900,0
WTB.L,20111130,1585.00,1654.00,1576.00,1614.60,616000,0
WTB.L,20111129,1584.00,1609.00,1575.00,1566.47,399400,0
WTB.L,20111128,1545.00,1586.00,1536.00,1550.76,654100,0
WTB.L,20111125,1508.00,1539.07,1493.00,1500.67,423000,0
WTB.L,20111124,1519.00,1532.89,1501.00,1481.03,577100,0
WTB.L,20111123,1520.00,1541.00,1511.00,1483.98,591100,0
WTB.L,20111122,1559.00,1575.00,1535.00,1507.55,303000,0
WTB.L,20111121,1573.00,1576.65,1548.00,1528.17,663200,0
WTB.L,20111118,1583.00,1596.00,1563.00,1552.72,466600,0
WTB.L,20111117,1647.00,1609.15,1593.33,1567.45,576300,0
WTB.L,20111116,1619.00,1647.00,1613.11,1606.74,1478500,0
WTB.L,20111115,1620.00,1641.00,1611.00,1589.06,403500,0
WTB.L,20111114,1654.00,1654.00,1624.00,1598.88,272500,0
WTB.L,20111111,1610.00,1650.00,1600.00,1615.58,479400,0
WTB.L,20111110,1590.00,1629.00,1585.00,1582.19,396200,0
WTB.L,20111109,1645.00,1655.00,1612.00,1591.03,421400,0
WTB.L,20111108,1642.00,1658.00,1632.00,1614.60,399200,0
WTB.L,20111107,1639.00,1656.00,1621.00,1616.56,340400,0
WTB.L,20111104,1683.00,1683.00,1638.00,1614.60,614500,0
WTB.L,20111103,1637.00,1682.00,1613.00,1644.06,586500,0
WTB.L,20111102,1652.00,1665.00,1637.00,1630.31,677800,0
WTB.L,20111101,1641.00,1645.00,1611.00,1605.76,971400,0
WTB.L,20111031,1698.00,1698.00,1657.00,1627.36,666900,0
WTB.L,20111028,1717.00,1725.55,1690.00,1667.63,375100,0
WTB.L,20111027,1713.00,1725.00,1696.00,1678.43,638500,0
WTB.L,20111026,1680.00,1696.00,1664.00,1644.06,403200,0
WTB.L,20111025,1682.00,1713.00,1681.00,1648.48,1052800,0
WTB.L,20111024,1679.00,1715.00,1670.55,1648.48,503400,0
WTB.L,20111021,1636.00,1677.00,1628.00,1624.18,468300,0
WTB.L,20111020,1623.00,1652.27,1607.00,1587.24,446000,0
WTB.L,20111019,1640.00,1654.00,1622.00,1581.41,584500,0
WTB.L,20111018,1669.00,1672.88,1609.00,1589.19,699400,0
WTB.L,20111017,1635.00,1640.75,1593.00,1581.41,1038400,0
WTB.L,20111014,1635.00,1644.26,1609.00,1569.75,605000,0
WTB.L,20111013,1643.00,1650.00,1618.00,1584.33,461000,0
WTB.L,20111012,1627.00,1678.00,1625.00,1612.52,490400,0
WTB.L,20111011,1627.00,1660.00,1620.00,1582.38,891900,0
WTB.L,20111010,1627.00,1637.00,1610.00,1576.55,634400,0
WTB.L,20111007,1621.00,1637.00,1588.00,1572.66,995900,0
WTB.L,20111006,1578.00,1635.00,1571.00,1589.19,544100,0
WTB.L,20111005,1586.00,1598.00,1562.00,1526.98,889600,0
WTB.L,20111004,1572.00,1576.00,1535.00,1513.37,673900,0
WTB.L,20111003,1561.00,1584.16,1536.00,1539.62,467800,0
WTB.L,20110930,1624.00,1624.00,1554.00,1539.62,603300,0
WTB.L,20110929,1617.00,1632.00,1609.00,1583.36,219800,0
WTB.L,20110928,1643.00,1650.00,1610.00,1576.55,291900,0
WTB.L,20110927,1631.00,1636.00,1616.00,1588.22,645100,0
WTB.L,20110926,1572.00,1644.00,1565.00,1555.17,618600,0
WTB.L,20110923,1603.00,1635.00,1557.00,1550.31,370900,0
WTB.L,20110922,1596.00,1612.00,1569.00,1551.28,583300,0
WTB.L,20110921,1661.00,1669.00,1636.00,1599.88,334300,0
WTB.L,20110920,1601.00,1678.00,1601.00,1614.46,582000,0
WTB.L,20110919,1629.00,1629.00,1601.00,1563.92,434600,0
WTB.L,20110916,1657.00,1657.00,1629.00,1595.02,749800,0
WTB.L,20110915,1609.00,1660.00,1609.00,1594.05,672200,0
WTB.L,20110914,1582.00,1624.00,1575.00,1561.97,1557100,0
WTB.L,20110913,1565.00,1593.00,1532.00,1545.45,824900,0
WTB.L,20110912,1536.00,1563.89,1529.00,1503.65,585900,0
WTB.L,20110909,1597.00,1610.00,1571.00,1529.90,466700,0
WTB.L,20110908,1602.00,1630.00,1585.00,1560.03,882900,0
WTB.L,20110907,1602.00,1618.00,1573.00,1564.89,786200,0
WTB.L,20110906,1520.00,1581.00,1510.00,1519.21,1575900,0
WTB.L,20110905,1478.00,1479.00,1446.00,1416.18,569300,0
WTB.L,20110902,1497.00,1508.00,1479.00,1452.14,341700,0
WTB.L,20110901,1512.00,1513.00,1477.00,1466.72,478900,0
WTB.L,20110831,1483.00,1524.00,1470.00,1463.80,629300,0
WTB.L,20110830,1455.00,1495.00,1455.00,1443.39,235400,0
WTB.L,20110826,1439.00,1453.00,1407.00,1403.54,546000,0
WTB.L,20110825,1451.00,1464.00,1425.00,1391.88,491300,0
WTB.L,20110824,1451.00,1465.00,1432.00,1400.62,775600,0
WTB.L,20110823,1475.00,1480.00,1424.00,1404.51,403500,0
WTB.L,20110822,1418.00,1469.00,1413.40,1413.26,167000,0
WTB.L,20110819,1438.00,1445.00,1383.00,1388.96,763400,0
WTB.L,20110818,1487.00,1496.00,1426.00,1404.51,824700,0
WTB.L,20110817,1481.00,1518.00,1466.00,1457.97,544500,0
WTB.L,20110816,1489.00,1500.00,1476.00,1443.39,635800,0
WTB.L,20110815,1490.00,1512.00,1473.00,1456.03,413300,0
WTB.L,20110812,1440.00,1481.00,1415.00,1439.50,997000,0
WTB.L,20110811,1460.00,1460.00,1383.00,1394.79,1755500,0
WTB.L,20110810,1479.00,1495.00,1417.00,1388.96,1191600,0
WTB.L,20110809,1414.00,1454.00,1344.00,1410.34,1156000,0
WTB.L,20110808,1457.00,1490.00,1402.00,1369.52,868500,0
WTB.L,20110805,1450.00,1500.00,1419.00,1417.15,1281600,0
WTB.L,20110804,1538.00,1542.00,1479.00,1443.39,830700,0
WTB.L,20110803,1514.00,1544.00,1498.40,1478.38,764900,0
WTB.L,20110802,1553.00,1562.00,1523.00,1484.21,1013500,0
WTB.L,20110801,1564.00,1610.00,1557.00,1517.26,820100,0
WTB.L,20110729,1543.00,1566.00,1537.00,1512.40,601500,0
WTB.L,20110728,1534.00,1561.00,1530.00,1513.37,614200,0
WTB.L,20110727,1552.00,1568.00,1543.00,1508.51,683600,0
WTB.L,20110726,1574.00,1578.00,1549.00,1519.21,419800,0
WTB.L,20110725,1572.00,1578.00,1556.00,1526.01,429400,0
WTB.L,20110722,1574.00,1596.00,1568.11,1536.70,393500,0
WTB.L,20110721,1548.00,1572.00,1528.00,1522.12,675200,0
WTB.L,20110720,1538.00,1556.00,1529.00,1503.65,565000,0
WTB.L,20110719,1534.00,1537.00,1515.00,1477.41,528400,0
WTB.L,20110718,1539.00,1546.00,1520.00,1479.35,657200,0
WTB.L,20110715,1539.00,1564.00,1529.00,1503.65,712000,0
WTB.L,20110714,1557.00,1567.85,1542.00,1499.77,1194200,0
WTB.L,20110713,1561.00,1583.00,1557.00,1523.09,782800,0
WTB.L,20110712,1575.00,1583.40,1528.00,1527.95,1099500,0
WTB.L,20110711,1619.00,1624.00,1586.00,1549.34,556300,0
WTB.L,20110708,1645.00,1651.00,1619.00,1575.58,494500,0
WTB.L,20110707,1643.00,1649.89,1635.00,1596.96,386200,0
WTB.L,20110706,1638.00,1645.00,1630.00,1592.10,502800,0
WTB.L,20110705,1645.00,1646.00,1628.00,1593.08,472900,0
WTB.L,20110704,1627.00,1647.00,1626.00,1595.99,363000,0
WTB.L,20110701,1622.00,1632.00,1610.00,1580.44,452600,0
WTB.L,20110630,1622.00,1630.00,1611.00,1569.75,926500,0
WTB.L,20110629,1598.00,1624.00,1593.11,1577.52,1265500,0
WTB.L,20110628,1581.00,1600.00,1569.00,1549.82,743100,0
WTB.L,20110627,1573.00,1588.70,1567.00,1528.93,439100,0
WTB.L,20110624,1575.00,1605.00,1570.30,1528.93,855600,0
WTB.L,20110623,1564.00,1571.00,1549.00,1520.18,939100,0
WTB.L,20110622,1586.00,1586.00,1566.00,1527.95,950700,0
WTB.L,20110621,1536.00,1591.00,1526.00,1542.53,2450200,0
WTB.L,20110620,1518.00,1521.00,1483.00,1443.39,1310800,0
WTB.L,20110617,1508.00,1533.00,1489.00,1484.21,1001200,0
WTB.L,20110616,1531.00,1536.00,1495.00,1467.69,1025400,0
WTB.L,20110615,1524.00,1555.00,1524.00,1492.96,1220200,0
WTB.L,20110614,1519.00,1535.00,1510.22,1484.21,541600,0
WTB.L,20110613,1510.00,1521.00,1504.12,1468.66,504500,0
WTB.L,20110610,1541.00,1550.00,1506.00,1467.69,734200,0
WTB.L,20110609,1522.00,1546.00,1522.00,1501.71,1094100,0
WTB.L,20110608,1548.00,1551.00,1517.00,1483.24,983900,0
WTB.L,20110607,1566.00,1576.00,1548.00,1513.86,1322700,0
WTB.L,20110606,1577.00,1589.00,1570.00,1536.70,595400,0
WTB.L,20110603,1587.00,1592.00,1563.00,1539.62,575700,0
WTB.L,20110602,1572.00,1604.00,1561.00,1537.67,1077100,0
WTB.L,20110601,1631.00,1639.00,1569.00,1542.53,2861100,0
WTB.L,20110531,1634.00,1662.00,1630.00,1585.30,1133900,0
WTB.L,20110527,1632.00,1644.00,1615.00,1578.50,750100,0
WTB.L,20110526,1646.00,1657.00,1617.00,1574.61,1497100,0
WTB.L,20110525,1648.00,1658.00,1642.00,1602.80,574000,0
WTB.L,20110524,1672.00,1756.82,1651.00,1610.57,895300,0
WTB.L,20110523,1698.00,1698.00,1664.00,1629.04,1006000,0
WTB.L,20110520,1715.00,1725.00,1702.00,1666.95,959400,0
WTB.L,20110519,1691.00,1714.00,1668.00,1664.03,2032400,0
WTB.L,20110518,1666.00,1713.00,1661.00,1634.87,1551200,0
WTB.L,20110517,1639.00,1664.02,1630.00,1605.46,869300,0
WTB.L,20110516,1659.00,1680.00,1642.00,1599.88,651500,0
WTB.L,20110513,1638.00,1693.00,1638.00,1621.26,1387100,0
WTB.L,20110512,1607.00,1642.00,1596.00,1587.24,1117100,0
WTB.L,20110511,1636.00,1644.00,1612.00,1568.78,1119600,0
WTB.L,20110510,1650.00,1669.91,1644.00,1579.23,1134600,0
WTB.L,20110509,1634.00,1651.00,1623.00,1566.84,870800,0
WTB.L,20110506,1664.00,1664.00,1545.68,1563.99,1047300,0
WTB.L,20110505,1683.00,1683.00,1647.75,1583.04,1113800,0
WTB.L,20110504,1659.00,1683.00,1653.00,1597.32,1188600,0
WTB.L,20110503,1675.00,1694.00,1654.00,1586.85,839800,0
WTB.L,20110428,1699.00,1699.00,1633.00,1600.18,2381700,0
WTB.L,20110427,1709.00,1748.00,1709.00,1654.47,886600,0
WTB.L,20110426,1699.00,1716.00,1687.00,1633.52,613500,0
WTB.L,20110421,1708.00,1713.00,1672.00,1612.56,662000,0
WTB.L,20110420,1660.00,1707.00,1660.00,1625.90,877800,0
WTB.L,20110419,1658.00,1672.00,1646.00,1581.13,400700,0
WTB.L,20110418,1683.00,1683.00,1637.00,1570.65,499400,0
WTB.L,20110415,1683.00,1699.00,1667.00,1595.42,585900,0
WTB.L,20110414,1668.00,1687.00,1664.00,1604.94,503500,0
WTB.L,20110413,1664.00,1675.00,1655.00,1593.51,703500,0
WTB.L,20110412,1640.00,1665.00,1637.00,1583.99,517300,0
WTB.L,20110411,1645.00,1665.96,1626.00,1567.80,951800,0
WTB.L,20110408,1672.00,1689.00,1648.00,1574.46,874200,0
WTB.L,20110407,1681.00,1692.00,1668.00,1588.75,1022900,0
WTB.L,20110406,1686.00,1686.00,1674.00,1601.13,631400,0
WTB.L,20110405,1674.00,1678.00,1665.00,1596.37,412800,0
WTB.L,20110404,1662.00,1679.00,1654.00,1591.61,653300,0
WTB.L,20110401,1660.00,1679.00,1646.00,1583.99,514700,0
WTB.L,20110331,1667.00,1700.55,1650.00,1571.61,1011900,0
WTB.L,20110330,1677.00,1679.00,1658.00,1583.04,678800,0
WTB.L,20110329,1671.00,1699.66,1651.00,1588.75,468800,0
WTB.L,20110328,1688.00,1707.00,1662.00,1583.99,517600,0
WTB.L,20110325,1691.00,1697.00,1668.00,1603.04,339800,0
WTB.L,20110324,1629.00,1687.00,1629.00,1603.04,525100,0
WTB.L,20110323,1633.00,1644.00,1617.00,1554.46,556200,0
WTB.L,20110322,1655.00,1660.00,1640.00,1565.89,591000,0
WTB.L,20110321,1639.00,1657.00,1629.00,1572.56,576300,0
WTB.L,20110318,1623.00,1637.00,1608.00,1543.98,717800,0
WTB.L,20110317,1591.00,1624.00,1567.00,1543.98,526500,0
WTB.L,20110316,1608.00,1620.00,1581.00,1505.88,526700,0
WTB.L,20110315,1589.00,1617.00,1559.00,1529.70,686700,0
WTB.L,20110314,1650.00,1650.00,1616.00,1539.22,550900,0
WTB.L,20110311,1652.00,1661.00,1636.00,1572.56,484700,0
WTB.L,20110310,1660.00,1679.00,1656.00,1583.99,244500,0
WTB.L,20110309,1699.00,1721.00,1670.00,1591.61,742100,0
WTB.L,20110308,1663.00,1698.00,1661.00,1613.52,677900,0
WTB.L,20110307,1679.00,1693.00,1662.00,1583.04,398900,0
WTB.L,20110304,1687.00,1723.00,1677.00,1599.23,1062800,0
WTB.L,20110303,1647.00,1716.00,1647.00,1626.85,2105200,0
WTB.L,20110302,1700.00,1725.00,1635.00,1565.89,2073000,0
WTB.L,20110301,1794.00,1802.00,1724.00,1651.61,1185200,0
WTB.L,20110228,1795.00,1800.00,1761.00,1697.33,671100,0
WTB.L,20110225,1768.00,1800.00,1758.00,1714.48,1799200,0
WTB.L,20110224,1772.00,1780.00,1748.30,1665.90,1965500,0
WTB.L,20110223,1823.00,1825.00,1771.00,1695.43,1181800,0
WTB.L,20110222,1821.00,1836.00,1809.00,1739.24,851400,0
WTB.L,20110221,1837.00,1860.00,1833.00,1746.86,641900,0
WTB.L,20110218,1840.00,1855.00,1837.00,1755.44,291100,0
WTB.L,20110217,1858.00,1864.00,1839.00,1751.63,509800,0
WTB.L,20110216,1831.00,1867.00,1831.00,1771.63,309600,0
WTB.L,20110215,1830.00,1871.00,1825.00,1774.49,611500,0
WTB.L,20110214,1832.00,1848.00,1827.00,1748.77,592200,0
WTB.L,20110211,1839.00,1874.00,1832.00,1753.53,585700,0
WTB.L,20110210,1830.00,1844.00,1829.00,1749.72,754400,0
WTB.L,20110209,1800.00,1851.00,1800.00,1748.77,1084900,0
WTB.L,20110208,1767.00,1805.00,1758.00,1707.81,589700,0
WTB.L,20110207,1761.00,1774.00,1749.00,1688.76,235900,0
WTB.L,20110204,1752.00,1770.00,1751.00,1675.43,507500,0
WTB.L,20110203,1760.00,1761.00,1740.00,1668.76,284800,0
WTB.L,20110202,1750.00,1769.00,1750.00,1675.43,695700,0
WTB.L,20110201,1741.00,1754.00,1727.00,1666.85,407200,0
WTB.L,20110131,1741.00,1745.00,1722.00,1652.57,556100,0
WTB.L,20110128,1795.00,1797.00,1751.00,1667.81,523200,0
WTB.L,20110127,1780.00,1808.00,1775.00,1709.72,535100,0
WTB.L,20110126,1784.00,1802.00,1780.00,1700.19,310200,0
WTB.L,20110125,1783.00,1786.00,1756.00,1693.52,773600,0
WTB.L,20110124,1764.00,1775.00,1736.00,1688.76,811000,0
WTB.L,20110121,1742.00,1747.00,1716.00,1638.28,497400,0
WTB.L,20110120,1782.00,1789.00,1725.00,1651.61,782800,0
WTB.L,20110119,1835.00,1835.00,1784.00,1699.24,460700,0
WTB.L,20110118,1819.00,1840.00,1818.00,1739.24,367500,0
WTB.L,20110117,1832.00,1840.00,1818.00,1731.62,296100,0
WTB.L,20110114,1859.00,1859.00,1830.00,1743.05,434800,0
WTB.L,20110113,1879.00,1887.00,1852.00,1767.82,341800,0
WTB.L,20110112,1875.00,1884.00,1871.00,1794.49,529500,0
WTB.L,20110111,1877.00,1883.00,1868.00,1786.87,294600,0
WTB.L,20110110,1887.00,1889.00,1862.00,1779.25,564800,0
WTB.L,20110107,1858.00,1899.00,1847.00,1797.35,670700,0
WTB.L,20110106,1828.00,1863.00,1823.00,1767.82,506600,0
WTB.L,20110105,1822.00,1839.00,1812.00,1744.96,384100,0
WTB.L,20110104,1755.00,1835.00,1730.00,1739.24,526000,0
WTB.L,20101231,1824.00,1824.00,1790.00,1704.95,128000,0
WTB.L,20101230,1819.00,1831.00,1809.00,1727.81,126700,0
WTB.L,20101229,1828.00,1833.00,1810.00,1731.62,148400,0
WTB.L,20101224,1815.00,1825.00,1812.00,1738.29,37900,0
WTB.L,20101223,1824.00,1824.00,1808.00,1727.81,240000,0
WTB.L,20101222,1810.00,1825.00,1803.00,1734.48,262100,0
WTB.L,20101221,1802.00,1823.00,1798.00,1727.81,253500,0
WTB.L,20101220,1810.00,1814.00,1788.00,1715.43,386200,0
WTB.L,20101217,1800.00,1812.00,1793.00,1719.24,562600,0
WTB.L,20101216,1781.00,1807.00,1779.00,1714.48,635900,0
WTB.L,20101215,1739.00,1784.00,1736.00,1689.71,1152800,0
WTB.L,20101214,1805.00,1805.00,1732.00,1657.33,1132800,0
WTB.L,20101213,1767.00,1795.00,1766.00,1704.95,773500,0
WTB.L,20101210,1778.00,1787.00,1756.00,1679.24,345200,0
WTB.L,20101209,1807.00,1814.00,1760.00,1684.95,546200,0
WTB.L,20101208,1814.00,1830.00,1805.00,1725.91,672200,0
WTB.L,20101207,1788.00,1807.00,1784.00,1719.24,734800,0
WTB.L,20101206,1784.00,1797.00,1772.00,1699.24,276200,0
WTB.L,20101203,1795.00,1797.00,1745.00,1697.33,478300,0
WTB.L,20101202,1725.00,1794.00,1723.00,1705.91,900100,0
WTB.L,20101201,1707.00,1725.00,1690.00,1639.23,447600,0
WTB.L,20101130,1698.00,1705.00,1682.00,1608.75,587300,0
WTB.L,20101129,1749.00,1749.00,1696.00,1616.37,491400,0
WTB.L,20101126,1745.00,1746.00,1718.00,1660.19,324700,0
WTB.L,20101125,1701.00,1751.00,1701.00,1666.85,563200,0
WTB.L,20101124,1686.00,1700.00,1669.00,1618.28,1164100,0
WTB.L,20101123,1701.00,1714.00,1677.00,1597.32,541500,0
WTB.L,20101122,1728.00,1730.00,1694.00,1623.99,253300,0
WTB.L,20101119,1714.00,1716.00,1695.00,1627.80,372600,0
WTB.L,20101118,1701.00,1726.00,1701.00,1633.52,449400,0
WTB.L,20101117,1686.00,1695.00,1667.00,1610.66,769200,0
WTB.L,20101116,1731.00,1731.00,1685.00,1610.66,869400,0
WTB.L,20101115,1742.00,1745.00,1729.00,1651.61,681800,0
WTB.L,20101112,1750.00,1770.00,1729.00,1662.09,920800,0
WTB.L,20101111,1777.00,1785.00,1754.00,1678.28,418000,0
WTB.L,20101110,1791.00,1797.00,1768.00,1684.95,547700,0
WTB.L,20101109,1786.00,1807.00,1781.00,1709.10,1233600,0
WTB.L,20101108,1789.00,1798.00,1776.00,1704.00,590300,0
WTB.L,20101105,1762.00,1789.00,1760.00,1704.00,855300,0
WTB.L,20101104,1739.00,1769.00,1731.00,1683.05,930500,0
WTB.L,20101103,1734.00,1738.00,1724.00,1647.80,759900,0
WTB.L,20101102,1700.00,1731.00,1700.00,1643.99,556700,0
WTB.L,20101101,1702.00,1715.00,1690.00,1626.85,499300,0
WTB.L,20101029,1696.00,1710.00,1679.00,1613.52,631300,0
WTB.L,20101028,1689.00,1717.00,1689.00,1614.47,410200,0
WTB.L,20101027,1704.00,1712.00,1675.00,1605.90,644200,0
WTB.L,20101026,1727.00,1730.00,1709.00,1636.14,936500,0
WTB.L,20101025,1738.00,1753.00,1708.00,1636.14,977800,0
WTB.L,20101022,1730.00,1739.00,1721.00,1639.92,669600,0
WTB.L,20101021,1729.00,1744.00,1712.00,1638.03,1065000,0
WTB.L,20101020,1715.00,1732.00,1693.00,1636.14,806500,0
WTB.L,20101019,1706.00,1730.00,1686.00,1635.19,928800,0
WTB.L,20101018,1678.00,1704.00,1676.00,1602.07,646600,0
WTB.L,20101015,1693.00,1693.00,1663.00,1596.39,1041200,0
WTB.L,20101014,1689.00,1695.00,1661.00,1586.93,379200,0
WTB.L,20101013,1675.00,1686.00,1671.00,1588.82,458900,0
WTB.L,20101012,1680.00,1680.00,1650.00,1584.09,738100,0
WTB.L,20101011,1673.00,1697.00,1670.00,1593.55,504600,0
WTB.L,20101008,1650.00,1665.00,1643.00,1568.95,519300,0
WTB.L,20101007,1668.00,1677.00,1651.00,1567.06,621100,0
WTB.L,20101006,1651.00,1680.00,1651.00,1581.25,624400,0
WTB.L,20101005,1619.00,1651.00,1614.00,1558.54,493300,0
WTB.L,20101004,1620.00,1624.00,1606.00,1527.31,390700,0
WTB.L,20101001,1635.00,1645.00,1620.00,1536.78,472900,0
WTB.L,20100930,1632.00,1653.00,1613.00,1536.78,766300,0
WTB.L,20100929,1624.00,1642.00,1617.00,1544.35,519600,0
WTB.L,20100928,1630.00,1634.00,1606.00,1537.72,460000,0
WTB.L,20100927,1630.00,1650.00,1624.00,1540.56,567800,0
WTB.L,20100924,1591.00,1629.00,1587.00,1534.88,533300,0
WTB.L,20100923,1611.00,1614.00,1566.00,1508.39,444400,0
WTB.L,20100922,1615.00,1615.00,1565.00,1507.44,771500,0
WTB.L,20100921,1616.00,1623.00,1591.00,1520.69,386200,0
WTB.L,20100920,1612.00,1613.00,1593.00,1526.37,344200,0
WTB.L,20100917,1606.00,1623.00,1591.00,1514.07,792200,0
WTB.L,20100916,1590.00,1596.00,1566.00,1499.87,627400,0
WTB.L,20100915,1599.00,1599.00,1570.00,1499.87,1007100,0
WTB.L,20100914,1581.00,1592.00,1567.00,1503.66,1454500,0
WTB.L,20100913,1544.00,1586.00,1533.00,1495.14,580300,0
WTB.L,20100910,1536.00,1542.00,1513.00,1451.61,672800,0
WTB.L,20100909,1504.00,1542.00,1504.00,1450.66,591300,0
WTB.L,20100908,1499.00,1513.00,1474.00,1427.95,935100,0
WTB.L,20100907,1531.00,1537.00,1486.00,1420.38,946700,0
WTB.L,20100906,1509.00,1528.00,1506.00,1430.79,507800,0
WTB.L,20100903,1517.00,1525.00,1494.00,1426.06,1250100,0
WTB.L,20100902,1454.00,1517.00,1454.00,1433.63,887800,0
WTB.L,20100901,1397.00,1462.00,1397.00,1382.53,611400,0
WTB.L,20100831,1388.00,1403.00,1380.00,1321.02,598800,0
WTB.L,20100827,1383.00,1405.00,1375.00,1327.65,500800,0
WTB.L,20100826,1376.00,1396.00,1371.00,1307.77,322400,0
WTB.L,20100825,1375.00,1386.00,1355.00,1294.53,495700,0
WTB.L,20100824,1377.00,1387.00,1361.00,1304.93,439400,0
WTB.L,20100823,1381.00,1390.00,1368.00,1305.88,340300,0
WTB.L,20100820,1399.00,1409.00,1362.00,1301.15,736500,0
WTB.L,20100819,1408.00,1426.00,1391.00,1324.81,459800,0
WTB.L,20100818,1393.00,1406.00,1385.00,1321.97,288000,0
WTB.L,20100817,1374.00,1395.00,1374.00,1318.18,679200,0
WTB.L,20100816,1387.00,1387.00,1357.00,1297.36,568800,0
WTB.L,20100813,1396.00,1399.00,1379.00,1306.83,1455800,0
WTB.L,20100812,1380.00,1402.00,1369.00,1307.77,328500,0
WTB.L,20100811,1443.00,1443.00,1396.00,1321.02,694700,0
WTB.L,20100810,1466.00,1469.00,1435.00,1363.60,644000,0
WTB.L,20100809,1460.00,1474.00,1450.00,1391.05,530300,0
WTB.L,20100806,1416.00,1478.00,1409.00,1365.50,968200,0
WTB.L,20100805,1433.00,1441.00,1398.00,1333.32,1124300,0
WTB.L,20100804,1437.00,1443.00,1413.00,1359.82,381900,0
WTB.L,20100803,1451.00,1452.00,1430.00,1361.71,306300,0
WTB.L,20100802,1416.00,1456.00,1414.00,1372.12,389500,0
WTB.L,20100730,1440.00,1446.00,1405.00,1332.38,472500,0
WTB.L,20100729,1435.00,1452.00,1431.00,1361.71,481200,0
WTB.L,20100728,1451.00,1456.00,1428.00,1360.77,464300,0
WTB.L,20100727,1467.00,1469.00,1416.00,1366.44,616800,0
WTB.L,20100726,1474.00,1481.00,1458.00,1387.26,344800,0
WTB.L,20100723,1463.00,1483.00,1459.00,1389.15,396000,0
WTB.L,20100722,1423.00,1464.00,1423.00,1380.64,464500,0
WTB.L,20100721,1431.00,1450.00,1422.00,1356.03,573800,0
WTB.L,20100720,1428.00,1440.00,1410.00,1345.63,595100,0
WTB.L,20100719,1437.00,1446.00,1409.00,1339.00,261100,0
WTB.L,20100716,1449.00,1461.00,1432.00,1357.93,505000,0
WTB.L,20100715,1463.00,1465.00,1439.00,1371.18,525200,0
WTB.L,20100714,1459.00,1479.00,1446.00,1385.37,759400,0
WTB.L,20100713,1417.00,1451.00,1411.00,1373.07,348400,0
WTB.L,20100712,1396.00,1418.00,1388.00,1335.22,606100,0
WTB.L,20100709,1416.00,1424.00,1401.00,1325.75,701500,0
WTB.L,20100708,1382.00,1406.00,1374.00,1329.54,428100,0
WTB.L,20100707,1375.00,1382.00,1347.00,1286.23,1169800,0
WTB.L,20100706,1380.00,1406.00,1372.00,1313.45,697200,0
WTB.L,20100705,1378.00,1381.00,1363.00,1299.26,269800,0
WTB.L,20100702,1367.00,1376.00,1354.00,1293.58,559000,0
WTB.L,20100701,1394.00,1394.00,1351.00,1287.90,963600,0
WTB.L,20100630,1431.00,1437.00,1399.00,1333.32,906100,0
WTB.L,20100629,1472.00,1479.00,1432.00,1355.09,781100,0
WTB.L,20100628,1495.00,1501.00,1477.00,1415.65,461500,0
WTB.L,20100625,1492.00,1494.00,1476.00,1402.40,511000,0
WTB.L,20100624,1535.00,1550.00,1480.00,1405.24,761700,0
WTB.L,20100623,1508.00,1531.00,1505.00,1439.31,575400,0
WTB.L,20100622,1526.00,1550.00,1511.00,1448.77,1277100,0
WTB.L,20100621,1497.00,1503.00,1472.00,1398.62,706200,0
WTB.L,20100618,1476.00,1489.00,1475.00,1397.67,1341300,0
WTB.L,20100617,1491.00,1491.00,1471.00,1399.56,635400,0
WTB.L,20100616,1504.00,1506.00,1476.00,1406.19,359400,0
WTB.L,20100615,1443.00,1506.00,1443.00,1407.13,778100,0
WTB.L,20100614,1423.00,1451.00,1422.00,1373.07,605000,0
WTB.L,20100611,1420.00,1427.00,1398.00,1325.75,798700,0
WTB.L,20100610,1367.00,1413.00,1363.00,1334.27,719700,0
WTB.L,20100609,1361.00,1374.00,1342.00,1300.20,479100,0
WTB.L,20100608,1369.00,1369.00,1332.00,1271.81,529900,0
WTB.L,20100607,1380.00,1386.00,1362.00,1294.53,441400,0
WTB.L,20100604,1416.00,1431.00,1388.00,1318.18,441000,0
WTB.L,20100603,1431.00,1433.00,1418.00,1345.63,459400,0
WTB.L,20100602,1402.00,1405.00,1370.00,1325.75,639200,0
WTB.L,20100601,1385.00,1417.00,1357.00,1331.43,868900,0
WTB.L,20100528,1358.00,1394.00,1358.00,1310.61,930300,0
WTB.L,20100527,1320.00,1349.00,1314.00,1276.55,696100,0
WTB.L,20100526,1292.00,1327.00,1273.00,1244.37,770700,0
WTB.L,20100525,1286.00,1292.00,1260.00,1198.00,708300,0
WTB.L,20100524,1318.00,1323.00,1300.00,1240.59,475000,0
WTB.L,20100521,1317.00,1328.00,1285.00,1241.53,1097400,0
WTB.L,20100520,1371.00,1381.00,1304.00,1251.00,1016200,0
WTB.L,20100519,1388.00,1400.00,1358.00,1286.96,1027700,0
WTB.L,20100518,1421.00,1433.00,1397.00,1332.38,524500,0
WTB.L,20100517,1394.00,1425.00,1391.00,1329.54,458200,0
WTB.L,20100514,1453.00,1470.00,1401.00,1331.43,852500,0
WTB.L,20100513,1454.00,1487.00,1453.00,1387.26,762400,0
WTB.L,20100512,1396.00,1454.00,1394.00,1371.18,877400,0
WTB.L,20100511,1430.00,1441.00,1410.00,1329.21,901800,0
WTB.L,20100510,1402.00,1441.00,1380.00,1336.63,1198900,0
WTB.L,20100507,1391.00,1409.00,1333.00,1257.78,1138400,0
WTB.L,20100506,1454.00,1485.00,1425.00,1322.71,1187400,0
WTB.L,20100505,1516.00,1516.00,1445.00,1354.25,1729900,0
WTB.L,20100504,1555.00,1559.00,1515.00,1409.91,688000,0
WTB.L,20100430,1549.00,1571.00,1533.00,1426.60,996500,0
WTB.L,20100429,1574.00,1590.00,1524.00,1433.10,1289500,0
WTB.L,20100428,1609.00,1612.00,1575.00,1468.34,946300,0
WTB.L,20100427,1629.00,1645.00,1623.00,1505.45,610300,0
WTB.L,20100426,1626.00,1642.00,1612.00,1512.87,612500,0
WTB.L,20100423,1578.00,1626.00,1576.00,1497.10,630900,0
WTB.L,20100422,1569.00,1592.00,1560.00,1459.07,657900,0
WTB.L,20100421,1579.00,1588.00,1569.00,1456.28,697600,0
WTB.L,20100420,1567.00,1578.00,1564.00,1458.14,403400,0
WTB.L,20100419,1560.00,1564.00,1551.00,1447.01,392600,0
WTB.L,20100416,1572.00,1578.00,1560.00,1449.79,859500,0
WTB.L,20100415,1568.00,1582.00,1561.00,1462.78,656500,0
WTB.L,20100414,1546.00,1563.00,1533.00,1445.15,1004600,0
WTB.L,20100413,1526.00,1547.00,1522.00,1431.24,765500,0
WTB.L,20100412,1521.00,1531.00,1517.00,1415.47,494900,0
WTB.L,20100409,1500.00,1519.00,1500.00,1408.05,487300,0
WTB.L,20100408,1507.00,1507.00,1484.00,1381.15,573900,0
WTB.L,20100407,1506.00,1535.00,1506.00,1406.20,781000,0
WTB.L,20100406,1497.00,1510.00,1493.00,1395.99,525100,0
WTB.L,20100401,1480.00,1501.00,1473.00,1388.57,612500,0
WTB.L,20100331,1466.00,1494.00,1466.00,1367.24,626800,0
WTB.L,20100330,1508.00,1509.00,1472.00,1365.38,809500,0
WTB.L,20100329,1548.00,1554.00,1503.00,1398.77,597600,0
WTB.L,20100326,1541.00,1548.00,1527.00,1435.88,326300,0
WTB.L,20100325,1525.00,1549.00,1522.00,1430.31,411200,0
WTB.L,20100324,1534.00,1537.00,1511.00,1409.91,569500,0
WTB.L,20100323,1531.00,1540.00,1522.00,1417.33,550800,0
WTB.L,20100322,1538.00,1538.00,1504.00,1417.33,488000,0
WTB.L,20100319,1534.00,1560.00,1527.00,1428.46,1008100,0
WTB.L,20100318,1503.00,1523.00,1494.00,1408.98,544500,0
WTB.L,20100317,1504.00,1515.00,1497.00,1395.06,350700,0
WTB.L,20100316,1503.00,1509.00,1483.00,1392.28,306000,0
WTB.L,20100315,1519.00,1519.00,1495.00,1392.28,375000,0
WTB.L,20100312,1512.00,1518.00,1504.00,1407.12,401500,0
WTB.L,20100311,1486.00,1512.00,1486.00,1400.63,684700,0
WTB.L,20100310,1487.00,1494.00,1481.00,1385.79,560000,0
WTB.L,20100309,1485.00,1492.00,1473.00,1381.15,386800,0
WTB.L,20100308,1492.00,1493.00,1482.00,1377.44,462700,0
WTB.L,20100305,1475.00,1496.00,1475.00,1378.37,600300,0
WTB.L,20100304,1465.00,1488.00,1436.00,1365.38,1563700,0
WTB.L,20100303,1472.00,1480.00,1453.00,1370.02,781900,0
WTB.L,20100302,1457.00,1479.00,1452.00,1371.88,530600,0
WTB.L,20100301,1431.00,1455.00,1430.00,1338.44,628100,0
WTB.L,20100226,1403.00,1425.00,1400.00,1317.15,530300,0
WTB.L,20100225,1404.00,1426.00,1390.00,1295.81,381700,0
WTB.L,20100224,1411.00,1420.00,1396.00,1306.95,736200,0
WTB.L,20100223,1444.00,1456.00,1405.00,1309.73,611300,0
WTB.L,20100222,1442.00,1446.00,1429.00,1331.99,425600,0
WTB.L,20100219,1411.00,1443.00,1407.00,1336.63,1039400,0
WTB.L,20100218,1411.00,1418.00,1397.00,1315.29,666000,0
WTB.L,20100217,1389.00,1416.00,1376.00,1306.95,967700,0
WTB.L,20100216,1377.00,1379.00,1343.00,1270.77,764500,0
WTB.L,20100215,1373.00,1383.00,1366.00,1267.06,311900,0
WTB.L,20100212,1385.00,1399.00,1367.00,1269.84,691000,0
WTB.L,20100211,1378.00,1397.00,1369.00,1276.34,617200,0
WTB.L,20100210,1362.00,1380.00,1355.00,1273.55,498300,0
WTB.L,20100209,1354.00,1367.00,1346.00,1256.86,696800,0
WTB.L,20100208,1372.00,1377.00,1332.00,1258.71,1294800,0
WTB.L,20100205,1396.00,1402.00,1360.00,1269.84,979400,0
WTB.L,20100204,1423.00,1430.00,1398.00,1301.38,941200,0
WTB.L,20100203,1442.00,1442.00,1417.00,1316.22,681700,0
WTB.L,20100202,1421.00,1457.00,1412.00,1338.48,1588500,0
WTB.L,20100201,1411.00,1420.00,1390.00,1308.80,778300,0
WTB.L,20100129,1371.00,1417.00,1370.00,1306.95,2301400,0
WTB.L,20100128,1375.00,1385.00,1357.00,1265.20,786300,0
WTB.L,20100127,1361.00,1373.00,1352.00,1264.28,1307500,0
WTB.L,20100126,1351.00,1375.00,1339.00,1269.84,713500,0
WTB.L,20100125,1357.00,1371.00,1350.00,1259.64,720400,0
WTB.L,20100122,1376.00,1385.00,1348.00,1265.20,1234300,0
WTB.L,20100121,1392.00,1402.00,1375.00,1277.26,834400,0
WTB.L,20100120,1385.00,1393.00,1372.00,1283.76,1091600,0
WTB.L,20100119,1392.00,1392.00,1379.00,1285.61,507300,0
WTB.L,20100118,1395.00,1404.00,1377.00,1290.25,364900,0
WTB.L,20100115,1386.00,1400.00,1381.00,1286.54,1080700,0
WTB.L,20100114,1388.00,1395.00,1376.00,1280.97,532300,0
WTB.L,20100113,1361.00,1383.00,1361.00,1277.26,455200,0
WTB.L,20100112,1401.00,1409.00,1360.00,1269.84,720600,0
WTB.L,20100111,1410.00,1429.00,1401.00,1301.38,596300,0
WTB.L,20100108,1397.00,1423.00,1390.00,1308.80,1197200,0
WTB.L,20100107,1389.00,1404.00,1382.00,1294.89,843100,0
WTB.L,20100106,1401.00,1404.00,1385.00,1293.96,426500,0
WTB.L,20100105,1404.00,1404.00,1374.00,1296.74,747000,0
WTB.L,20100104,1385.00,1419.00,1385.00,1298.60,519100,0
WTB.L,20091231,1392.00,1411.00,1392.00,1308.80,119200,0
WTB.L,20091230,1400.00,1412.00,1389.00,1291.18,314400,0
WTB.L,20091229,1404.00,1410.00,1397.00,1305.09,278000,0
WTB.L,20091224,1387.00,1396.00,1384.00,1283.76,40300,0
WTB.L,20091223,1399.00,1417.00,1383.00,1292.10,382100,0
WTB.L,20091222,1394.00,1406.00,1379.00,1287.47,411700,0
WTB.L,20091221,1382.00,1395.00,1368.00,1285.61,324900,0
WTB.L,20091218,1369.00,1395.00,1360.00,1272.63,1015800,0
WTB.L,20091217,1379.00,1391.00,1364.00,1267.06,793000,0
WTB.L,20091216,1384.00,1399.00,1378.00,1287.47,647200,0
WTB.L,20091215,1382.00,1403.00,1363.00,1285.61,715100,0
WTB.L,20091214,1371.00,1425.00,1362.00,1280.05,1364800,0
WTB.L,20091211,1288.00,1341.00,1284.00,1233.67,1012700,0
WTB.L,20091210,1292.00,1293.00,1274.00,1196.56,1161200,0
WTB.L,20091209,1297.00,1327.00,1274.00,1195.64,1339000,0
WTB.L,20091208,1307.00,1323.00,1287.00,1196.56,573000,0
WTB.L,20091207,1308.00,1324.00,1287.00,1218.83,749100,0
WTB.L,20091204,1306.00,1331.00,1283.00,1211.41,576000,0
WTB.L,20091203,1306.00,1325.00,1302.00,1219.75,639400,0
WTB.L,20091202,1295.00,1303.00,1286.00,1200.28,531000,0
WTB.L,20091201,1288.00,1309.00,1276.00,1204.91,634900,0
WTB.L,20091130,1305.00,1318.00,1283.00,1190.07,485000,0
WTB.L,20091127,1268.00,1316.00,1266.00,1210.48,504000,0
WTB.L,20091126,1342.00,1358.00,1280.00,1194.71,569800,0
WTB.L,20091125,1320.00,1347.00,1315.00,1242.94,881200,0
WTB.L,20091124,1288.00,1317.00,1285.00,1208.62,799100,0
WTB.L,20091123,1287.00,1310.00,1287.00,1201.20,388700,0
WTB.L,20091120,1304.00,1304.00,1273.00,1187.29,832600,0
WTB.L,20091119,1321.00,1325.00,1290.00,1203.06,534200,0
WTB.L,20091118,1313.00,1333.00,1306.00,1221.61,542500,0
WTB.L,20091117,1315.00,1334.00,1301.00,1214.19,495400,0
WTB.L,20091116,1319.00,1324.00,1305.00,1222.54,297600,0
WTB.L,20091113,1303.00,1313.00,1293.00,1209.55,342500,0
WTB.L,20091112,1247.00,1316.00,1247.00,1205.84,1482800,0
WTB.L,20091111,1244.00,1255.00,1225.00,1159.46,736800,0
WTB.L,20091110,1248.00,1250.00,1232.00,1148.33,614600,0
WTB.L,20091109,1247.00,1248.00,1230.00,1149.26,480500,0
WTB.L,20091106,1236.00,1244.00,1215.00,1143.69,1327600,0
WTB.L,20091105,1278.00,1307.00,1234.00,1144.62,1717100,0
WTB.L,20091104,1263.00,1294.00,1260.00,1195.64,782500,0
WTB.L,20091103,1249.00,1265.00,1231.00,1165.96,642400,0
WTB.L,20091102,1264.00,1284.00,1250.00,1168.74,735100,0
WTB.L,20091030,1267.00,1288.00,1264.00,1180.80,761300,0
WTB.L,20091029,1244.00,1268.00,1235.00,1172.45,739000,0
WTB.L,20091028,1276.00,1285.00,1232.00,1153.90,719400,0
WTB.L,20091027,1275.00,1305.00,1262.00,1183.58,742900,0
WTB.L,20091026,1291.00,1298.00,1262.00,1177.09,593300,0
WTB.L,20091023,1307.00,1307.00,1289.00,1197.49,467200,0
WTB.L,20091022,1297.00,1303.00,1270.00,1198.42,834000,0
WTB.L,20091021,1297.00,1314.00,1291.00,1208.62,699700,0
WTB.L,20091020,1333.00,1334.00,1299.00,1198.74,531400,0
WTB.L,20091019,1307.00,1327.00,1304.00,1221.76,361700,0
WTB.L,20091016,1301.00,1336.00,1290.00,1197.82,1042000,0
WTB.L,20091015,1328.00,1341.00,1296.00,1196.90,1154100,0
WTB.L,20091014,1315.00,1322.00,1280.00,1209.79,1156000,0
WTB.L,20091013,1315.00,1350.00,1289.00,1193.22,2402600,0
WTB.L,20091012,1269.00,1290.00,1269.00,1187.70,889800,0
WTB.L,20091009,1258.00,1308.00,1250.00,1168.36,1080900,0
WTB.L,20091008,1229.00,1253.00,1221.00,1149.95,925700,0
WTB.L,20091007,1205.00,1228.00,1182.00,1114.04,1030200,0
WTB.L,20091006,1200.00,1222.00,1195.00,1125.09,1082700,0
WTB.L,20091005,1179.00,1200.00,1172.00,1104.83,604600,0
WTB.L,20091002,1201.00,1208.00,1141.00,1080.90,1281800,0
WTB.L,20091001,1215.00,1242.00,1205.00,1116.80,574600,0
WTB.L,20090930,1234.00,1244.00,1204.00,1119.56,1008800,0
WTB.L,20090929,1245.00,1248.00,1227.00,1132.45,407800,0
WTB.L,20090928,1231.00,1246.00,1199.00,1137.98,784300,0
WTB.L,20090925,1226.00,1246.00,1215.00,1133.79,1195000,0
WTB.L,20090924,1246.00,1247.00,1205.00,1125.09,1234500,0
WTB.L,20090923,1238.00,1259.00,1225.00,1144.42,920800,0
WTB.L,20090922,1244.00,1268.00,1236.00,1145.34,640000,0
WTB.L,20090921,1243.00,1258.00,1235.00,1147.19,1289700,0
WTB.L,20090918,1216.00,1259.00,1207.00,1159.15,6516000,0
WTB.L,20090917,1233.00,1240.00,1194.00,1121.41,1059000,0
WTB.L,20090916,1197.00,1225.00,1197.00,1125.09,691800,0
WTB.L,20090915,1223.00,1228.00,1188.00,1098.39,985000,0
WTB.L,20090914,1260.00,1260.00,1203.00,1118.64,1022500,0
WTB.L,20090911,1231.00,1305.00,1218.00,1168.36,1085300,0
WTB.L,20090910,1242.00,1245.00,1221.00,1130.61,1025600,0
WTB.L,20090909,1254.00,1261.00,1216.00,1134.30,1533400,0
WTB.L,20090908,1237.00,1263.00,1205.00,1158.23,1731200,0
WTB.L,20090907,1125.00,1224.00,1100.00,1115.88,2691600,0
WTB.L,20090904,1022.00,1042.00,1016.00,944.63,547600,0
WTB.L,20090903,1017.00,1030.00,1006.00,942.79,484500,0
WTB.L,20090902,1018.00,1019.00,996.00,934.51,584500,0
WTB.L,20090901,1039.00,1054.00,992.50,933.58,829700,0
WTB.L,20090828,1015.00,1054.00,1015.00,963.97,878400,0
WTB.L,20090827,1015.00,1025.00,1006.00,930.82,314100,0
WTB.L,20090826,1016.00,1035.00,1011.00,934.51,718900,0
WTB.L,20090825,1007.00,1030.00,1007.00,942.79,423000,0
WTB.L,20090824,1003.00,1022.00,1001.00,936.35,337400,0
WTB.L,20090821,979.00,1006.00,959.50,922.54,181700,0
WTB.L,20090820,957.50,980.50,957.50,902.28,130300,0
WTB.L,20090819,933.00,963.00,925.00,879.26,249100,0
WTB.L,20090818,927.50,934.00,917.00,858.55,76100,0
WTB.L,20090817,948.50,954.50,918.50,847.50,546000,0
WTB.L,20090814,954.50,963.00,942.50,872.36,78000,0
WTB.L,20090813,924.00,963.50,922.50,869.60,138200,0
WTB.L,20090812,937.00,949.00,919.50,852.56,206900,0
WTB.L,20090811,979.50,988.00,927.00,865.91,346500,0
WTB.L,20090810,961.00,985.00,959.50,902.28,183100,0
WTB.L,20090807,956.00,963.00,933.50,886.63,807000,0
WTB.L,20090806,944.00,957.50,934.00,880.64,168600,0
WTB.L,20090805,910.00,952.00,908.50,859.93,89700,0
WTB.L,20090804,884.00,909.50,881.50,837.37,114300,0
WTB.L,20090803,871.50,888.50,865.50,815.28,137200,0
WTB.L,20090731,835.00,873.50,835.00,796.86,166600,0
WTB.L,20090730,840.50,855.00,830.50,783.51,61700,0
WTB.L,20090729,835.50,844.00,827.50,771.45,64900,0
WTB.L,20090728,839.00,852.00,829.50,768.32,85800,0
WTB.L,20090727,859.00,860.00,837.50,775.69,78100,0
WTB.L,20090724,854.00,864.50,845.00,784.43,53900,0
WTB.L,20090723,856.50,860.00,838.00,789.04,126700,0
WTB.L,20090722,848.00,856.00,840.00,786.27,98200,0
WTB.L,20090721,845.00,850.00,834.00,777.07,116700,0
WTB.L,20090720,832.50,843.00,830.00,774.30,89100,0
WTB.L,20090717,829.50,837.50,816.50,763.72,286300,0
WTB.L,20090716,817.00,836.00,808.00,760.03,427600,0
WTB.L,20090715,813.50,817.00,808.00,744.69,666700,0
WTB.L,20090714,805.00,818.00,800.00,746.68,220600,0
WTB.L,20090713,786.00,803.50,778.50,738.40,82800,0
WTB.L,20090710,795.00,795.50,785.00,724.59,175300,0
WTB.L,20090709,787.00,802.50,784.00,729.65,246900,0
WTB.L,20090708,795.00,802.00,783.00,723.21,413000,0
WTB.L,20090707,808.50,815.00,796.50,735.64,284600,0
WTB.L,20090706,810.50,815.50,802.00,746.22,115000,0
WTB.L,20090703,815.00,823.00,808.50,747.60,115700,0
WTB.L,20090702,821.50,834.00,815.50,751.29,146700,0
WTB.L,20090701,821.50,831.50,815.00,760.49,158700,0
WTB.L,20090630,820.50,825.50,802.50,751.75,362400,0
WTB.L,20090629,809.00,822.50,808.50,752.21,158100,0
WTB.L,20090626,829.50,829.50,806.50,745.30,78700,0
WTB.L,20090625,823.50,829.00,806.50,754.51,149300,0
WTB.L,20090624,817.50,830.00,805.50,760.03,179700,0
WTB.L,20090623,813.00,819.50,798.50,746.68,178700,0
WTB.L,20090622,835.00,835.00,812.50,748.06,155000,0
WTB.L,20090619,823.50,856.50,823.50,765.56,1614800,0
WTB.L,20090618,833.00,833.00,801.50,756.35,182700,0
WTB.L,20090617,843.00,852.00,826.50,768.32,168200,0
WTB.L,20090616,845.50,855.00,836.50,780.29,458600,0
WTB.L,20090615,883.50,883.50,849.00,783.05,222300,0
WTB.L,20090612,889.50,896.50,882.00,818.50,259000,0
WTB.L,20090611,884.50,892.00,876.00,815.74,243600,0
WTB.L,20090610,884.00,905.00,882.50,818.04,850500,0
WTB.L,20090609,887.00,896.50,871.50,807.45,434000,0
WTB.L,20090608,894.50,900.50,879.00,818.96,110300,0
WTB.L,20090605,917.00,917.50,895.50,831.85,336700,0
WTB.L,20090604,906.50,919.00,900.00,842.44,829100,0
WTB.L,20090603,895.50,911.50,894.00,831.39,245600,0
WTB.L,20090602,883.50,902.50,883.50,828.16,85400,0
WTB.L,20090601,881.00,897.00,878.00,822.18,272600,0
WTB.L,20090529,863.00,881.50,850.00,795.02,292800,0
WTB.L,20090528,857.50,862.50,840.50,784.89,206700,0
WTB.L,20090527,852.00,875.00,848.00,795.48,130200,0
WTB.L,20090526,842.00,851.50,827.00,777.07,82700,0
WTB.L,20090522,855.00,859.50,843.50,779.37,133400,0
WTB.L,20090521,875.00,880.50,848.00,782.13,159900,0
WTB.L,20090520,900.50,911.00,879.50,813.43,142000,0
WTB.L,20090519,882.00,902.00,877.50,826.32,223800,0
WTB.L,20090518,841.00,879.00,841.00,807.45,206500,0
WTB.L,20090515,863.50,864.00,840.00,783.51,219300,0
WTB.L,20090514,832.50,861.50,827.00,785.81,238200,0
WTB.L,20090513,884.50,890.00,831.50,768.78,209900,0
WTB.L,20090512,868.00,907.00,867.50,815.28,217900,0
WTB.L,20090511,898.00,898.00,862.00,802.85,252300,0
WTB.L,20090508,916.50,917.00,889.50,826.78,171000,0
WTB.L,20090507,936.50,942.50,902.50,834.61,174100,0
WTB.L,20090506,924.50,944.00,906.00,856.25,173300,0
WTB.L,20090505,965.00,983.00,946.50,850.81,512200,0
WTB.L,20090501,954.00,954.00,923.00,831.58,35100,0
WTB.L,20090430,920.50,961.00,918.00,841.42,345400,0
WTB.L,20090429,904.50,915.00,899.00,811.00,553600,0
WTB.L,20090428,890.00,908.50,872.00,807.87,113500,0
WTB.L,20090427,914.50,920.00,887.50,803.40,398700,0
WTB.L,20090424,873.50,930.50,868.00,822.63,582700,0
WTB.L,20090423,840.00,885.50,833.00,777.01,306900,0
WTB.L,20090422,838.00,849.00,827.50,755.53,595000,0
WTB.L,20090421,826.00,849.00,819.00,750.17,415800,0
WTB.L,20090420,854.00,858.50,829.00,745.69,260500,0
WTB.L,20090417,857.50,877.50,849.50,766.72,2229100,0
WTB.L,20090416,832.00,869.00,832.00,768.95,2189800,0
WTB.L,20090415,824.50,839.50,809.00,747.03,1514800,0
WTB.L,20090414,839.00,844.00,817.50,738.54,1383700,0
WTB.L,20090409,827.50,843.50,816.00,742.56,2452000,0
WTB.L,20090408,810.50,834.50,810.00,738.54,848000,0
WTB.L,20090407,850.00,852.50,811.50,727.80,996400,0
WTB.L,20090406,877.50,891.00,836.50,753.30,1460300,0
WTB.L,20090403,865.00,900.00,856.50,786.40,1812400,0
WTB.L,20090402,829.00,866.00,829.00,772.53,2547700,0
WTB.L,20090401,780.00,823.50,776.00,732.72,1613400,0
WTB.L,20090331,766.50,792.50,764.50,704.99,1173000,0
WTB.L,20090330,777.50,777.50,757.00,678.15,791400,0
WTB.L,20090327,788.50,793.50,776.50,703.20,561600,0
WTB.L,20090326,789.50,790.00,777.50,703.64,958700,0
WTB.L,20090325,792.50,797.00,772.50,705.88,1019400,0
WTB.L,20090324,794.00,808.00,782.00,711.70,1095400,0
WTB.L,20090323,794.00,810.50,768.50,704.54,1251000,0
WTB.L,20090320,791.00,799.00,778.50,708.56,1256800,0
WTB.L,20090319,797.00,814.50,789.50,710.80,1814200,0
WTB.L,20090318,798.00,810.00,776.50,709.01,1347300,0
WTB.L,20090317,788.00,796.00,769.50,710.80,1604500,0
WTB.L,20090316,778.00,794.50,769.50,706.78,942300,0
WTB.L,20090313,778.50,781.50,765.50,690.67,1044600,0
WTB.L,20090312,778.00,786.00,745.50,689.78,1308300,0
WTB.L,20090311,766.50,787.50,752.50,699.17,2115300,0
WTB.L,20090310,730.00,769.00,721.00,684.41,1843300,0
WTB.L,20090309,724.00,736.00,717.00,653.10,2344800,0
WTB.L,20090306,714.00,730.00,710.00,645.04,2658900,0
WTB.L,20090305,706.50,729.50,697.50,636.99,2415900,0
WTB.L,20090304,702.00,716.00,689.00,636.99,1508100,0
WTB.L,20090303,710.00,714.00,686.50,620.44,1895900,0
WTB.L,20090302,720.00,721.00,702.00,628.49,1931900,0
WTB.L,20090227,744.50,749.00,735.00,667.86,1704500,0
WTB.L,20090226,740.50,764.00,739.50,669.65,1185300,0
WTB.L,20090225,724.50,745.00,724.50,660.25,1401700,0
WTB.L,20090224,718.50,724.50,697.50,642.36,1503500,0
WTB.L,20090223,747.00,751.50,720.50,645.49,1436800,0
WTB.L,20090220,760.50,762.50,730.50,658.02,1021300,0
WTB.L,20090219,775.00,779.00,757.00,686.20,901300,0
WTB.L,20090218,782.00,784.50,756.50,687.99,1603000,0
WTB.L,20090217,810.50,817.00,768.00,694.70,1945800,0
WTB.L,20090216,814.50,823.00,810.00,727.80,863200,0
WTB.L,20090213,817.50,833.50,803.00,732.72,1233000,0
WTB.L,20090212,822.50,822.50,785.50,722.88,2487600,0
WTB.L,20090211,813.50,837.00,801.50,739.43,1311100,0
WTB.L,20090210,841.50,847.00,820.00,734.51,1936600,0
WTB.L,20090209,824.50,859.50,816.00,756.88,1757000,0
WTB.L,20090206,798.50,835.00,790.00,741.67,2199200,0
WTB.L,20090205,786.00,831.00,782.50,728.69,1271800,0
WTB.L,20090204,811.50,825.50,789.00,717.51,1494000,0
WTB.L,20090203,791.50,813.50,771.00,723.33,620500,0
WTB.L,20090202,815.50,815.50,781.00,704.54,988900,0
WTB.L,20090130,801.00,829.00,796.00,734.06,1856300,0
WTB.L,20090129,830.00,830.50,792.00,716.62,1215600,0
WTB.L,20090128,823.50,848.00,819.50,746.14,1335900,0
WTB.L,20090127,848.00,848.00,803.50,726.46,1659900,0
WTB.L,20090126,831.50,856.00,821.00,756.88,1142600,0
WTB.L,20090123,812.50,832.00,777.00,742.56,3199100,0
WTB.L,20090122,843.00,853.00,805.50,727.35,1207600,0
WTB.L,20090121,828.50,847.00,808.50,745.25,1295700,0
WTB.L,20090120,850.00,873.00,827.00,749.27,1408100,0
WTB.L,20090119,846.50,864.50,829.00,762.24,983300,0
WTB.L,20090116,834.00,852.50,831.00,747.03,1373300,0
WTB.L,20090115,844.00,859.50,808.50,736.30,1698300,0
WTB.L,20090114,895.50,901.50,819.50,755.53,1485300,0
WTB.L,20090113,910.00,911.50,881.00,794.00,1328400,0
WTB.L,20090112,929.50,934.00,911.50,819.05,886800,0
WTB.L,20090109,961.50,961.50,936.50,838.74,849800,0
WTB.L,20090108,950.00,964.00,929.00,853.50,810200,0
WTB.L,20090107,986.50,986.50,940.50,853.50,758500,0
WTB.L,20090106,941.00,993.50,941.00,873.18,988500,0
WTB.L,20090105,942.00,949.50,917.50,839.63,843700,0
WTB.L,20090102,915.50,945.00,915.50,832.03,300900,0
WTB.L,20081231,956.50,956.50,899.50,820.40,250900,0
WTB.L,20081230,899.50,926.50,890.00,820.84,484200,0
WTB.L,20081229,908.50,991.00,881.50,802.50,433900,0
WTB.L,20081224,948.00,948.00,900.00,805.19,74000,0
WTB.L,20081223,907.50,933.50,892.00,821.29,632300,0
WTB.L,20081222,923.00,923.00,888.00,797.13,977700,0
WTB.L,20081219,914.00,930.50,875.50,819.50,1560100,0
WTB.L,20081218,913.00,938.00,913.00,823.08,1150800,0
WTB.L,20081217,916.00,950.00,894.50,821.74,1801800,0
WTB.L,20081216,873.50,908.50,863.50,803.84,1116400,0
WTB.L,20081215,871.00,877.50,854.50,775.66,692300,0
WTB.L,20081212,838.00,876.50,826.00,775.66,1064100,0
WTB.L,20081211,876.00,898.50,865.00,777.90,1344000,0
WTB.L,20081210,897.50,900.00,859.50,779.24,1643300,0
WTB.L,20081209,809.50,895.00,797.50,792.21,1591700,0
WTB.L,20081208,816.50,833.50,788.00,731.38,2030100,0
WTB.L,20081205,770.50,793.50,760.00,681.72,1291800,0
WTB.L,20081204,778.50,802.00,762.50,698.28,3196900,0
WTB.L,20081203,791.00,797.00,767.00,696.93,1828100,0
WTB.L,20081202,760.00,794.00,741.50,700.07,1134100,0
WTB.L,20081201,844.00,844.00,772.00,694.25,1778500,0
WTB.L,20081128,814.00,855.00,790.50,751.96,1937100,0
WTB.L,20081127,817.50,833.50,812.50,731.38,955100,0
WTB.L,20081126,806.50,824.50,803.00,726.90,1989400,0
WTB.L,20081125,769.00,834.50,745.00,721.98,2091200,0
WTB.L,20081124,733.50,776.00,705.00,685.75,1954300,0
WTB.L,20081121,695.00,730.00,665.00,641.91,1456400,0
WTB.L,20081120,673.50,709.00,655.50,617.31,2116600,0
WTB.L,20081119,751.00,773.00,690.00,619.99,1399400,0
WTB.L,20081118,757.00,767.50,729.50,671.88,1630100,0
WTB.L,20081117,785.50,828.00,749.00,675.01,1365100,0
WTB.L,20081114,820.50,827.50,781.50,705.88,1298500,0
WTB.L,20081113,793.50,821.50,780.00,704.54,1514300,0
WTB.L,20081112,869.00,880.50,803.50,722.43,1478600,0
WTB.L,20081111,906.50,906.50,848.50,762.24,1423500,0
WTB.L,20081110,960.00,973.50,917.00,825.76,1005400,0
WTB.L,20081107,920.00,953.00,905.00,836.05,1907800,0
WTB.L,20081106,956.50,1005.00,914.50,824.87,1910600,0
WTB.L,20081105,1001.00,1005.00,961.50,874.97,1068300,0
WTB.L,20081104,938.00,1000.00,923.50,892.86,1555400,0
WTB.L,20081103,903.00,918.50,883.00,815.03,781600,0
WTB.L,20081031,873.00,907.50,862.50,799.37,1074800,0
WTB.L,20081030,881.50,883.50,840.50,776.56,982400,0
WTB.L,20081029,840.50,870.00,808.50,762.24,1054500,0
WTB.L,20081028,813.00,818.50,774.00,717.96,1642000,0
WTB.L,20081027,757.50,797.50,748.00,699.62,1587100,0
WTB.L,20081024,818.50,818.50,746.50,706.33,2719200,0
WTB.L,20081023,866.50,870.50,814.00,751.06,2914500,0
WTB.L,20081022,868.00,876.50,812.00,765.37,1867400,0
WTB.L,20081021,875.00,888.00,825.00,777.45,1799800,0
WTB.L,20081020,848.00,848.00,801.50,751.96,2246100,0
WTB.L,20081017,915.00,930.50,810.50,729.14,4442300,0
WTB.L,20081016,910.50,940.00,866.50,789.53,1805700,0
WTB.L,20081015,999.50,999.50,927.00,842.76,2211900,0
WTB.L,20081014,1020.00,1026.00,960.00,889.28,2432200,0
WTB.L,20081013,980.00,982.00,924.50,867.37,2272100,0
WTB.L,20081010,876.50,961.50,875.00,798.03,3525100,0
WTB.L,20081009,1012.00,1033.00,960.00,867.81,1132200,0
WTB.L,20081008,925.00,1040.00,885.00,882.57,4253600,0
WTB.L,20081007,956.00,973.00,876.50,856.18,4015200,0
WTB.L,20081006,990.00,1021.00,929.50,833.82,2871900,0
WTB.L,20081003,1091.00,1091.00,1026.00,943.86,2360200,0
WTB.L,20081002,1085.00,1114.00,1067.00,973.38,1539200,0
WTB.L,20081001,1067.00,1095.00,1045.00,962.65,1862800,0
WTB.L,20080930,995.50,1071.00,989.00,946.54,2318000,0
WTB.L,20080929,1065.00,1087.00,1011.00,909.86,2231600,0
WTB.L,20080926,1122.00,1122.00,1077.00,963.54,1038000,0
WTB.L,20080925,1082.00,1133.00,1070.00,1010.06,1671600,0
WTB.L,20080924,1118.00,1129.00,1079.00,966.22,1019100,0
WTB.L,20080923,1135.00,1143.00,1079.00,985.01,2069400,0
WTB.L,20080922,1205.00,1205.00,1152.00,1033.32,1497400,0
WTB.L,20080919,1023.00,1175.00,1021.00,1046.74,3056200,0
WTB.L,20080918,1049.00,1112.00,1021.00,962.65,3016900,0
WTB.L,20080917,1160.00,1160.00,1034.00,935.81,7285700,0
WTB.L,20080916,1111.00,1171.00,1095.00,1019.01,2141600,0
WTB.L,20080915,1142.00,1154.00,1093.00,1013.64,1463300,0
WTB.L,20080912,1151.00,1164.00,1124.00,1039.59,1152700,0
WTB.L,20080911,1149.00,1155.00,1106.00,1016.32,1064000,0
WTB.L,20080910,1167.00,1177.00,1137.00,1027.96,1764100,0
WTB.L,20080909,1188.00,1217.00,1160.00,1043.16,2996600,0
WTB.L,20080908,1159.00,1192.00,1102.00,1066.43,653300,0
WTB.L,20080905,1113.00,1138.00,1091.00,998.43,1733900,0
WTB.L,20080904,1185.00,1195.00,1126.00,1008.27,2032700,0
WTB.L,20080903,1149.00,1151.00,1089.00,1002.01,1948000,0
WTB.L,20080902,1126.00,1185.00,1121.00,1043.16,1421000,0
WTB.L,20080901,1118.00,1132.00,1099.00,1004.69,792400,0
WTB.L,20080829,1132.00,1143.00,1122.00,1010.96,1223600,0
WTB.L,20080828,1120.00,1142.00,1099.00,1013.64,1546600,0
WTB.L,20080827,1135.00,1135.00,1104.00,995.75,943100,0
WTB.L,20080826,1129.00,1145.00,1107.00,1013.64,876100,0
WTB.L,20080822,1091.00,1155.00,1087.00,1028.85,1166000,0
WTB.L,20080821,1126.00,1128.00,1087.00,974.28,1041100,0
WTB.L,20080820,1126.00,1156.00,1113.00,1017.22,870700,0
WTB.L,20080819,1140.00,1140.00,1119.00,1001.12,867500,0
WTB.L,20080818,1176.00,1178.00,1148.00,1028.85,561200,0
WTB.L,20080815,1161.00,1187.00,1158.00,1058.37,740000,0
WTB.L,20080814,1147.00,1169.00,1130.00,1027.96,911600,0
WTB.L,20080813,1239.00,1239.00,1140.00,1022.59,1928500,0
WTB.L,20080812,1260.00,1268.00,1231.00,1113.84,1089400,0
WTB.L,20080811,1237.00,1268.00,1208.00,1133.52,757500,0
WTB.L,20080808,1186.00,1239.00,1186.00,1100.42,582600,0
WTB.L,20080807,1190.00,1225.00,1177.00,1074.48,947600,0
WTB.L,20080806,1204.00,1222.00,1180.00,1071.79,1202000,0
WTB.L,20080805,1150.00,1202.00,1144.00,1069.11,1291300,0
WTB.L,20080804,1158.00,1158.00,1122.00,1021.69,1067100,0
WTB.L,20080801,1105.00,1152.00,1092.00,1006.48,1058600,0
WTB.L,20080731,1136.00,1136.00,1102.00,994.85,980500,0
WTB.L,20080730,1115.00,1144.00,1101.00,1017.22,1202700,0
WTB.L,20080729,1096.00,1114.00,1078.00,989.49,1013400,0
WTB.L,20080728,1123.00,1131.00,1107.00,993.06,916400,0
WTB.L,20080725,1113.00,1142.00,1092.00,1004.69,1582700,0
WTB.L,20080724,1164.00,1170.00,1120.00,1012.75,1417600,0
WTB.L,20080723,1129.00,1162.00,1117.00,1036.90,1814500,0
WTB.L,20080722,1104.00,1115.00,1064.00,988.59,1685200,0
WTB.L,20080721,1116.00,1126.00,1093.00,1002.01,1086500,0
WTB.L,20080718,1061.00,1120.00,1050.00,1002.01,2043200,0
WTB.L,20080717,1021.00,1116.00,1021.00,953.70,2718900,0
WTB.L,20080716,972.50,1021.00,955.00,900.02,2432600,0
WTB.L,20080715,975.50,981.00,924.00,863.79,3827800,0
WTB.L,20080714,968.00,1033.00,968.00,882.57,1958400,0
WTB.L,20080711,1030.00,1042.00,946.00,856.18,3177900,0
WTB.L,20080710,1056.00,1066.00,1017.00,912.55,2571400,0
WTB.L,20080709,1083.00,1089.00,1066.00,964.43,1294000,0
WTB.L,20080708,1054.00,1077.00,1029.00,952.80,2029600,0
WTB.L,20080707,1105.00,1105.00,1062.00,956.38,2229900,0
WTB.L,20080704,1140.00,1174.00,1085.00,974.28,1148100,0
WTB.L,20080703,1101.00,1140.00,1077.00,1013.64,2655200,0
WTB.L,20080702,1180.00,1180.00,1106.00,991.27,2426900,0
WTB.L,20080701,1221.00,1230.00,1170.00,1052.11,2330600,0
WTB.L,20080630,1209.00,1239.00,1190.00,1102.21,1563700,0
WTB.L,20080627,1200.00,1209.00,1169.00,1079.84,1185800,0
WTB.L,20080626,1226.00,1237.00,1194.00,1075.37,1611400,0
WTB.L,20080625,1199.00,1247.00,1197.00,1111.16,1306600,0
WTB.L,20080624,1205.00,1220.00,1168.00,1074.48,1656400,0
WTB.L,20080623,1190.00,1215.00,1187.00,1077.16,1233100,0
WTB.L,20080620,1225.00,1234.00,1188.00,1072.69,2128700,0
WTB.L,20080619,1216.00,1235.00,1212.00,1088.79,2396300,0
WTB.L,20080618,1260.00,1265.00,1210.00,1093.26,2273100,0
WTB.L,20080617,1248.00,1299.00,1248.00,1136.21,3639200,0
WTB.L,20080616,1208.00,1231.00,1195.00,1093.26,2510400,0
WTB.L,20080613,1171.00,1210.00,1158.00,1079.84,2923600,0
WTB.L,20080612,1166.00,1191.00,1147.00,1055.69,3413000,0
WTB.L,20080611,1250.00,1269.00,1159.00,1047.64,3453300,0
WTB.L,20080610,1255.00,1264.00,1238.00,1118.32,1423600,0
WTB.L,20080606,1303.00,1305.00,1258.00,1131.73,1415600,0
WTB.L,20080605,1274.00,1296.00,1269.00,1155.00,1499300,0
WTB.L,20080604,1270.00,1282.00,1236.00,1139.79,1750000,0
WTB.L,20080603,1258.00,1276.00,1253.00,1133.52,1209800,0
WTB.L,20080602,1277.00,1284.00,1261.00,1131.73,1076200,0
WTB.L,20080530,1269.00,1297.00,1269.00,1146.94,1189900,0
WTB.L,20080529,1287.00,1292.00,1263.00,1132.63,1049200,0
WTB.L,20080528,1286.00,1299.00,1271.00,1148.73,1151300,0
WTB.L,20080527,1271.00,1295.00,1256.00,1140.68,990900,0
WTB.L,20080523,1301.00,1301.00,1268.00,1135.31,1326300,0
WTB.L,20080522,1272.00,1306.00,1260.00,1162.15,1485800,0
WTB.L,20080521,1309.00,1320.00,1280.00,1153.21,1054400,0
WTB.L,20080520,1359.00,1375.00,1296.00,1170.20,2219100,0
WTB.L,20080519,1356.00,1375.00,1350.00,1221.20,839200,0
WTB.L,20080516,1352.00,1379.00,1348.00,1212.25,993000,0
WTB.L,20080515,1337.00,1353.00,1324.00,1197.94,1488100,0
WTB.L,20080514,1362.00,1373.00,1317.00,1197.04,1264300,0
WTB.L,20080513,1376.00,1394.00,1336.00,1216.73,1443100,0
WTB.L,20080512,1394.00,1410.00,1356.00,1220.31,1843300,0
WTB.L,20080509,1363.00,1402.00,1340.00,1248.04,4111900,0
WTB.L,20080508,1330.00,1380.00,1326.00,1227.46,3595800,0
WTB.L,20080507,1322.00,1360.00,1298.00,1200.62,4533800,0
WTB.L,20080506,1310.00,1330.00,1305.00,1182.73,3584700,0
WTB.L,20080502,1250.00,1284.00,1235.00,1142.47,5789500,0
WTB.L,20080501,1215.00,1224.00,1204.00,1090.58,959400,0
WTB.L,20080430,1212.00,1228.00,1206.00,1087.00,1381400,0
WTB.L,20080429,1234.00,1237.00,1204.00,1087.90,1868200,0
WTB.L,20080428,1230.00,1249.00,1212.00,1097.74,3952100,0
WTB.L,20080425,1159.00,1198.00,1159.00,1064.64,3682400,0
WTB.L,20080424,1165.00,1172.00,1146.00,1035.11,3928900,0
WTB.L,20080423,1185.00,1185.00,1150.00,1048.53,3895600,0
WTB.L,20080422,1178.00,1178.00,1162.00,1044.95,1416300,0
WTB.L,20080421,1181.00,1191.00,1147.00,1057.48,1368700,0
WTB.L,20080418,1151.00,1185.00,1150.00,1053.90,3119800,0
WTB.L,20080417,1162.00,1175.00,1143.00,1026.17,1706300,0
WTB.L,20080416,1157.00,1166.00,1138.00,1042.27,2147200,0
WTB.L,20080415,1156.00,1165.00,1128.00,1023.48,1395600,0
WTB.L,20080414,1109.00,1148.00,1103.00,1024.38,1644400,0
WTB.L,20080411,1144.00,1150.00,1106.00,1000.22,1386800,0
WTB.L,20080410,1155.00,1163.00,1114.00,1010.96,2637300,0
WTB.L,20080409,1160.00,1173.00,1144.00,1030.64,1929600,0
WTB.L,20080408,1168.00,1175.00,1150.00,1038.69,1682000,0
WTB.L,20080407,1169.00,1181.00,1164.00,1044.95,1339600,0
WTB.L,20080404,1160.00,1175.00,1155.00,1044.06,1621500,0
WTB.L,20080403,1200.00,1219.00,1158.00,1036.90,1905200,0
WTB.L,20080402,1200.00,1223.00,1197.00,1082.53,2011700,0
WTB.L,20080401,1160.00,1201.00,1160.00,1073.58,2994200,0
WTB.L,20080331,1175.00,1175.00,1148.00,1044.06,1013100,0
WTB.L,20080328,1180.00,1193.00,1167.00,1050.32,1237500,0
WTB.L,20080327,1170.00,1203.00,1170.00,1061.06,2335300,0
WTB.L,20080326,1200.00,1200.00,1171.00,1051.22,1596000,0
WTB.L,20080325,1189.00,1216.00,1177.00,1071.79,1980200,0
WTB.L,20080320,1168.00,1180.00,1153.00,1039.59,1516100,0
WTB.L,20080319,1213.00,1213.00,1152.00,1050.32,3172600,0
WTB.L,20080318,1204.00,1207.00,1180.00,1070.90,2106000,0
WTB.L,20080314,1214.00,1231.00,1180.00,1063.74,918400,0
WTB.L,20080313,1216.00,1230.00,1198.00,1082.53,1143600,0
WTB.L,20080312,1260.00,1260.00,1231.00,1110.26,1479800,0
WTB.L,20080311,1242.00,1262.00,1225.00,1108.47,1142700,0
WTB.L,20080310,1239.00,1251.00,1210.00,1104.90,1144100,0
WTB.L,20080307,1251.00,1263.00,1227.00,1117.42,1013100,0
WTB.L,20080306,1305.00,1305.00,1253.00,1126.37,814100,0
WTB.L,20080305,1282.00,1306.00,1269.00,1160.36,899100,0
WTB.L,20080304,1272.00,1294.00,1252.00,1131.73,984400,0
WTB.L,20080303,1242.00,1284.00,1241.00,1141.58,1431600,0
WTB.L,20080229,1300.00,1315.00,1258.00,1132.63,2490600,0
WTB.L,20080228,1249.00,1328.00,1249.00,1173.78,4320600,0
WTB.L,20080227,1242.00,1260.00,1218.00,1096.84,1888700,0
WTB.L,20080226,1236.00,1252.00,1215.00,1112.05,717200,0
WTB.L,20080225,1205.00,1240.00,1205.00,1105.79,877100,0
WTB.L,20080222,1249.00,1250.00,1194.00,1072.69,1839700,0
WTB.L,20080221,1265.00,1265.00,1240.00,1120.10,635900,0
WTB.L,20080220,1246.00,1261.00,1236.00,1116.53,816200,0
WTB.L,20080219,1230.00,1297.00,1218.00,1132.63,1941700,0
WTB.L,20080218,1225.00,1245.00,1211.00,1108.47,975400,0
WTB.L,20080215,1235.00,1251.00,1195.00,1084.32,1645900,0
WTB.L,20080214,1255.00,1264.00,1240.00,1114.74,1380900,0
WTB.L,20080213,1234.00,1266.00,1214.00,1117.42,923900,0
WTB.L,20080212,1247.00,1250.00,1216.00,1116.53,1865800,0
WTB.L,20080211,1240.00,1250.00,1216.00,1100.42,1440100,0
WTB.L,20080208,1285.00,1294.00,1229.00,1114.74,1638700,0
WTB.L,20080207,1281.00,1298.00,1254.00,1142.47,1619700,0
WTB.L,20080206,1249.00,1304.00,1249.00,1157.68,2157700,0
WTB.L,20080205,1322.00,1323.00,1256.00,1133.52,2035500,0
WTB.L,20080204,1354.00,1371.00,1328.00,1188.99,1218700,0
WTB.L,20080201,1369.00,1390.00,1334.00,1205.99,2126100,0
WTB.L,20080131,1326.00,1365.00,1290.00,1216.73,3024800,0
WTB.L,20080130,1291.00,1338.00,1276.00,1188.99,2761500,0
WTB.L,20080129,1275.00,1297.00,1262.00,1157.68,1372200,0
WTB.L,20080128,1236.00,1262.00,1223.00,1124.58,2206600,0
WTB.L,20080125,1272.00,1281.00,1226.00,1105.79,2122300,0
WTB.L,20080124,1235.00,1270.00,1215.00,1116.53,2520600,0
WTB.L,20080123,1192.00,1214.00,1146.00,1076.27,2743000,0
WTB.L,20080122,1091.00,1188.00,1056.00,1054.79,2462300,0
WTB.L,20080121,1131.00,1150.00,1100.00,1002.01,2643400,0
WTB.L,20080118,1152.00,1187.00,1126.00,1029.74,2836700,0
WTB.L,20080117,1101.00,1153.00,1101.00,1025.27,3036200,0
WTB.L,20080116,1095.00,1115.00,1054.00,980.54,2610200,0
WTB.L,20080115,1140.00,1155.00,1103.00,987.70,2456000,0
WTB.L,20080114,1090.00,1160.00,1090.00,1028.85,2300600,0
WTB.L,20080111,1079.00,1119.00,1038.00,993.06,5047800,0
WTB.L,20080110,1130.00,1145.00,1077.00,968.01,2732600,0
WTB.L,20080109,1180.00,1180.00,1127.00,1010.06,2669900,0
WTB.L,20080108,1192.00,1224.00,1180.00,1065.53,2811500,0
WTB.L,20080107,1234.00,1245.00,1172.00,1052.11,2092000,0
WTB.L,20080104,1274.00,1283.00,1223.00,1100.42,2085700,0
WTB.L,20080103,1347.00,1356.00,1268.00,1151.42,2435600,0
WTB.L,20080102,1389.00,1397.00,1347.00,1207.78,938400,0
WTB.L,20071231,1369.00,1405.00,1354.00,1252.51,471300,0
WTB.L,20071228,1370.00,1377.00,1361.00,1229.25,649500,0
WTB.L,20071227,1365.00,1384.00,1357.00,1230.15,777900,0
WTB.L,20071224,1362.00,1367.00,1348.00,1205.99,94900,0
WTB.L,20071221,1346.00,1371.00,1346.00,1216.73,1744300,0
WTB.L,20071220,1342.00,1356.00,1333.00,1197.94,906300,0
WTB.L,20071219,1365.00,1375.00,1337.00,1199.73,1407800,0
WTB.L,20071218,1333.00,1368.00,1329.00,1214.94,1740400,0
WTB.L,20071217,1340.00,1344.00,1324.00,1195.26,2359800,0
WTB.L,20071214,1397.00,1407.00,1341.00,1212.25,2150700,0
WTB.L,20071213,1402.00,1425.00,1383.00,1248.93,2181500,0
WTB.L,20071212,1422.00,1438.00,1394.00,1275.77,1709200,0
WTB.L,20071211,1424.00,1466.00,1402.00,1282.93,2618400,0
WTB.L,20071210,1402.00,1435.00,1402.00,1273.98,1434900,0
WTB.L,20071207,1394.00,1422.00,1389.00,1265.93,1403200,0
WTB.L,20071206,1410.00,1416.00,1373.00,1243.57,2039800,0
WTB.L,20071205,1359.00,1414.00,1359.00,1263.25,1646200,0
WTB.L,20071204,1405.00,1405.00,1351.00,1213.15,2152200,0
WTB.L,20071203,1430.00,1431.00,1394.00,1252.51,1837200,0
WTB.L,20071130,1464.00,1474.00,1426.00,1289.19,1509400,0
WTB.L,20071129,1475.00,1475.00,1430.00,1308.88,1552600,0
WTB.L,20071128,1409.00,1456.00,1399.00,1301.72,1950400,0
WTB.L,20071127,1409.00,1418.00,1379.00,1247.14,1918900,0
WTB.L,20071126,1450.00,1460.00,1407.00,1263.25,1348800,0
WTB.L,20071123,1398.00,1445.00,1373.00,1280.25,2528700,0
WTB.L,20071122,1430.00,1430.00,1386.00,1255.20,1406700,0
WTB.L,20071121,1446.00,1448.00,1392.00,1260.56,2182800,0
WTB.L,20071120,1467.00,1480.00,1428.00,1309.77,2806100,0
WTB.L,20071119,1510.00,1556.00,1434.00,1307.09,2486900,0
WTB.L,20071116,1533.00,1540.00,1500.00,1355.40,2562000,0
WTB.L,20071115,1589.00,1604.00,1522.00,1372.40,2836600,0
WTB.L,20071114,1607.00,1637.00,1597.00,1435.92,1784400,0
WTB.L,20071113,1591.00,1607.00,1580.00,1431.44,1151900,0
WTB.L,20071112,1593.00,1625.00,1590.00,1438.60,1052100,0
WTB.L,20071109,1646.00,1647.00,1594.00,1438.60,1325000,0
WTB.L,20071108,1621.00,1658.00,1592.00,1461.86,1497100,0
WTB.L,20071107,1674.00,1677.00,1611.00,1457.39,1369600,0
WTB.L,20071106,1691.00,1692.00,1649.00,1485.12,1400900,0
WTB.L,20071105,1688.00,1688.00,1658.00,1495.86,1408200,0
WTB.L,20071102,1718.00,1719.00,1677.00,1521.80,2154500,0
WTB.L,20071101,1763.00,1776.00,1714.00,1541.49,1106000,0
WTB.L,20071031,1746.00,1771.00,1733.00,1584.43,1265200,0
WTB.L,20071030,1762.00,1765.00,1737.00,1560.27,1298300,0
WTB.L,20071029,1751.00,1760.00,1728.00,1574.59,1320600,0
WTB.L,20071026,1737.00,1739.00,1704.00,1547.75,1186000,0
WTB.L,20071025,1706.00,1739.00,1700.00,1545.06,1710700,0
WTB.L,20071024,1722.00,1727.00,1691.00,1518.22,1048700,0
WTB.L,20071023,1733.00,1752.00,1717.00,1540.59,1542300,0
WTB.L,20071022,1715.00,1717.00,1673.00,1528.07,2996100,0
WTB.L,20071019,1730.00,1762.00,1728.00,1552.22,2383300,0
WTB.L,20071018,1780.00,1789.00,1722.00,1547.75,2228400,0
WTB.L,20071017,1714.00,1771.00,1695.00,1572.80,3094300,0
WTB.L,20071016,1720.00,1720.00,1651.00,1528.07,5005000,0
WTB.L,20071015,1774.00,1791.00,1721.00,1543.27,2951900,0
WTB.L,20071012,1768.00,1784.00,1742.00,1587.11,1762400,0
WTB.L,20071011,1750.00,1773.00,1732.00,1579.06,1207500,0
WTB.L,20071010,1732.00,1755.00,1720.00,1562.06,2982400,0
WTB.L,20071009,1694.00,1747.00,1694.00,1551.33,3345500,0
WTB.L,20071008,1699.00,1715.00,1689.00,1511.07,1661000,0
WTB.L,20071005,1693.00,1709.00,1676.00,1522.70,1391800,0
WTB.L,20071004,1678.00,1702.00,1662.00,1516.44,2222800,0
WTB.L,20071003,1647.00,1684.00,1629.00,1501.23,1462200,0
WTB.L,20071002,1645.00,1656.00,1631.00,1477.07,1950000,0
WTB.L,20071001,1609.00,1650.00,1609.00,1470.81,1013900,0
WTB.L,20070928,1610.00,1641.00,1602.00,1451.13,1675900,0
WTB.L,20070927,1624.00,1640.00,1599.00,1460.07,1715300,0
WTB.L,20070926,1600.00,1619.00,1594.00,1435.02,1997900,0
WTB.L,20070925,1623.00,1628.00,1581.00,1421.60,3585800,0
WTB.L,20070924,1612.00,1649.00,1612.00,1460.97,2232300,0
WTB.L,20070921,1608.00,1634.00,1600.00,1452.91,4190300,0
WTB.L,20070920,1612.00,1625.00,1602.00,1441.28,1692900,0
WTB.L,20070919,1619.00,1635.00,1604.00,1443.07,3365700,0
WTB.L,20070918,1531.00,1595.00,1527.00,1412.66,3377200,0
WTB.L,20070917,1605.00,1605.00,1530.00,1377.76,4019800,0
WTB.L,20070914,1631.00,1638.00,1587.00,1435.02,3266000,0
WTB.L,20070913,1610.00,1647.00,1610.00,1467.23,2089500,0
WTB.L,20070912,1610.00,1626.00,1606.00,1442.18,817900,0
WTB.L,20070911,1614.00,1624.00,1594.00,1451.13,1753900,0
WTB.L,20070910,1610.00,1610.00,1583.00,1423.39,3408000,0
WTB.L,20070907,1634.00,1638.00,1590.00,1427.86,1820100,0
WTB.L,20070906,1638.00,1642.00,1608.00,1457.39,2069400,0
WTB.L,20070905,1648.00,1653.00,1620.00,1454.70,2155600,0
WTB.L,20070904,1658.00,1660.00,1641.00,1480.65,2255300,0
WTB.L,20070903,1645.00,1660.00,1644.00,1479.75,1469600,0
WTB.L,20070831,1639.00,1649.00,1611.00,1469.91,4079700,0
WTB.L,20070830,1621.00,1635.00,1606.00,1450.23,5194700,0
WTB.L,20070829,1559.00,1620.00,1553.00,1442.18,4413000,0
WTB.L,20070828,1566.00,1614.00,1550.00,1393.87,1933500,0
WTB.L,20070824,1570.00,1590.00,1555.00,1409.08,3627600,0
WTB.L,20070823,1550.00,1586.00,1545.00,1404.60,3245200,0
WTB.L,20070822,1495.00,1560.00,1495.00,1386.71,4195000,0
WTB.L,20070821,1501.00,1509.00,1472.00,1325.87,3302900,0
WTB.L,20070820,1448.00,1501.00,1448.00,1319.61,2102300,0
WTB.L,20070817,1418.00,1484.00,1351.00,1299.03,6377700,0
WTB.L,20070816,1499.00,1522.00,1441.00,1294.56,3631400,0
WTB.L,20070815,1504.00,1545.00,1504.00,1375.97,2316600,0
WTB.L,20070813,1501.00,1545.00,1497.00,1377.76,3672200,0
WTB.L,20070810,1542.00,1542.00,1455.00,1325.87,4505900,0
WTB.L,20070809,1556.00,1574.00,1528.00,1390.29,5896200,0
WTB.L,20070808,1552.00,1575.00,1536.00,1401.92,4606200,0
WTB.L,20070807,1530.00,1555.00,1524.00,1374.19,3516800,0
WTB.L,20070806,1510.00,1547.00,1510.00,1362.56,3736000,0
WTB.L,20070803,1596.00,1612.00,1525.00,1373.29,5433000,0
WTB.L,20070802,1661.00,1661.00,1566.00,1420.71,8217300,0
WTB.L,20070801,1631.00,1686.00,1614.00,1478.86,4937200,0
WTB.L,20070731,1647.00,1675.00,1643.00,1498.54,2866600,0
WTB.L,20070730,1635.00,1680.00,1630.00,1462.76,2086000,0
WTB.L,20070727,1660.00,1671.00,1606.00,1468.12,5468800,0
WTB.L,20070726,1762.00,1765.00,1647.00,1498.54,7900400,0
WTB.L,20070725,1805.00,1815.00,1728.00,1565.64,4754000,0
WTB.L,20070724,1855.00,1869.00,1809.00,1623.79,3223200,0
WTB.L,20070723,1845.00,1870.00,1841.00,1671.21,2200600,0
WTB.L,20070720,1892.00,1896.00,1849.00,1659.58,1467000,0
WTB.L,20070719,1885.00,1946.00,1875.00,1689.10,4842300,0
WTB.L,20070718,1872.00,1894.00,1872.00,1678.37,2054000,0
WTB.L,20070717,1900.00,1910.00,1875.00,1695.37,2149100,0
WTB.L,20070716,1894.00,1910.00,1861.00,1706.10,2656600,0
WTB.L,20070713,1908.00,1924.00,1890.00,1694.47,4515500,0
WTB.L,20070712,1949.00,1949.00,1875.00,1698.05,8428100,0
WTB.L,20070711,1810.00,1968.00,1808.00,1740.99,17985300,0
WTB.L,20070710,1834.00,1848.00,1812.00,1626.48,2724300,0
WTB.L,20070709,1818.00,1845.00,1816.00,1642.58,2365700,0
WTB.L,20070706,1795.00,1817.00,1792.00,1624.69,3010700,0
WTB.L,20070705,1818.00,1818.00,1789.00,1608.58,3162000,0
WTB.L,20070704,1785.00,1876.00,1785.00,1614.85,6092200,0
WTB.L,20070703,1754.00,1760.00,1746.00,1568.32,3650900,0
WTB.L,20070702,1770.00,1776.00,1734.00,1554.91,1830100,0
WTB.L,20070629,1780.00,1789.00,1744.00,1582.64,1371400,0
WTB.L,20070628,1760.00,1800.00,1759.00,1583.53,4978700,0
WTB.L,20070627,1704.00,1746.00,1698.00,1555.80,4120500,0
WTB.L,20070626,1724.00,1726.00,1705.00,1526.28,2072700,0
WTB.L,20070625,1722.00,1736.00,1712.00,1541.49,1140800,0
WTB.L,20070622,1740.00,1750.00,1721.00,1554.91,2847500,0
WTB.L,20070621,1772.00,1772.00,1703.00,1545.06,3459300,0
WTB.L,20070620,1785.00,1794.00,1765.00,1588.01,4101700,0
WTB.L,20070619,1810.00,1830.00,1773.00,1587.11,3045500,0
WTB.L,20070618,1830.00,1845.00,1803.00,1628.27,811700,0
WTB.L,20070615,1836.00,1850.00,1823.00,1644.37,1514200,0
WTB.L,20070614,1803.00,1823.00,1791.00,1623.79,2947600,0
WTB.L,20070613,1777.00,1797.00,1760.00,1598.74,1108300,0
WTB.L,20070612,1780.00,1805.00,1768.00,1585.32,1192100,0
WTB.L,20070611,1777.00,1794.00,1761.00,1600.53,2079200,0
WTB.L,20070608,1767.00,1783.00,1740.00,1569.22,4325600,0
WTB.L,20070607,1844.00,1844.00,1778.00,1596.95,2751100,0
WTB.L,20070606,1885.00,1885.00,1817.00,1631.85,2157100,0
WTB.L,20070605,1883.00,1895.00,1872.00,1679.26,1412500,0
WTB.L,20070604,1903.00,1914.00,1883.00,1690.89,1174000,0
WTB.L,20070531,1918.00,1918.00,1887.00,1694.47,1929700,0
WTB.L,20070530,1880.00,1895.00,1868.00,1695.37,695900,0
WTB.L,20070529,1879.00,1891.00,1876.00,1684.63,535300,0
WTB.L,20070525,1885.00,1889.00,1871.00,1681.05,2090200,0
WTB.L,20070524,1895.00,1896.00,1882.00,1683.74,1424800,0
WTB.L,20070523,1901.00,1914.00,1898.00,1698.94,2117000,0
WTB.L,20070522,1925.00,1925.00,1907.00,1707.89,2563000,0
WTB.L,20070521,1908.00,1924.00,1908.00,1714.15,1930000,0
WTB.L,20070518,1908.00,1921.00,1888.00,1711.47,1878000,0
WTB.L,20070517,1914.00,1921.00,1891.00,1697.15,1218100,0
WTB.L,20070516,1890.00,1917.00,1890.00,1707.00,4205200,0
WTB.L,20070515,1905.00,1912.00,1893.00,1704.31,1566900,0
WTB.L,20070514,1890.00,1915.00,1885.00,1694.47,1338900,0
WTB.L,20070511,1866.00,1886.00,1858.00,1685.52,1241700,0
WTB.L,20070510,1884.00,1896.00,1877.00,1690.00,1814200,0
WTB.L,20070509,1873.00,1890.00,1865.00,1676.58,2173600,0
WTB.L,20070508,1878.00,1895.00,1863.00,1679.26,637800,0
WTB.L,20070504,1870.00,1900.00,1870.00,1696.26,588600,0
WTB.L,20070503,1877.00,1886.00,1848.00,1680.16,2287700,0
WTB.L,20070502,1868.00,1891.00,1863.00,1686.42,1260600,0
WTB.L,20070501,1883.00,1892.00,1877.00,1685.52,734100,0
WTB.L,20070430,1889.00,1904.00,1870.00,1693.58,1360500,0
WTB.L,20070427,1898.00,1898.00,1879.00,1683.74,1092500,0
WTB.L,20070426,1933.00,1933.00,1882.00,1690.00,2529200,0
WTB.L,20070424,1940.00,1947.00,1881.00,1690.00,4836000,0
WTB.L,20070423,1898.00,1915.00,1898.00,1701.63,1552200,0
WTB.L,20070420,1896.00,1911.00,1887.00,1699.84,1467300,0
WTB.L,20070419,1892.00,1894.00,1871.00,1694.47,1054600,0
WTB.L,20070418,1909.00,1915.00,1889.00,1698.94,1825500,0
WTB.L,20070417,1908.00,1927.00,1895.00,1706.10,1497100,0
WTB.L,20070416,1906.00,1926.00,1898.00,1717.73,1226000,0
WTB.L,20070413,1912.00,1928.00,1900.00,1706.10,947400,0
WTB.L,20070412,1900.00,1914.00,1883.00,1702.52,1213500,0
WTB.L,20070411,1906.00,1929.00,1901.00,1712.36,1218000,0
WTB.L,20070410,1904.00,1924.00,1900.00,1717.73,1052700,0
WTB.L,20070405,1885.00,1910.00,1885.00,1707.89,2434700,0
WTB.L,20070404,1909.00,1921.00,1892.00,1695.37,1465400,0
WTB.L,20070403,1920.00,1924.00,1900.00,1707.89,1616400,0
WTB.L,20070402,1885.00,1917.00,1879.00,1713.26,1980200,0
WTB.L,20070330,1887.00,1894.00,1866.00,1688.21,2075200,0
WTB.L,20070329,1899.00,1899.00,1865.00,1681.95,1934000,0
WTB.L,20070328,1876.00,1898.00,1862.00,1683.74,2602300,0
WTB.L,20070327,1900.00,1917.00,1878.00,1693.58,1257600,0
WTB.L,20070326,1955.00,1958.00,1880.00,1689.10,2917700,0
WTB.L,20070323,1887.00,1950.00,1887.00,1732.94,2584200,0
WTB.L,20070322,1899.00,1902.00,1879.00,1698.05,2271300,0
WTB.L,20070321,1932.00,1932.00,1857.00,1667.63,7081900,0
WTB.L,20070320,1750.00,1965.00,1742.00,1730.26,14029300,0
WTB.L,20070319,1708.00,1749.00,1708.00,1557.59,4170000,0
WTB.L,20070316,1664.00,1698.00,1661.00,1517.33,3453400,0
WTB.L,20070315,1674.00,1676.00,1647.00,1499.44,5353000,0
WTB.L,20070314,1639.00,1659.00,1628.00,1467.23,3748000,0
WTB.L,20070313,1702.00,1705.00,1671.00,1495.86,3369100,0
WTB.L,20070312,1700.00,1710.00,1686.00,1512.86,4529800,0
WTB.L,20070309,1670.00,1690.00,1654.00,1508.38,4422000,0
WTB.L,20070308,1648.00,1679.00,1636.00,1492.28,3812600,0
WTB.L,20070307,1628.00,1654.00,1623.00,1460.97,2237300,0
WTB.L,20070306,1622.00,1638.00,1618.00,1462.76,1658700,0
WTB.L,20070305,1649.00,1717.00,1611.00,1446.65,2242500,0
WTB.L,20070302,1630.00,1661.00,1616.00,1475.28,3382700,0
WTB.L,20070301,1658.00,1680.00,1614.00,1460.07,2526500,0
WTB.L,20070228,1584.00,1699.00,1583.00,1474.39,5370200,0
WTB.L,20070227,1685.00,1689.00,1622.00,1459.18,5428200,0
WTB.L,20070226,1702.00,1717.00,1688.00,1514.65,1388900,0
WTB.L,20070223,1687.00,1719.00,1648.00,1528.07,4027100,0
WTB.L,20070222,1690.00,1691.00,1671.00,1499.44,1093400,0
WTB.L,20070221,1695.00,1698.00,1667.00,1498.54,3881800,0
WTB.L,20070220,1718.00,1726.00,1674.00,1507.49,2838200,0
WTB.L,20070216,1712.00,1716.00,1702.00,1528.07,1270700,0
WTB.L,20070215,1700.00,1714.00,1698.00,1526.28,894100,0
WTB.L,20070214,1699.00,1712.00,1693.00,1520.91,1902300,0
WTB.L,20070213,1698.00,1698.00,1687.00,1517.33,754300,0
WTB.L,20070212,1675.00,1697.00,1667.00,1510.17,940300,0
WTB.L,20070209,1686.00,1700.00,1682.00,1515.54,1007100,0
WTB.L,20070208,1706.00,1706.00,1681.00,1511.96,1223200,0
WTB.L,20070207,1680.00,1696.00,1680.00,1515.54,1988200,0
WTB.L,20070206,1690.00,1705.00,1683.00,1507.49,1205800,0
WTB.L,20070205,1678.00,1707.00,1677.00,1518.22,1849000,0
WTB.L,20070202,1633.00,1700.00,1633.00,1509.28,4892700,0
WTB.L,20070201,1630.00,1643.00,1626.00,1469.02,4042100,0
WTB.L,20070131,1630.00,1634.00,1613.00,1450.23,4363800,0
WTB.L,20070130,1627.00,1632.00,1616.00,1453.81,1002400,0
WTB.L,20070129,1640.00,1640.00,1624.00,1455.60,1092100,0
WTB.L,20070126,1648.00,1651.00,1625.00,1454.70,1959200,0
WTB.L,20070125,1658.00,1672.00,1647.00,1477.97,2542700,0
WTB.L,20070124,1653.00,1678.00,1638.00,1486.02,1749500,0
WTB.L,20070123,1666.00,1666.00,1638.00,1469.91,866900,0
WTB.L,20070122,1649.00,1674.00,1642.00,1483.33,2374900,0
WTB.L,20070119,1631.00,1648.00,1613.00,1469.91,1976900,0
WTB.L,20070118,1630.00,1644.00,1603.00,1453.81,3668800,0
WTB.L,20070117,1654.00,1658.00,1627.00,1457.39,2812700,0
WTB.L,20070116,1667.00,1672.00,1643.00,1476.18,1113100,0
WTB.L,20070115,1685.00,1689.00,1669.00,1494.96,830500,0
WTB.L,20070112,1664.00,1680.00,1663.00,1495.86,1529800,0
WTB.L,20070111,1691.00,1698.00,1652.00,1497.65,4942700,0
WTB.L,20070110,1695.00,1705.00,1685.00,1513.75,1401100,0
WTB.L,20070109,1682.00,1682.00,1682.00,1504.80,000,0
WTB.L,20070108,1682.00,1682.00,1682.00,1504.80,000,0
WTB.L,20070105,1685.00,1698.00,1675.00,1504.80,1314400,0
WTB.L,20070104,1698.00,1711.00,1690.00,1520.91,951300,0
WTB.L,20070103,1695.00,1708.00,1688.00,1522.70,3798800,0
WTB.L,20070102,1695.00,1701.00,1681.00,1511.07,1226700,0
WTB.L,20070101,1675.00,1675.00,1675.00,1498.54,000,0
WTB.L,20061229,1692.00,1692.00,1656.00,1498.54,299700,0
WTB.L,20061228,1690.00,1690.00,1664.00,1494.07,456400,0
WTB.L,20061227,1650.00,1685.00,1650.00,1500.33,876100,0
WTB.L,20061226,1655.00,1655.00,1655.00,1480.65,000,0
WTB.L,20061225,1655.00,1655.00,1655.00,1480.65,000,0
WTB.L,20061222,1642.00,1662.00,1642.00,1480.65,1113400,0
WTB.L,20061221,1656.00,1665.00,1650.00,1479.75,1306700,0
WTB.L,20061220,1650.00,1662.00,1645.00,1477.97,2394500,0
WTB.L,20061219,1660.00,1668.00,1638.00,1475.28,2720700,0
WTB.L,20061218,1671.00,1701.00,1671.00,1497.65,4692500,0
WTB.L,20061215,1644.00,1698.00,1644.00,1510.17,8028300,0
WTB.L,20061214,1664.00,1672.00,1629.00,1473.49,3043300,0
WTB.L,20061213,1610.00,1652.00,1605.00,1477.97,4466400,0
WTB.L,20061212,1605.00,1625.00,1600.00,1437.71,2042400,0
WTB.L,20061211,1625.00,1625.00,1599.00,1431.44,2485100,0
WTB.L,20061208,1592.00,1627.00,1587.00,1444.86,2071800,0
WTB.L,20061207,1586.00,1596.00,1579.00,1422.50,2481000,0
WTB.L,20061206,1586.00,1592.00,1565.00,1416.23,2559000,0
WTB.L,20061205,1575.00,1582.00,1562.00,1414.44,930800,0
WTB.L,20061204,1555.00,1573.00,1555.00,1402.81,6172200,0
WTB.L,20061201,1538.00,1565.00,1536.00,1392.97,4091500,0
WTB.L,20061130,1537.00,1550.00,1535.00,1377.76,3315900,0
WTB.L,20061129,1539.00,1549.00,1535.00,1379.55,3348900,0
WTB.L,20061128,1536.00,1545.00,1525.00,1376.87,2844000,0
WTB.L,20061127,1554.00,1554.00,1540.00,1377.76,1657700,0
WTB.L,20061124,1535.00,1556.00,1532.00,1384.03,3865600,0
WTB.L,20061123,1541.00,1550.00,1526.00,1382.24,2044000,0
WTB.L,20061122,1555.00,1555.00,1520.00,1367.92,3101600,0
WTB.L,20061121,1498.00,1543.00,1497.00,1380.45,3856200,0
WTB.L,20061120,1488.00,1494.00,1472.00,1335.72,3231100,0
WTB.L,20061117,1481.00,1497.00,1468.00,1326.77,2429700,0
WTB.L,20061116,1480.00,1489.00,1467.00,1331.24,1829100,0
WTB.L,20061115,1471.00,1487.00,1470.00,1318.72,2129100,0
WTB.L,20061114,1492.00,1494.00,1466.00,1316.93,2104400,0
WTB.L,20061113,1486.00,1496.00,1468.00,1328.56,1776800,0
WTB.L,20061110,1483.00,1497.00,1467.00,1336.61,4200600,0
WTB.L,20061109,1496.00,1496.00,1471.00,1323.19,2086200,0
WTB.L,20061108,1479.00,1490.00,1461.00,1333.03,1811500,0
WTB.L,20061107,1461.00,1489.00,1441.00,1324.08,3147900,0
WTB.L,20061106,1436.00,1467.00,1420.00,1300.82,6133000,0
WTB.L,20061103,1448.00,1448.00,1415.00,1269.51,2434900,0
WTB.L,20061102,1425.00,1450.00,1416.00,1287.40,6110700,0
WTB.L,20061101,1402.00,1433.00,1394.00,1273.09,3838300,0
WTB.L,20061031,1388.00,1406.00,1385.00,1253.41,4659400,0
WTB.L,20061030,1411.00,1415.00,1376.00,1241.78,16841500,0
WTB.L,20061027,1433.00,1450.00,1405.00,1273.09,3660500,0
WTB.L,20061026,1432.00,1445.00,1422.00,1285.61,4811000,0
WTB.L,20061025,1414.00,1445.00,1396.00,1271.30,7364400,0
WTB.L,20061024,1336.00,1423.00,1325.00,1256.99,8631300,0
WTB.L,20061023,1375.00,1385.00,1350.00,1208.67,3537300,0
WTB.L,20061020,1359.00,1370.00,1344.00,1225.67,1915000,0
WTB.L,20061019,1332.00,1352.00,1322.00,1203.31,1157600,0
WTB.L,20061018,1320.00,1343.00,1320.00,1191.68,1531500,0
WTB.L,20061017,1329.00,1331.00,1316.00,1180.05,1550000,0
WTB.L,20061016,1339.00,1342.00,1323.00,1185.41,870000,0
WTB.L,20061013,1350.00,1355.00,1329.00,1193.47,1841500,0
WTB.L,20061012,1343.00,1347.00,1318.00,1200.62,1498200,0
WTB.L,20061011,1291.00,1350.00,1291.00,1197.94,2413100,0
WTB.L,20061010,1312.00,1312.00,1299.00,1163.05,2879500,0
WTB.L,20061009,1295.00,1305.00,1285.00,1164.84,2084900,0
WTB.L,20061006,1301.00,1307.00,1298.00,1164.84,3094100,0
WTB.L,20061005,1319.00,1327.00,1300.00,1168.42,1076100,0
WTB.L,20061004,1299.00,1308.00,1290.00,1167.52,1427700,0
WTB.L,20061003,1283.00,1299.00,1283.00,1162.15,851100,0
WTB.L,20061002,1319.00,1324.00,1278.00,1157.68,1600900,0
WTB.L,20060929,1315.00,1315.00,1294.00,1158.57,776400,0
WTB.L,20060928,1306.00,1317.00,1302.00,1171.99,1674800,0
WTB.L,20060927,1298.00,1310.00,1296.00,1163.05,876200,0
WTB.L,20060926,1311.00,1313.00,1296.00,1162.15,878400,0
WTB.L,20060925,1297.00,1303.00,1289.00,1162.15,786700,0
WTB.L,20060922,1294.00,1305.00,1285.00,1155.89,976300,0
WTB.L,20060921,1292.00,1300.00,1286.00,1160.36,1208400,0
WTB.L,20060920,1286.00,1292.00,1275.00,1155.00,699700,0
WTB.L,20060919,1291.00,1291.00,1275.00,1145.15,1216700,0
WTB.L,20060918,1294.00,1296.00,1283.00,1152.31,1827900,0
WTB.L,20060915,1304.00,1304.00,1285.00,1154.10,2165500,0
WTB.L,20060914,1301.00,1315.00,1295.00,1167.52,646400,0
WTB.L,20060913,1302.00,1311.00,1294.00,1167.52,1357000,0
WTB.L,20060912,1286.00,1296.00,1277.00,1158.57,1007100,0
WTB.L,20060911,1276.00,1294.00,1276.00,1155.00,1973800,0
WTB.L,20060908,1272.00,1308.00,1272.00,1151.42,4252300,0
WTB.L,20060907,1266.00,1279.00,1266.00,1141.58,2038000,0
WTB.L,20060906,1249.00,1282.00,1249.00,1143.37,3455900,0
WTB.L,20060905,1245.00,1257.00,1233.00,1123.68,1694100,0
WTB.L,20060904,1235.00,1257.00,1226.00,1117.42,2212800,0
WTB.L,20060901,1225.00,1230.00,1215.00,1098.63,1019100,0
WTB.L,20060831,1226.00,1230.00,1215.00,1095.05,1831000,0
WTB.L,20060830,1222.00,1230.00,1211.00,1087.90,1787700,0
WTB.L,20060829,1226.00,1240.00,1209.00,1085.21,1811900,0
WTB.L,20060828,1230.00,1230.00,1230.00,1100.42,000,0
WTB.L,20060825,1225.00,1233.00,1225.00,1100.42,822400,0
WTB.L,20060824,1225.00,1232.00,1217.00,1099.53,574500,0
WTB.L,20060823,1223.00,1228.00,1219.00,1094.16,517000,0
WTB.L,20060822,1236.00,1239.00,1223.00,1098.63,1008500,0
WTB.L,20060821,1223.00,1245.00,1223.00,1106.68,1685700,0
WTB.L,20060818,1233.00,1238.00,1223.00,1100.42,1668700,0
WTB.L,20060817,1199.00,1236.00,1189.00,1104.00,3056600,0
WTB.L,20060816,1193.00,1196.00,1181.00,1068.21,1806200,0
WTB.L,20060815,1179.00,1194.00,1178.00,1059.27,1669400,0
WTB.L,20060814,1211.00,1211.00,1178.00,1061.95,1632500,0
WTB.L,20060811,1196.00,1203.00,1190.00,1069.11,1588900,0
WTB.L,20060810,1215.00,1219.00,1187.00,1070.00,2677400,0
WTB.L,20060809,1221.00,1244.00,1220.00,1104.00,1715000,0
WTB.L,20060808,1220.00,1232.00,1217.00,1095.95,1313100,0
WTB.L,20060807,1203.00,1231.00,1203.00,1091.48,1056600,0
WTB.L,20060804,1226.00,1226.00,1213.00,1091.48,1323700,0
WTB.L,20060803,1230.00,1230.00,1230.00,1100.42,000,0
WTB.L,20060802,1230.00,1249.00,1226.00,1100.42,1031000,0
WTB.L,20060801,1246.00,1253.00,1226.00,1102.21,2168900,0
WTB.L,20060731,1251.00,1251.00,1228.00,1108.47,1573900,0
WTB.L,20060728,1247.00,1250.00,1225.00,1112.95,696100,0
WTB.L,20060727,1245.00,1263.00,1233.00,1113.84,1391800,0
WTB.L,20060726,1246.00,1262.00,1233.00,1104.90,969400,0
WTB.L,20060725,1258.00,1258.00,1240.00,1114.74,1162100,0
WTB.L,20060724,1203.00,1290.00,1203.00,1112.95,5158300,0
WTB.L,20060721,1153.00,1175.00,1153.00,1048.53,1495800,0
WTB.L,20060720,1173.00,1173.00,1152.00,1038.69,643800,0
WTB.L,20060719,1147.00,1171.00,1133.00,1044.06,1353700,0
WTB.L,20060718,1144.00,1156.00,1135.00,1016.32,1104000,0
WTB.L,20060717,1174.00,1174.00,1147.00,1031.53,926800,0
WTB.L,20060714,1157.00,1208.00,1157.00,1038.69,1227600,0
WTB.L,20060713,1178.00,1187.00,1172.00,1054.79,1367700,0
WTB.L,20060712,1185.00,1190.00,1171.00,1062.85,1631500,0
WTB.L,20060711,1181.00,1200.00,1171.00,1051.22,3157600,0
WTB.L,20060710,1169.00,1190.00,1169.00,1064.64,911400,0
WTB.L,20060707,1160.00,1178.00,1160.00,1052.11,1555900,0
WTB.L,20060706,1160.00,1171.00,1160.00,1043.16,502000,0
WTB.L,20060705,1165.00,1182.00,1164.00,1042.27,1131300,0
WTB.L,20060704,1164.00,1171.00,1161.00,1044.95,941800,0
WTB.L,20060703,1158.00,1173.00,1158.00,1047.64,1422900,0
WTB.L,20060630,1188.00,1188.00,1160.00,1043.16,1707400,0
WTB.L,20060629,1174.00,1175.00,1162.00,1044.06,4046200,0
WTB.L,20060628,1155.00,1170.00,1143.00,1037.80,3381800,0
WTB.L,20060627,1170.00,1170.00,1135.72,1031.53,3498300,0
WTB.L,20060626,1145.00,1182.75,1140.10,1034.22,2199100,0
